"1","2","3","4","5","6","7","8","9","10","11","12","13","14","15","16","17","18","19","20","21","22","23","24","25","26","27","28","29","30","31","32","33","34","35","36","37","38","39","40","41","42","43","44","45","46","47","48","49","50","51","52","53","54","55","56","57","58","59","60","61","62","63","64","65","66","67","68","69","70","71","72","73","74","75","76","77","78","79","80","81","82","83","84","85","86","87","88","89","90","91","92","93","94","95","96","97","98","99","100","101","102","103","104","105","106","107","108","109","110","111","112","113","114","115","116","117","118","119","120","121","122","123","124","125","126","127","128","129","130","131","132","133","134","135","136","137","138","139","140","141","142","143","144","145","146","147","148","149","150","151","152","153","154","155","156","157","158","159","160","161","162","163","164","165","166","167","168","169","170","171","172","173","174","175","176","177","178","179","180","181","182","183","184","185","186","187","188","189","190","191","192","193","194","195","196","197","198","199","200","201","202","203","204","205","206","207","208","209","210","211","212","213","214","215","216","217","218","219","220","221","222","223","224","225","226","227","228","229","230","231","232","233","234","235","236","237","238","239","240","241","242","243","244","245","246","247","248","249","250","251","252","253","254","255","256","257","258","259","260","261","262","263","264","265","266","267","268","269","270","271","272","273","274","275","276","277","278","279","280","281","282","283","284","285","286","287","288","289","290","291","292","293","294","295","296","297","298","299","300","301","302","303","304","305","306","307","308","309","310","311","312","313","314","315","316","317","318","319","320","321","322","323","324","325","326","327","328","329","330","331","332","333","334","335","336","337","338","339","340","341","342","343","344","345","346","347","348","349","350","351","352","353","354","355","356","357","358","359","360","361","362","363","364","365","366","367","368","369","370","371","372","373","374","375","376","377","378","379","380","381","382","383","384","385","386","387","388","389","390","391","392","393","394","395","396","397","398","399","400","401","402","403","404","405","406","407","408","409","410","411","412","413","414","415","416","417","418","419","420","421","422","423","424","425","426","427","428","429","430","431","432","433","434","435","436","437","438","439","440","441","442","443","444","445","446","447","448","449","450","451","452","453","454","455","456","457","458","459","460","461","462","463","464","465","466","467","468","469","470","471","472","473","474","475","476","477","478","479","480","481","482","483","484","485","486","487","488","489","490","491","492","493","494","495","496","497","498","499","500","501","502","503","504","505","506","507","508","509","510","511","512","513","514","515","516","517","518","519","520","521","522","523","524","525","526","527","528","529","530","531","532","533","534","535","536","537","538","539","540","541","542","543","544","545","546","547","548","549","550","551","552","553","554","555","556","557","558","559","560","561","562","563","564","565","566","567","568","569","570","571","572","573","574","575","576","577","578","579","580","581","582","583","584","585","586","587","588","589","590","591","592","593","594","595","596","597","598","599","600","601","602","603","604","605","606","607","608","609","610","611","612","613","614","615","616","617","618","619","620","621","622","623","624","625","626","627","628","629","630","631","632","633","634","635","636","637","638","639","640","641","642","643","644","645","646","647","648","649","650","651","652","653","654","655","656","657","658","659","660","661","662","663","664","665","666","667","668","669","670","671","672","673","674","675","676","677","678","679","680","681","682","683","684","685","686","687","688","689","690","691","692","693","694","695","696","697","698","699","700","701","702","703","704","705","706","707","708","709","710","711","712","713","714","715","716","717","718","719","720","721","722","723","724","725","726","727","728","729","730","731","732","733","734","735","736","737","738","739","740","741","742","743","744","745","746","747","748","749","750","751","752","753","754","755","756","757","758","759","760","761","762","763","764","765","766","767","768","769","770","771","772","773","774","775","776","777","778","779","780","781","782","783","784","785","786","787","788","789","790","791","792","793","794","795","796","797","798","799","800","801","802","803","804","805","806","807","808","809","810","811","812","813","814","815","816","817","818","819","820","821","822","823","824","825","826","827","828","829","830","831","832","833","834","835","836","837","838","839","840","841","842","843","844","845","846","847","848","849","850","851","852","853","854","855","856","857","858","859","860","861","862","863","864","865","866","867","868","869","870","871","872","873","874","875","876","877","878","879","880","881","882","883","884","885","886","887","888","889","890","891","892","893","894","895","896","897","898","899","900","901","902","903","904","905","906","907","908","909","910","911","912","913","914","915","916","917","918","919","920","921","922","923","924","925","926","927","928","929","930","931","932","933","934","935","936","937","938","939","940","941","942","943","944","945","946","947","948","949","950","951","952","953","954","955","956","957","958","959","960","961","962","963","964","965","966","967","968","969","970","971","972","973","974","975","976","977","978","979","980","981","982","983","984","985","986","987","988","989","990","991","992","993","994","995","996","997","998","999","1000","u","upper","lower"
1,1,5,2,3,4,6,3,3,2,4,3,2,2,3,3,4,4,6,2,4,5,3,3,2,2,4,4,3,4,3,1,2,3,3,4,0,4,2,5,3,3,3,0,1,2,2,3,6,2,4,5,3,5,2,4,3,3,4,4,2,3,3,2,1,4,0,3,2,2,4,3,1,3,6,2,2,4,2,3,4,2,1,1,1,1,2,3,7,4,5,3,3,3,2,1,2,7,2,0,2,4,4,3,2,2,3,3,1,3,4,3,2,4,3,0,1,3,2,1,3,2,1,7,3,1,1,2,2,1,4,1,0,2,3,2,4,5,2,2,3,5,1,3,2,3,2,4,2,4,4,2,3,4,1,4,1,3,5,1,5,1,5,1,4,0,2,5,5,4,1,3,4,4,5,5,2,3,4,2,3,3,3,0,7,0,3,4,6,4,1,4,2,4,1,1,0,2,5,4,1,2,4,3,1,2,4,2,3,4,2,5,5,2,4,4,3,2,2,2,6,1,5,2,1,0,4,5,4,4,2,3,2,4,5,3,5,1,2,5,4,2,3,4,2,1,2,4,5,1,3,3,2,4,1,7,4,8,3,2,4,1,1,6,3,1,6,4,1,1,3,4,3,6,1,3,4,4,2,2,3,3,4,3,4,1,0,2,1,0,4,2,3,2,3,5,4,1,3,1,2,3,3,0,2,3,1,3,4,1,0,1,3,2,1,3,3,1,0,2,2,5,3,2,4,1,1,5,3,3,0,4,1,1,4,1,0,5,1,3,2,3,1,2,5,2,5,3,4,6,4,0,6,2,6,4,2,4,3,3,2,5,3,5,2,0,5,3,1,4,1,4,4,4,1,2,4,3,5,1,1,3,3,3,2,4,0,1,2,0,1,3,0,3,4,0,1,5,5,1,5,5,2,4,2,2,3,3,3,3,2,1,5,5,1,1,4,4,0,3,1,3,1,0,1,1,4,3,3,4,3,3,1,0,2,3,1,2,2,2,1,1,3,3,3,5,4,3,2,3,4,3,3,3,5,1,1,3,6,3,1,2,2,6,3,2,7,0,1,3,2,1,1,1,4,4,2,5,2,2,3,3,2,3,3,2,3,3,3,2,2,5,3,2,4,4,1,6,3,3,3,3,3,1,3,6,5,1,3,4,3,1,2,2,5,6,4,7,3,1,0,0,2,2,2,4,4,7,4,1,1,2,3,3,3,4,1,1,2,3,2,2,3,3,1,2,6,6,3,1,2,1,2,1,0,2,3,2,2,4,3,2,3,2,1,3,4,4,5,3,3,3,3,2,3,1,3,4,3,2,1,3,2,5,2,4,3,1,5,0,2,3,2,4,3,2,4,1,1,5,4,3,2,1,4,6,2,0,5,4,4,0,4,1,2,4,3,1,1,3,1,2,6,0,1,1,5,1,2,2,1,3,3,7,5,4,2,1,1,0,4,2,4,1,4,7,6,0,4,3,1,3,3,4,4,2,6,1,1,4,6,1,1,3,1,1,5,4,0,3,1,2,2,6,3,1,3,2,2,3,3,4,2,2,1,2,1,5,5,4,4,3,1,2,3,2,3,1,1,4,2,2,2,1,4,5,4,4,2,3,2,3,1,3,1,2,3,5,2,4,3,6,5,2,2,4,2,5,1,5,2,0,4,2,3,1,2,2,3,2,4,1,0,3,3,7,2,6,3,4,1,1,2,2,2,4,0,2,2,6,5,1,0,3,4,0,0,1,2,4,3,2,4,6,2,2,1,2,1,1,5,3,5,3,2,3,4,3,3,2,5,3,3,4,1,5,2,1,6,2,1,2,1,1,5,3,4,1,1,3,1,5,2,2,1,1,1,2,1,0,3,2,6,1,2,2,1,2,5,5,1,4,1,5,4,3,1,2,5,5,4,3,1,3,2,3,5,3,2,1,8,0,3,4,4,3,2,3,2,1,2,5,3,4,4,2,1,4,2,1,0,1,2,3,3,3,4,2,3,4,3,5,0,4,4,0,1,6,7,2,5,2,4,0,5,4,3,2,2,2,1,4,4,2,4,0,4,0,1,3,4,2,2,6,4,0,3,3,2,3,4,2,5,4,3,2,3,5,5,5,1,7,0,4,5,3,3,3,2,1,4,1,3,0,0,1,2,1,7,3,7,2,2,2,2,2,3,2,5,6,2,2,4,6,5,4,2,4,4,2,4,0,9,4,6,0,1,0,1,1,3,5,0,4,3,3,2,5,3,4,2,1,3,1,5,1,1,2,6,3,2.766,5.93602953261285,0
2,2,4,5,7,2,0,3,1,2,3,1,1,3,4,5,1,3,4,4,0,0,3,0,0,3,3,1,3,2,4,2,5,5,4,4,3,3,1,0,4,3,4,1,4,2,2,3,2,4,2,2,3,1,5,0,0,6,2,1,4,1,2,2,2,1,4,3,0,5,3,5,4,4,3,6,3,0,1,3,7,6,3,2,0,1,1,4,2,4,6,3,3,0,3,2,3,4,5,6,2,0,4,3,3,3,0,3,7,2,0,1,2,4,2,3,4,3,3,4,2,4,3,3,3,2,2,6,2,3,1,1,4,4,3,0,2,2,8,0,1,0,4,5,2,2,2,1,6,2,4,1,3,5,5,3,4,4,5,1,4,2,3,3,0,1,1,6,1,0,1,2,4,2,1,2,3,5,3,4,6,3,2,1,2,4,3,2,1,1,4,1,3,3,0,3,0,2,4,1,1,0,1,2,2,4,3,4,5,1,4,2,4,4,2,7,2,0,5,3,4,3,4,2,1,1,6,3,4,5,3,2,2,3,3,0,1,3,3,2,3,3,4,1,0,1,0,6,4,2,3,5,3,3,2,1,3,5,1,1,0,3,3,4,2,3,3,2,3,4,1,1,3,2,3,2,2,3,1,2,4,1,0,2,0,0,2,2,7,3,1,5,4,7,4,4,4,3,3,1,3,2,2,0,3,2,5,2,2,2,1,3,5,4,2,2,0,1,3,5,2,0,1,3,2,2,3,4,2,1,3,4,2,1,2,2,4,0,0,3,0,0,0,4,3,1,0,1,3,2,4,2,1,1,3,4,1,6,5,4,2,3,2,4,1,3,8,0,1,2,3,0,3,3,2,5,5,4,2,2,6,1,6,0,3,3,3,2,2,3,2,2,5,1,4,3,3,4,0,1,1,4,8,2,5,1,7,3,1,5,3,1,4,2,4,3,2,2,3,10,4,3,4,4,4,3,1,2,2,6,3,4,3,2,2,2,5,5,2,1,1,5,0,4,3,3,3,5,6,1,5,4,3,4,3,2,4,2,2,6,0,1,1,4,3,1,3,4,3,4,2,3,2,3,9,3,6,6,1,4,0,4,3,1,1,0,5,2,6,0,5,5,1,0,3,4,2,2,1,3,0,5,3,1,4,2,2,2,2,2,4,2,5,3,3,6,6,2,2,2,1,2,2,4,4,5,0,3,1,4,3,1,2,1,1,2,2,3,4,5,7,4,3,2,0,1,0,0,3,1,2,3,2,1,1,3,3,2,3,1,1,6,0,0,4,2,6,2,4,3,4,4,2,1,2,1,2,1,1,2,2,6,2,1,2,2,2,2,2,1,3,4,6,3,4,2,1,2,5,2,0,2,1,3,1,6,4,5,4,4,4,6,3,2,2,3,4,3,2,1,1,5,1,1,7,3,2,4,3,4,2,0,4,4,3,5,5,6,2,5,7,1,1,3,5,4,2,1,4,5,2,3,2,1,0,1,2,4,3,3,0,6,3,1,2,1,4,3,1,3,2,1,2,3,1,2,5,1,1,2,5,1,4,0,3,4,2,3,2,0,5,2,2,2,4,2,6,4,2,1,3,4,4,3,2,2,5,6,4,2,1,2,0,2,0,4,2,0,2,2,1,5,4,2,1,2,7,1,5,5,2,4,4,5,2,1,2,2,1,3,5,5,4,1,2,4,1,5,2,2,2,1,6,2,6,1,6,4,7,1,1,0,2,3,0,1,2,0,5,5,0,0,1,5,3,4,3,3,2,3,1,3,2,5,3,2,2,1,4,4,2,1,3,2,6,2,3,3,1,3,1,0,3,0,4,5,2,4,1,4,3,0,1,1,7,5,3,3,3,5,3,2,4,2,1,2,4,2,2,2,7,2,7,2,3,2,5,2,3,2,2,5,3,3,5,1,4,2,2,3,2,3,1,5,3,5,3,1,1,3,1,4,2,4,2,3,1,1,4,1,3,4,4,0,4,2,3,0,2,3,4,1,7,3,2,1,3,2,2,4,2,4,2,5,1,1,5,2,7,8,2,2,2,1,3,3,1,4,2,3,3,2,1,4,1,3,0,3,5,3,7,2,4,1,1,5,2,1,1,3,1,5,5,1,2,4,2,3,2,3,2,3,4,1,6,3,2,1,4,2,5,0,2,3,5,2,1,5,0,2,3,2,4,5,7,4,1,1,1,1,3,3,3,0,2,3,4,4,2,3,1,3,6,1,2,0,4,1,5,0,1,5,1,3,2,0,0,2,3,6,2.703,6.05896573457054,0
2,3,6,4,5,4,2,3,5,6,3,0,2,7,4,7,1,4,7,3,7,7,4,3,2,5,3,5,5,1,4,5,0,3,6,4,2,3,2,1,4,5,1,4,1,4,3,0,4,3,2,4,1,3,2,5,2,4,4,3,6,3,2,2,2,1,2,2,0,4,1,1,1,2,0,7,3,1,2,0,2,4,1,6,1,5,2,5,1,1,2,2,1,2,3,8,3,2,2,6,0,4,2,2,4,4,1,2,3,7,7,8,2,3,1,0,2,4,6,3,4,2,5,3,1,6,3,1,1,4,4,1,4,1,3,3,3,3,1,3,1,5,2,2,6,2,4,5,1,2,2,2,4,5,3,4,1,4,1,3,2,3,1,4,1,4,3,3,5,4,1,3,4,2,2,5,2,1,0,0,2,2,2,3,4,2,3,5,5,4,1,4,1,1,2,0,2,2,1,4,4,6,1,8,1,1,4,4,4,1,2,3,2,2,3,0,4,4,2,5,4,4,4,2,3,6,4,3,3,2,2,2,4,2,3,0,5,1,4,5,2,4,4,2,1,1,0,1,1,1,0,5,3,2,3,2,0,2,0,1,2,2,2,2,5,1,5,4,2,4,0,2,2,2,2,1,4,3,3,1,1,2,2,4,1,0,4,1,1,3,4,4,7,3,5,1,3,3,1,4,6,2,2,1,0,4,6,3,4,2,0,2,4,2,3,3,4,5,3,3,2,1,5,3,3,2,2,3,2,3,1,3,1,3,3,1,5,2,4,4,3,2,4,4,4,2,2,3,0,1,6,5,1,4,4,4,1,0,4,4,4,2,2,2,1,3,4,5,0,3,4,2,0,2,4,0,2,0,6,2,4,2,3,4,2,3,3,3,4,2,3,1,3,3,3,6,3,3,4,4,1,5,3,5,3,5,2,1,3,2,2,4,1,5,2,2,2,8,2,3,1,3,2,3,1,2,4,5,5,1,1,2,6,2,4,2,2,2,0,3,3,2,5,1,0,4,4,3,5,2,1,3,2,1,2,4,2,4,5,4,4,2,4,2,2,0,3,3,1,2,1,6,3,2,4,2,1,4,3,2,3,2,1,3,2,4,3,5,0,1,0,2,5,2,1,1,1,1,2,0,4,1,1,1,6,3,4,4,3,2,4,1,0,4,4,3,3,1,7,2,2,3,4,2,0,2,3,2,3,3,3,1,3,3,2,4,2,4,3,2,2,3,4,5,3,1,0,3,2,3,1,4,2,1,3,3,2,0,2,6,3,4,0,5,0,4,3,4,1,7,4,4,4,7,4,2,4,2,4,5,1,1,5,3,3,5,2,0,0,2,4,1,2,5,2,1,3,1,4,3,3,3,2,5,5,3,3,0,5,2,4,1,2,4,4,2,5,0,3,2,3,2,2,0,1,0,3,5,5,5,0,1,3,1,7,2,2,6,7,2,2,1,3,3,4,3,5,1,2,3,5,4,3,4,3,2,4,5,4,4,2,4,4,4,2,4,4,4,2,3,3,2,2,3,2,5,3,1,4,3,1,3,3,6,2,2,3,5,3,3,3,2,5,2,3,2,3,6,2,0,3,4,4,3,2,2,2,5,5,1,2,1,1,5,5,5,3,4,0,4,2,1,4,2,5,7,3,4,1,6,4,2,4,0,3,1,3,1,3,4,1,1,4,1,1,5,8,5,3,3,2,1,5,6,4,1,3,2,1,2,1,3,4,5,4,3,1,2,1,1,4,2,1,5,1,7,3,4,4,4,1,2,4,5,1,5,1,4,4,4,2,1,4,4,3,2,1,1,3,0,0,4,3,0,3,4,2,3,3,3,4,2,1,5,2,4,2,2,3,3,3,2,6,4,5,3,2,3,4,3,2,1,3,4,5,2,3,2,2,7,0,5,2,3,2,2,2,3,2,3,4,4,4,0,6,3,2,0,3,3,0,4,3,3,5,2,4,3,1,1,3,4,0,4,7,4,3,4,2,0,5,2,3,3,2,6,4,2,4,0,2,2,3,1,5,2,1,2,4,0,2,3,2,4,8,5,3,3,1,3,4,4,0,3,3,3,3,0,5,3,3,2,4,4,2,1,2,3,3,0,3,3,8,4,2,4,2,3,2,1,2,4,2,2,2,6,7,2,4,5,0,4,1,3,6,2,2,4,2,3,2,1,2,5,1,4,3,4,5,6,1,2,1,0,5,2,4,1,0,3,2,1,3,1,3,2,3,0,5,1,3,4,5,3,3,2,3,2,5,2,2.83,6.06478617556116,0
4,3,6,5,2,2,2,3,3,6,1,6,5,4,2,3,4,2,6,1,3,0,1,3,3,3,3,5,1,2,0,2,3,2,6,8,3,5,2,5,2,3,4,4,4,0,1,2,3,1,0,7,4,4,0,1,5,2,3,3,2,3,1,2,5,3,2,3,3,1,1,2,6,1,4,1,2,6,2,3,2,1,7,4,2,3,0,0,5,5,4,4,1,5,2,0,5,6,4,5,3,3,4,4,3,1,0,4,3,3,1,1,4,2,4,3,2,5,1,1,5,3,3,3,4,4,4,3,6,2,2,1,4,5,2,0,1,3,3,1,3,1,2,4,4,3,5,1,2,2,2,4,2,2,4,4,8,1,2,2,3,5,6,2,1,1,2,1,0,3,4,2,8,5,2,4,4,1,7,6,0,2,5,0,0,5,6,1,8,0,6,4,2,6,3,3,3,3,4,7,6,0,0,3,2,2,4,2,0,1,5,4,3,3,4,4,3,1,7,8,2,2,2,4,4,3,9,3,9,1,4,2,2,2,4,1,4,1,3,5,0,2,4,2,4,3,2,2,2,1,5,2,4,1,6,4,2,0,5,2,4,2,3,3,4,5,5,3,2,2,1,6,1,4,1,1,3,4,2,5,2,1,4,4,1,3,0,2,3,0,3,2,4,3,2,2,2,1,4,5,6,3,2,7,2,1,6,1,4,3,2,5,3,3,0,3,2,2,4,1,5,2,5,4,4,2,0,0,2,0,2,6,6,1,2,4,2,3,3,1,3,6,1,2,2,3,5,4,2,4,8,0,3,4,0,3,0,2,3,7,7,0,1,3,3,3,1,2,1,0,2,3,4,3,7,3,4,2,4,2,4,2,3,3,5,4,3,2,3,0,2,3,2,4,4,4,3,3,2,3,1,4,5,5,4,0,3,4,3,4,0,0,8,1,4,2,1,3,1,3,4,2,2,4,3,3,4,1,0,6,5,1,3,7,7,0,5,4,5,4,5,3,9,1,4,3,6,4,2,3,3,4,1,0,1,3,2,1,3,1,1,0,4,4,2,4,6,4,1,7,4,2,2,2,3,3,1,5,2,1,4,2,3,3,3,3,3,4,3,2,2,2,3,2,1,5,4,2,1,2,3,6,8,0,2,6,1,3,4,4,1,3,1,3,5,5,2,2,6,4,3,5,2,3,4,1,4,4,5,1,5,2,1,1,0,2,0,2,7,4,3,5,3,3,2,3,3,2,0,4,5,0,3,3,3,6,2,2,4,4,2,1,4,1,0,2,6,3,3,3,4,4,2,4,1,4,1,6,2,3,5,4,4,5,1,2,3,3,9,4,9,4,2,1,3,1,1,1,3,0,4,2,4,9,3,2,4,2,3,2,4,3,1,3,3,1,3,4,3,4,1,1,3,7,5,5,2,5,4,3,4,6,3,3,4,1,2,5,1,2,6,6,3,3,1,0,3,1,2,2,2,3,6,2,2,1,1,4,2,3,4,6,3,3,3,0,2,2,3,2,2,3,5,5,1,2,3,3,1,5,5,1,4,1,3,5,2,4,3,5,3,0,1,6,6,1,5,3,3,2,2,2,3,5,2,6,2,0,6,2,4,0,7,8,6,5,3,2,4,5,2,5,2,3,0,1,2,2,3,4,2,3,2,4,5,3,3,2,3,2,5,2,3,1,6,3,6,2,2,4,2,4,2,2,1,1,4,2,5,3,1,2,0,4,1,3,3,1,2,2,1,4,1,2,5,1,3,2,1,4,1,3,3,0,4,1,4,4,3,3,2,6,0,3,1,2,1,4,5,3,6,1,2,2,1,2,2,2,6,1,2,2,3,2,1,1,3,1,5,7,4,2,4,1,6,3,2,2,3,1,2,6,1,0,2,6,4,2,1,3,5,3,4,4,0,2,3,5,4,4,1,1,2,2,3,3,1,2,2,2,4,2,3,6,6,1,3,4,4,1,1,2,3,7,3,3,3,6,1,4,2,2,7,4,1,5,5,2,3,7,6,2,3,4,5,3,5,2,2,4,0,2,3,4,4,1,7,1,3,11,1,0,1,3,4,6,2,1,2,3,2,2,4,1,3,4,2,4,2,1,1,3,3,4,3,2,3,1,3,3,5,7,3,2,3,2,2,6,3,4,4,4,5,5,1,6,2,5,4,3,4,7,4,1,3,1,4,3,4,1,1,2,3,2,4,4,2,1,2,6,2,4,3,3,5,3,3,3,6,3,1,2,2,1,2,4,1,2,4,0,2.977,6.51246445357643,0
3,5,2,4,5,4,2,3,5,3,3,0,6,2,2,1,1,2,1,2,3,1,5,3,3,5,5,6,2,4,3,3,0,6,0,1,2,4,1,3,3,4,0,2,2,5,2,4,5,1,0,3,2,0,2,3,3,4,2,4,3,3,3,4,3,2,0,3,5,3,4,3,5,2,2,0,3,6,2,1,3,2,1,3,2,1,2,3,2,1,4,1,5,4,1,3,4,6,2,0,2,4,3,1,2,7,4,2,2,8,3,2,3,1,2,4,5,3,3,5,2,4,0,4,2,6,9,0,0,2,4,1,2,5,2,0,2,5,4,6,7,1,5,1,2,5,3,1,9,0,5,5,6,2,5,2,4,4,4,3,6,3,7,5,4,4,3,2,5,1,4,3,1,7,2,4,2,3,0,0,3,1,3,5,5,2,4,0,3,4,0,2,5,2,2,5,4,2,3,2,3,3,4,6,0,6,4,2,4,4,3,4,1,3,3,9,3,5,4,3,1,2,7,2,3,5,5,3,2,4,4,4,5,3,4,3,4,4,2,2,4,4,7,2,3,0,2,2,3,1,5,2,3,2,2,3,3,1,6,2,1,7,1,3,5,3,2,1,3,2,1,2,1,4,1,3,4,2,3,5,6,1,1,3,4,3,3,7,5,2,3,0,1,4,3,1,2,4,2,0,4,3,1,1,1,4,7,2,4,3,0,1,6,3,3,0,1,6,1,3,6,3,2,5,3,4,2,2,3,5,3,3,2,3,3,1,1,2,4,3,2,4,4,4,2,1,3,5,6,0,5,5,7,6,1,1,1,2,5,5,2,3,2,4,1,8,6,2,4,3,2,6,6,3,2,4,7,2,4,3,3,4,2,4,4,2,1,3,2,4,2,5,7,4,2,2,1,4,3,6,3,2,4,1,4,1,4,2,5,2,1,5,0,2,3,2,1,6,2,5,0,3,3,2,8,5,1,3,3,7,1,4,3,1,1,3,4,5,2,2,3,1,3,5,4,3,4,8,6,2,3,4,3,7,3,2,4,4,2,3,4,3,2,3,3,3,2,3,0,3,4,1,2,2,4,1,6,2,3,2,7,3,1,5,2,1,4,5,2,3,4,2,7,3,3,5,2,1,5,1,4,2,1,2,4,1,3,3,3,1,1,0,3,8,4,2,4,7,2,1,4,3,5,4,1,0,5,4,7,4,6,5,3,5,2,8,2,2,3,0,6,0,2,2,4,4,2,2,5,5,1,4,1,3,2,2,1,4,5,4,3,0,3,3,6,7,2,2,4,8,1,4,3,5,3,3,4,2,7,4,4,2,8,2,3,1,4,1,1,5,2,4,4,4,3,2,2,2,2,2,3,2,3,5,5,4,5,3,2,5,6,4,1,3,2,3,1,3,6,3,3,5,7,2,3,7,3,2,3,5,2,1,6,6,3,3,6,4,2,4,2,5,3,1,2,1,3,1,2,5,3,2,1,4,2,4,3,1,2,5,3,3,5,3,6,3,3,2,3,2,4,2,1,2,3,1,5,1,2,0,3,5,3,2,0,2,3,3,4,5,3,8,5,2,7,4,4,6,3,6,1,2,0,3,5,6,2,4,2,2,4,1,4,4,3,5,5,2,5,8,2,0,6,3,1,2,4,3,3,3,3,4,2,5,2,2,5,5,1,2,1,4,0,3,8,3,6,1,1,1,5,2,3,4,2,5,0,3,6,2,4,1,3,3,5,1,4,3,5,4,7,3,5,4,4,5,0,6,2,5,6,1,3,2,3,3,5,3,2,2,4,4,4,6,2,1,3,4,3,1,2,6,1,1,3,5,3,2,1,4,5,3,2,4,2,3,5,5,5,3,3,2,4,1,3,3,6,1,6,3,4,3,1,3,4,6,4,7,3,1,2,3,5,0,2,4,8,4,3,4,4,4,1,4,2,3,0,4,4,3,3,5,3,5,1,1,2,1,0,1,3,3,2,4,4,9,4,4,5,4,6,2,3,4,1,1,2,6,0,3,1,3,0,3,4,2,2,2,2,6,1,1,1,4,5,7,2,2,3,2,6,5,3,5,1,5,0,5,3,3,2,5,4,0,3,5,2,3,3,2,2,4,6,3,4,2,2,5,4,2,2,4,0,4,7,2,4,3,6,2,0,2,6,0,3,6,5,3,3,6,6,4,5,1,2,2,1,3,3,6,4,4,2,6,5,5,3,2,4,5,4,2,1,3,2,3,5,3,2,4,5,4,3,0,2,4,2,3,0,4,3.147,6.65018711826611,0
3,4,4,3,4,1,2,4,1,3,4,3,2,6,2,6,4,6,4,3,6,3,5,5,0,4,5,3,4,3,7,2,1,3,4,5,4,1,1,5,4,3,1,4,2,3,2,2,2,3,5,2,4,1,1,2,1,4,4,5,4,0,4,6,4,3,2,0,4,3,1,2,4,3,3,6,7,2,0,4,2,5,2,4,3,7,3,3,5,6,2,4,2,3,1,3,5,5,3,0,2,1,4,2,5,3,1,2,6,4,4,4,3,5,5,4,4,5,4,3,3,0,4,4,3,2,4,5,2,3,7,2,0,5,3,3,2,3,4,4,8,5,3,3,3,6,5,4,3,3,1,1,2,3,3,5,3,0,7,3,3,0,5,3,4,3,1,5,5,3,1,1,8,3,8,3,4,3,4,4,2,4,4,3,5,3,0,2,4,1,2,3,1,6,3,4,5,1,7,3,1,0,6,0,4,4,1,5,1,3,4,3,0,3,7,3,4,3,6,2,4,2,3,3,4,3,1,2,4,8,2,6,1,3,3,4,4,2,2,0,7,1,6,3,2,4,6,6,4,2,4,0,5,2,5,3,8,4,4,1,3,7,0,3,7,3,1,1,6,3,7,5,5,2,4,4,2,5,3,4,3,3,5,3,1,5,1,5,6,0,6,3,7,4,2,2,7,6,0,1,0,3,2,5,2,6,3,1,1,3,2,2,1,3,2,2,1,3,3,1,4,4,4,3,4,2,2,3,2,3,2,4,4,3,1,4,0,4,6,5,2,4,3,1,3,3,2,3,5,1,10,2,2,3,5,0,2,6,2,1,4,4,2,1,1,7,6,6,7,4,5,0,1,1,3,5,5,5,1,5,4,3,1,5,2,4,4,2,3,4,7,1,4,4,4,3,1,2,2,1,8,5,5,1,3,2,3,5,4,4,4,1,6,8,2,4,6,2,5,5,0,2,4,4,2,4,6,3,2,3,3,4,3,5,2,6,5,8,2,7,3,2,9,4,4,2,1,1,3,4,4,5,8,7,6,4,2,3,3,2,6,5,5,4,1,5,5,4,5,1,4,4,4,4,5,2,3,5,3,6,3,2,3,5,4,7,8,3,3,5,2,4,4,3,5,2,4,2,1,3,2,4,3,1,1,4,2,3,3,3,4,3,5,6,3,4,5,7,2,2,2,2,2,2,2,1,3,5,3,4,2,4,3,5,5,3,2,3,5,4,5,2,7,2,3,0,1,3,2,3,3,3,5,2,6,5,1,1,2,4,2,6,3,5,3,3,5,7,1,1,2,2,2,3,0,3,6,4,3,3,0,5,4,6,0,4,1,1,2,2,4,1,4,3,5,3,4,2,3,3,6,5,8,5,5,6,6,1,2,2,3,3,5,4,5,6,1,1,2,3,4,3,2,1,4,4,3,2,1,1,2,5,3,1,3,3,7,2,1,1,5,1,7,1,1,1,3,0,4,1,4,7,2,2,3,5,1,4,2,2,4,3,3,2,2,3,3,4,3,5,6,1,5,5,8,6,3,7,7,2,1,6,3,2,0,2,2,5,1,4,1,2,3,2,5,1,3,2,3,6,3,4,3,1,2,3,3,3,5,3,3,4,3,5,1,3,4,3,6,1,3,2,5,1,5,2,5,1,3,9,4,3,2,2,4,2,3,4,5,4,3,4,2,1,2,4,2,4,4,5,3,5,2,4,6,2,4,7,4,3,2,1,4,5,1,2,6,3,1,1,6,3,2,2,2,0,4,5,4,3,4,4,7,4,2,5,4,4,4,0,2,3,0,1,4,3,4,2,2,4,5,5,6,8,0,5,2,0,6,3,5,3,2,4,5,2,6,2,3,4,5,4,3,3,3,4,2,5,2,2,6,3,5,6,3,5,4,7,1,2,5,1,2,4,1,3,4,1,3,3,5,5,4,3,6,4,4,2,0,3,3,2,3,4,3,4,3,3,7,2,5,5,5,2,0,4,4,1,2,7,5,4,1,3,2,3,4,1,2,5,0,2,5,3,5,6,4,5,4,3,2,1,2,0,4,3,2,4,1,7,5,2,4,2,4,6,2,4,3,0,3,5,3,3,4,4,3,3,5,5,1,2,5,4,4,3,1,3,4,6,2,5,3,2,3,2,4,5,3,3,3,1,3,4,5,7,2,2,4,2,5,3,4,3,5,1,1,2,6,2,6,1,1,3,5,1,3,4,2,4,6,2,4,5,1,2,3,3,5,1,5,8,4,8,6,3,6,4,4,4,3.347,6.86399093129495,0
5,10,4,0,6,2,4,4,1,2,5,2,5,4,3,8,3,2,3,3,3,4,3,2,2,3,0,3,5,3,2,3,2,1,2,2,4,5,3,3,1,3,5,3,4,2,2,7,4,4,4,3,7,3,5,3,4,6,3,4,7,3,2,3,1,2,3,2,8,7,3,5,1,4,4,4,5,5,3,4,4,3,4,1,2,4,4,4,5,7,3,2,5,3,4,2,4,5,4,0,2,2,4,3,7,6,4,3,4,3,3,3,1,5,9,6,9,3,4,3,3,3,6,2,1,7,3,9,4,2,0,6,4,2,3,2,3,3,3,1,1,7,1,1,2,2,10,3,6,0,5,1,5,3,5,0,4,2,3,4,2,0,3,1,3,4,9,5,2,5,2,4,1,2,6,5,2,2,8,1,6,3,3,3,6,3,4,1,1,4,2,5,8,4,2,5,0,2,0,3,0,2,3,4,3,3,6,4,4,5,3,4,4,0,1,4,1,1,2,4,1,1,5,2,4,0,2,6,7,2,8,3,4,5,3,4,2,1,3,6,3,3,6,4,6,4,1,2,5,3,2,5,1,3,3,4,1,2,4,4,8,3,4,4,3,2,4,2,2,5,2,4,1,5,4,3,2,3,3,2,4,0,2,2,4,0,3,4,4,1,5,4,2,5,4,3,3,3,5,6,4,4,3,2,4,5,6,2,3,3,8,4,7,4,1,2,6,1,2,5,0,3,2,3,4,3,1,1,6,1,2,5,4,6,3,3,2,3,6,2,3,5,4,0,1,5,4,1,3,3,2,2,3,3,4,4,5,4,2,3,4,5,4,1,3,5,2,1,3,3,4,2,2,4,3,3,2,4,4,1,3,4,5,5,2,3,3,4,4,2,4,9,4,4,6,3,2,7,4,4,3,5,3,2,0,2,3,1,2,6,3,1,3,1,7,2,2,5,3,3,2,5,3,2,4,4,3,3,2,5,2,4,1,3,2,6,2,3,2,7,1,4,7,1,5,4,6,5,4,3,1,2,7,6,4,1,1,4,2,4,1,2,0,4,4,3,3,5,8,4,0,4,2,3,6,2,3,3,3,3,3,1,6,4,4,5,3,3,4,5,5,4,5,4,5,3,4,0,6,2,4,7,3,3,2,2,0,7,2,4,3,2,4,1,1,4,3,5,3,2,5,3,3,3,2,3,0,0,3,5,4,5,2,1,3,3,2,1,3,3,4,3,2,3,6,4,1,5,5,1,2,6,4,4,5,5,2,2,5,3,3,0,2,3,6,5,2,3,8,4,2,7,2,7,2,4,3,7,1,2,3,3,3,5,3,1,2,4,7,4,3,1,4,4,6,2,4,3,3,1,4,2,2,2,2,5,3,5,4,1,5,5,1,5,6,3,6,5,6,5,6,7,2,7,1,5,3,5,3,7,4,5,2,4,4,4,4,9,3,3,1,1,5,2,0,1,6,1,3,2,4,4,2,5,2,2,6,4,3,4,3,4,2,3,4,3,6,4,2,3,4,5,5,4,0,3,2,4,4,6,1,1,0,7,4,3,5,2,4,5,5,5,2,3,4,3,7,2,1,2,5,3,2,5,7,0,6,4,9,6,4,4,7,7,4,6,3,4,1,5,4,3,2,3,3,1,6,9,5,2,5,0,4,5,3,2,3,10,5,1,5,5,3,4,9,2,4,5,2,1,3,7,5,2,2,2,3,5,3,5,3,3,4,7,5,3,3,3,1,4,2,4,2,2,4,1,2,4,2,2,3,4,2,5,4,6,5,4,5,6,5,3,2,3,6,3,3,4,4,6,3,4,7,4,2,5,8,3,4,4,4,3,4,2,3,3,7,3,3,1,1,3,2,2,4,7,1,6,4,1,4,1,0,7,5,5,5,7,4,1,3,7,2,2,4,4,7,3,6,1,4,2,3,2,5,6,1,1,6,4,8,4,7,3,4,3,8,2,3,1,3,4,1,2,1,4,3,2,0,7,2,2,5,3,7,3,5,3,3,2,5,4,2,2,3,4,5,2,3,5,0,3,7,0,7,0,8,6,3,4,5,1,5,6,5,3,3,8,3,0,6,2,6,5,2,5,2,0,3,4,3,4,3,5,6,2,6,2,3,4,3,3,3,2,7,5,6,6,3,3,5,3,7,3,4,4,3,1,2,7,3,4,3,1,3,4,5,4,7,3,4,4,3,5,4,1,3,3,4,5,6,3,6,3,6,6,7,3,4,2,5,4,6,4,7,0,2,3,4,5,3.522,7.18830823604368,0
1,1,5,4,3,3,3,2,4,4,4,3,5,2,8,5,3,3,2,5,5,2,4,3,5,4,3,2,3,0,6,5,3,2,4,3,3,0,4,4,3,1,4,5,3,3,1,3,6,3,3,4,3,3,3,5,2,3,2,2,4,2,3,4,2,3,4,5,4,3,5,5,1,3,3,5,4,1,3,2,1,4,4,6,2,3,3,1,3,3,5,1,5,3,4,3,9,4,3,4,3,4,3,2,1,5,4,2,6,3,2,5,2,4,1,5,2,8,3,0,2,5,4,7,3,4,2,1,4,1,0,3,5,4,2,5,3,2,3,2,2,2,1,4,7,7,6,8,4,5,4,5,2,3,2,5,4,3,4,3,3,5,7,7,0,4,4,4,1,5,8,0,4,5,3,3,2,1,1,3,2,6,5,1,2,4,2,3,1,5,5,4,5,3,1,2,4,1,2,5,3,3,0,3,3,5,5,6,3,6,4,3,6,2,5,3,3,2,14,2,4,0,3,8,4,6,5,2,2,2,0,6,8,4,0,3,2,4,2,8,4,1,4,5,4,4,3,1,5,5,3,1,2,4,4,3,1,1,3,2,3,2,1,4,4,6,3,6,4,4,7,4,3,3,6,3,4,6,4,1,3,2,1,4,2,6,1,3,4,5,2,4,1,7,2,4,5,1,3,1,10,3,8,3,3,3,2,2,3,4,1,3,3,6,2,2,7,4,3,4,2,5,4,6,3,0,5,3,3,6,0,5,7,5,2,4,5,6,4,2,4,2,4,6,4,2,4,3,5,3,3,4,5,3,10,2,8,3,8,3,6,5,5,2,1,4,2,4,3,4,3,6,4,4,3,4,10,5,1,3,3,7,3,5,3,5,6,3,2,6,2,4,3,2,11,3,4,1,5,2,3,3,2,6,2,1,6,2,1,5,2,5,2,6,6,6,5,8,3,3,4,4,1,4,6,4,2,5,3,3,1,3,6,6,8,4,7,4,2,4,3,1,4,2,7,3,5,1,6,2,5,3,2,3,2,4,1,3,2,4,3,4,3,1,4,3,4,6,3,3,3,6,5,5,4,4,2,3,4,2,12,6,6,5,4,5,6,2,3,2,5,6,8,5,1,3,3,3,6,4,4,6,3,3,4,2,4,2,3,5,3,1,1,7,2,7,6,4,6,7,3,3,1,9,5,2,6,4,4,5,3,4,4,6,3,5,2,3,2,4,7,5,4,5,3,2,1,2,3,7,4,6,3,2,3,2,3,4,4,4,2,3,3,1,4,4,6,3,2,5,6,5,1,5,4,1,1,3,4,6,2,3,5,6,5,8,0,3,2,4,4,2,4,7,2,2,2,7,4,2,3,6,2,7,1,2,6,1,3,4,4,3,3,3,2,4,1,0,5,2,5,5,3,4,3,3,6,3,3,7,3,4,5,5,4,3,1,4,1,5,3,1,8,4,3,2,4,2,2,2,3,8,6,5,4,4,2,4,3,2,2,2,3,1,3,5,6,1,4,5,5,4,5,5,4,4,4,3,4,5,6,4,3,4,6,3,5,3,6,4,5,4,8,4,2,5,5,3,4,1,4,6,5,6,6,7,3,2,4,2,1,2,3,5,2,6,1,6,7,1,5,7,5,4,3,2,2,4,1,4,3,2,7,3,2,5,5,4,3,4,5,2,3,4,7,4,7,3,5,3,9,2,4,5,1,2,1,4,6,2,2,8,4,1,5,4,5,3,4,3,3,2,3,7,4,4,3,5,4,3,2,2,3,7,6,1,2,3,4,4,1,5,4,5,5,5,2,2,5,2,2,2,3,6,6,6,2,3,8,2,7,4,2,2,3,2,3,7,7,6,2,5,4,1,2,3,2,3,3,3,6,2,5,4,4,3,4,5,0,4,1,3,0,0,2,2,3,3,3,4,3,3,6,4,4,0,0,4,4,2,4,2,2,10,7,2,5,5,3,3,6,1,2,5,5,3,5,1,4,5,5,3,4,4,3,3,4,2,0,3,1,2,5,3,1,0,4,3,2,4,1,6,5,4,3,3,2,3,3,2,7,2,2,2,3,2,6,2,5,5,5,7,4,6,4,4,3,1,6,4,5,3,3,1,4,1,1,0,4,2,8,5,5,2,4,4,3,8,2,4,3,3,5,3,5,4,2,5,5,6,4,2,4,2,9,5,2,7,6,4,2,7,2,3,4,4,3,2,3,6,5,4,2,2,5,5,4,0,6,1,6,4,5,4,5,5,5,4,1,4,3.655,7.33411291371055,0
3,2,6,3,5,3,1,4,5,1,1,5,6,2,4,3,7,4,2,4,6,2,2,3,8,4,3,6,3,2,3,5,2,1,3,1,2,5,0,6,4,7,1,3,4,3,3,2,4,3,6,5,8,4,3,3,8,3,5,4,4,4,0,4,2,1,3,3,4,4,5,3,4,4,3,5,7,5,1,7,5,1,3,4,3,3,2,0,1,6,2,5,2,6,7,0,4,5,2,2,1,4,3,5,3,6,1,1,2,4,7,7,7,7,2,1,5,3,1,3,4,3,4,5,3,3,4,4,2,5,7,2,3,6,0,4,5,2,6,7,5,2,3,3,7,1,5,2,2,5,5,3,3,6,5,1,5,1,5,7,4,8,8,4,10,1,4,4,2,7,3,5,6,2,4,4,2,0,4,5,3,2,7,5,4,1,2,1,3,2,3,1,7,4,3,3,5,3,5,3,4,2,2,1,3,5,5,5,5,5,3,2,1,4,3,4,5,1,6,6,2,1,3,3,2,1,2,1,7,3,2,7,4,4,3,6,3,8,4,6,5,1,11,3,2,3,4,2,3,4,2,6,3,5,7,3,1,6,8,4,0,8,3,5,3,8,8,5,7,9,4,1,3,2,4,5,2,4,5,7,6,1,3,3,6,6,6,7,3,2,6,5,3,3,6,3,7,2,4,5,1,6,6,4,4,2,4,5,5,4,5,7,5,0,2,5,5,2,3,2,3,2,2,2,2,7,3,5,2,5,8,4,4,3,3,3,2,7,3,2,2,3,1,3,4,2,5,7,5,0,5,6,2,3,4,3,2,6,6,6,3,1,4,3,3,2,2,2,0,5,5,3,4,4,6,6,6,1,4,3,5,1,2,3,5,4,2,6,5,2,5,3,7,2,3,3,2,2,1,2,2,9,3,3,7,7,3,8,2,3,2,4,9,2,4,3,3,2,1,8,5,3,6,5,4,4,2,1,5,2,4,1,7,2,2,7,3,5,3,3,1,3,3,6,5,5,1,4,5,2,5,2,3,5,2,4,1,4,3,1,6,2,3,1,2,6,5,3,5,5,5,4,5,4,1,7,3,3,3,3,1,2,5,3,10,6,5,4,4,4,3,2,3,3,3,5,2,7,1,4,2,2,9,0,8,4,4,1,4,4,3,6,4,1,5,2,2,5,8,4,4,4,4,3,3,5,2,4,1,5,2,5,2,2,2,4,3,4,3,6,7,3,5,2,2,3,1,7,3,7,2,2,7,3,5,1,2,4,8,4,2,4,5,3,5,0,2,3,6,2,5,6,5,2,3,2,3,2,3,1,2,4,9,4,3,5,4,3,4,7,4,4,2,4,2,4,3,2,2,3,6,3,2,1,4,4,2,4,7,7,3,5,2,3,3,7,3,4,4,5,3,5,3,2,5,1,2,3,7,6,1,7,5,4,10,5,4,4,2,5,4,4,0,4,3,4,4,3,2,3,1,5,5,4,6,3,7,4,5,2,5,6,3,6,2,1,8,6,9,2,2,6,2,3,4,4,3,3,3,6,1,4,4,3,1,2,2,5,4,2,4,2,9,4,4,4,7,3,3,3,3,1,4,5,6,3,1,5,7,0,4,3,2,9,3,4,2,3,4,6,4,2,7,7,3,3,3,4,5,3,4,4,4,2,5,4,3,4,3,8,3,5,4,4,3,4,4,2,1,3,3,4,3,0,2,4,3,4,7,3,4,1,6,2,9,4,5,3,2,5,4,4,2,4,5,1,5,6,5,1,1,2,4,5,5,5,3,2,2,6,2,5,2,2,1,2,5,1,7,0,3,2,5,0,7,4,2,4,1,2,2,7,5,2,3,1,5,2,4,9,4,0,5,0,3,3,5,5,3,5,3,4,5,4,3,5,3,5,7,4,4,5,7,1,3,2,2,1,2,2,4,8,2,4,8,5,2,2,7,1,5,3,3,6,1,3,3,3,4,2,2,4,3,3,4,3,4,2,4,4,6,5,3,0,0,2,2,6,3,5,2,5,3,4,4,4,6,7,3,3,4,1,3,1,4,4,2,3,3,4,1,2,6,4,4,6,5,4,4,4,3,3,3,6,2,6,0,4,5,7,2,3,3,4,2,4,0,6,5,2,2,6,3,4,6,4,4,2,3,3,3,6,2,9,5,4,4,2,2,6,4,2,4,9,5,6,6,3,2,3,7,0,9,2,3,1,4,3,6,5,7,4,5,5,2,2,2,4,7,5,2,6,4,5,2,5,1,4,4,3,3.735,7.54292719856218,0
3,10,5,2,3,5,2,1,2,3,2,4,8,4,1,7,1,3,4,2,3,3,1,6,3,3,5,4,1,3,2,2,4,2,5,7,3,5,0,4,7,3,6,3,5,3,6,5,2,3,3,4,4,1,0,8,3,1,3,3,4,7,4,4,7,3,5,2,2,7,7,3,3,2,5,3,5,0,2,5,2,2,2,3,2,5,5,2,2,7,5,4,3,1,5,2,8,2,5,2,4,6,7,1,1,7,6,5,5,6,2,2,1,7,3,5,2,8,3,2,4,4,3,8,1,3,6,3,2,7,3,8,0,3,3,7,4,1,3,4,4,5,1,5,3,4,4,6,1,6,2,4,2,4,2,4,4,3,5,4,8,2,6,5,6,1,1,6,4,2,2,3,6,7,4,5,2,4,3,7,2,3,5,2,4,4,3,3,6,3,3,3,5,3,1,4,4,3,5,2,8,5,6,6,2,2,5,5,6,4,2,3,3,4,4,5,1,6,4,8,3,6,5,3,4,4,8,3,2,5,5,2,4,3,6,1,3,4,4,8,8,3,3,5,8,1,3,3,6,2,4,3,7,3,3,3,2,8,1,4,5,3,3,7,1,0,4,2,6,2,1,5,3,3,4,4,3,4,1,0,2,3,0,4,1,3,2,4,4,3,3,5,5,2,3,3,9,5,2,6,5,2,5,1,2,2,2,1,7,1,2,6,7,3,2,2,2,7,2,3,4,2,2,5,1,5,1,6,3,3,2,2,0,6,3,5,4,3,4,6,6,7,2,2,4,3,5,5,6,3,6,2,4,5,5,3,5,3,6,4,7,4,2,1,5,7,7,7,3,8,4,2,2,4,8,4,3,5,5,5,3,5,6,8,6,6,1,2,4,5,0,4,7,6,2,6,5,7,5,4,4,1,5,5,6,1,6,5,5,6,6,6,5,5,4,0,4,5,0,5,3,1,1,6,5,6,3,5,2,3,6,3,0,5,3,4,1,3,1,5,2,2,9,3,4,0,4,3,4,5,5,4,2,5,6,7,4,3,3,4,4,3,6,7,2,2,4,4,4,5,3,1,6,4,2,2,1,3,5,1,1,0,6,5,3,4,4,0,4,3,5,5,2,4,5,5,3,2,3,3,3,3,4,3,5,3,3,5,2,1,2,4,2,4,6,7,6,1,6,3,1,1,2,3,5,7,8,3,1,3,5,4,1,5,2,1,3,2,5,2,1,5,4,4,2,2,2,6,6,3,6,6,3,4,4,4,6,3,8,4,3,3,5,3,2,1,7,3,2,2,2,4,1,3,4,1,7,4,6,3,1,4,5,8,3,5,6,4,4,2,6,2,7,2,4,3,2,2,8,4,4,3,6,3,4,9,5,3,5,8,5,2,6,3,3,8,2,7,4,3,3,1,4,5,5,3,3,5,3,5,2,2,4,3,3,1,6,2,5,4,6,2,4,3,2,1,4,4,4,4,2,2,1,3,5,4,2,6,3,3,4,7,6,1,0,4,2,3,2,3,6,6,5,4,5,3,4,6,4,1,5,5,1,2,5,9,2,2,1,1,2,5,3,6,6,3,7,4,3,2,3,8,7,4,5,5,1,3,4,6,5,4,5,5,2,4,10,3,7,3,6,2,6,3,4,2,3,3,5,6,6,4,3,2,4,4,5,3,2,2,4,2,3,3,3,4,4,3,2,3,4,5,6,2,7,2,3,1,6,4,3,6,2,4,2,3,3,4,5,4,4,0,4,2,5,7,3,7,5,1,5,5,4,4,4,5,3,5,5,6,5,6,4,0,6,4,6,4,4,3,5,0,3,3,5,5,4,6,4,4,5,8,5,4,3,4,5,4,6,6,3,7,0,6,4,2,3,5,5,3,1,2,2,4,5,5,4,9,4,7,1,4,6,1,5,2,4,3,4,6,1,3,5,1,3,6,2,3,4,4,1,6,2,6,7,2,2,5,3,2,5,1,3,9,9,4,5,3,3,2,3,4,3,3,0,4,3,2,3,2,2,3,1,3,7,8,5,2,7,4,3,3,1,4,5,4,3,6,5,2,4,2,5,3,3,4,0,4,1,3,1,5,5,2,3,1,6,1,4,6,1,6,6,0,3,7,4,3,4,2,4,6,3,1,4,2,4,6,1,2,4,6,2,3,3,9,1,5,5,2,3,3,3,3,4,3,2,5,5,3,5,7,2,2,2,6,2,0,6,4,3,3,4,5,4,3,4,4,3,3,2,4,3,4,0,4,3,4,3,6,3.775,7.51444938215263,0.0355506178473664
4,3,3,6,5,2,6,4,3,3,1,2,1,5,6,3,7,5,8,3,5,3,3,3,2,8,5,3,3,3,6,2,1,5,7,5,5,2,5,7,4,5,3,3,4,5,2,9,2,6,3,2,4,4,5,3,2,7,4,4,6,5,2,2,1,8,4,6,6,4,6,4,3,5,3,3,5,2,4,5,3,0,8,2,1,1,3,4,4,4,4,5,5,1,4,1,4,5,1,7,7,2,1,4,6,7,5,3,4,3,3,2,4,4,3,4,3,4,1,2,5,2,4,8,3,3,2,4,5,2,6,3,4,3,1,3,3,3,4,7,3,4,3,2,3,4,2,4,5,2,8,7,4,4,1,3,4,4,2,3,3,3,0,2,3,3,7,3,1,3,9,6,3,6,4,3,2,2,4,4,3,3,3,2,1,6,4,2,5,1,3,3,6,6,3,4,7,3,7,2,3,4,2,4,2,2,5,4,4,6,5,4,0,2,4,3,1,5,6,6,2,2,2,2,5,3,2,4,4,4,6,1,9,6,5,6,2,2,4,7,4,5,1,3,3,8,1,2,5,2,3,3,7,2,3,3,5,1,8,2,2,4,3,4,3,8,6,4,1,4,6,7,1,0,4,3,3,8,4,7,6,4,4,1,5,5,2,2,5,2,4,5,4,2,13,4,4,9,1,3,2,1,6,5,5,5,0,1,4,0,4,3,3,2,2,4,2,4,5,3,3,3,3,4,1,3,2,7,2,4,3,3,8,1,4,5,2,7,5,5,3,2,2,2,3,7,1,7,5,3,5,0,6,3,1,6,6,7,8,7,2,8,4,6,3,3,5,3,6,3,1,3,5,3,1,6,2,5,2,5,6,2,6,4,3,1,3,2,4,8,0,5,2,2,6,5,2,6,3,6,8,9,0,2,5,3,5,3,2,4,5,1,4,3,4,7,9,4,5,2,3,3,1,2,5,4,4,4,3,5,3,3,1,10,4,2,7,8,5,4,7,4,5,3,6,1,6,2,5,4,6,7,4,2,5,3,4,6,5,4,5,0,1,3,5,3,7,4,5,7,3,7,2,3,2,4,1,6,4,3,4,4,5,3,4,4,0,4,4,8,6,5,7,3,6,7,1,4,2,2,7,9,6,4,1,2,4,3,3,4,3,5,5,3,3,3,4,6,8,8,6,4,5,9,4,4,4,5,6,4,7,2,6,2,4,5,3,2,2,4,5,7,6,2,4,6,3,7,4,4,4,2,7,5,4,4,1,3,6,5,0,5,5,4,5,1,5,5,4,2,3,4,4,4,6,4,1,7,3,3,4,3,5,4,5,3,3,3,3,5,2,3,2,4,4,2,6,3,3,4,3,2,6,4,6,3,6,2,4,4,2,4,5,7,3,3,3,3,4,6,5,8,7,3,5,2,2,3,4,8,2,1,6,4,5,2,4,6,3,5,2,1,6,1,1,4,4,3,3,7,3,6,8,1,2,7,2,4,5,1,4,3,6,3,8,5,1,6,7,3,6,6,2,4,1,5,0,7,2,1,0,5,4,1,5,4,6,2,2,6,8,4,7,1,3,5,6,4,1,4,2,5,3,3,8,1,2,4,4,1,3,4,5,7,5,7,6,1,6,1,6,5,1,3,0,4,4,3,5,2,2,7,5,3,3,7,2,8,4,4,4,6,2,5,4,2,4,3,7,4,7,4,4,1,1,3,1,5,3,5,8,4,1,5,6,2,1,2,6,6,8,1,3,5,4,3,2,4,6,3,4,7,4,2,3,4,5,1,7,3,1,6,4,5,5,2,2,4,6,2,2,7,4,2,5,3,5,1,5,2,4,4,3,4,2,0,8,1,6,3,2,4,3,3,7,3,7,7,3,3,2,3,0,3,7,5,6,3,3,6,4,3,4,2,1,7,8,4,2,2,3,1,3,5,1,2,1,3,2,1,1,2,1,5,4,5,7,4,4,6,2,4,2,3,6,6,4,7,2,3,5,1,3,3,3,2,5,5,4,4,5,4,5,1,5,4,1,6,4,4,4,2,5,5,4,5,2,6,3,5,2,2,3,2,5,8,1,7,5,6,5,7,3,3,7,3,0,3,2,2,1,4,2,1,4,2,5,5,2,3,5,4,4,5,6,5,5,5,3,2,4,6,5,2,1,8,2,4,1,5,5,7,2,2,1,2,3,4,6,0,3,4,1,3,6,1,4,5,3,8,6,5,2,5,3,7,3,1,9,2,4,5,8,3,3,4,2,3,4,6,3.873,7.7450660801863,0.000933919813695727
5,4,3,5,7,7,1,3,0,5,3,1,5,4,2,3,4,5,2,2,12,5,4,1,3,3,4,2,5,0,7,4,1,4,6,3,4,2,1,2,4,3,2,3,1,4,1,4,3,5,1,6,4,3,4,4,5,9,9,9,3,7,2,4,6,5,5,2,2,5,7,4,3,2,4,6,4,4,0,7,3,5,3,1,3,4,4,3,3,1,2,4,6,5,2,2,3,3,6,6,2,4,8,2,3,4,4,4,2,3,4,2,2,1,3,2,1,7,5,4,1,5,5,4,3,4,4,5,3,2,1,1,5,3,3,4,4,5,6,6,2,3,3,3,3,7,4,2,9,3,3,6,3,4,5,3,6,6,4,6,4,7,3,2,3,3,3,1,1,4,5,2,0,2,1,6,1,1,4,4,3,4,5,6,4,6,2,8,6,4,3,2,3,2,3,4,9,5,4,4,6,7,2,3,4,4,1,0,4,4,5,6,5,2,1,3,5,4,1,8,2,2,2,4,2,4,3,3,10,5,3,3,5,5,7,6,3,3,1,7,1,3,7,3,3,2,3,1,11,1,3,2,4,5,4,2,6,2,7,3,3,6,2,6,1,4,1,2,2,3,5,6,4,4,5,5,8,6,2,2,4,3,4,5,0,8,4,7,5,6,7,3,2,1,4,4,3,4,3,7,4,4,4,1,2,4,1,1,7,2,4,4,5,2,6,3,3,4,3,1,2,6,1,3,3,3,7,1,2,4,7,5,3,3,3,4,5,2,5,3,3,4,8,4,5,7,4,1,2,3,7,4,5,5,5,7,3,3,2,2,5,5,3,3,10,3,2,3,6,2,6,5,7,1,2,3,6,4,3,5,3,6,4,9,4,3,2,3,2,4,1,1,0,1,4,4,5,1,2,5,6,6,1,7,2,1,4,5,3,6,4,6,9,9,6,8,2,3,3,4,1,3,3,1,3,6,2,1,0,2,3,7,2,4,5,6,5,5,6,1,1,3,2,5,1,1,4,4,5,4,6,5,1,4,3,3,0,1,3,5,1,8,3,5,4,4,3,4,2,2,1,6,0,8,3,1,5,3,5,3,6,1,3,9,2,2,6,4,8,0,5,2,2,1,4,6,2,3,6,8,4,4,3,8,6,6,7,3,4,3,3,2,5,4,6,5,2,2,4,7,8,2,3,5,4,4,5,2,5,1,5,4,3,3,4,6,3,2,2,2,3,7,6,6,2,5,2,6,4,6,0,6,2,3,4,3,2,0,1,4,4,2,4,1,5,4,4,2,5,2,4,8,5,1,2,4,4,11,2,4,6,1,4,2,4,6,2,3,4,4,4,1,3,4,3,6,5,6,3,0,2,3,1,6,4,3,9,6,5,4,5,5,4,4,7,3,5,5,3,7,3,4,5,2,0,4,3,2,4,2,2,2,3,0,1,2,2,6,1,8,5,4,8,3,5,5,7,4,4,1,7,5,2,3,7,1,3,4,6,4,5,3,1,5,3,4,4,3,4,6,2,7,3,4,0,3,4,3,4,5,7,5,2,4,4,2,2,3,3,4,4,2,3,5,1,5,5,3,3,6,5,3,2,7,4,2,5,4,6,1,2,2,3,5,4,1,3,8,8,4,5,8,4,11,7,3,5,5,2,4,8,4,5,4,2,5,3,5,9,0,1,3,0,3,1,2,4,4,2,3,2,7,6,5,3,3,3,3,3,3,2,3,5,8,4,0,8,5,1,10,4,3,4,3,3,2,2,1,3,3,3,5,2,7,0,6,4,4,3,5,5,8,3,5,4,2,3,3,4,7,3,0,5,2,1,5,3,5,8,4,1,1,4,0,3,5,3,7,6,5,2,5,4,4,1,4,2,6,5,3,5,2,4,3,1,5,7,6,5,3,3,6,2,0,1,1,5,2,5,5,4,2,3,4,2,1,3,4,5,4,3,2,7,7,7,1,7,4,8,4,7,3,4,5,3,1,3,1,3,8,4,1,2,5,1,3,3,4,6,7,3,2,8,1,3,2,3,5,3,3,3,5,5,5,3,6,1,6,3,5,4,2,5,2,5,1,3,2,5,2,6,1,3,3,6,6,3,5,7,5,8,3,2,5,1,3,2,5,4,4,4,5,2,4,5,6,2,8,1,0,6,3,5,5,6,4,2,4,4,2,3,3,7,6,3,6,7,3,4,1,2,5,1,1,5,4,5,6,3,5,5,4,3,4,4,1,4,3,5,2,3,3,6,4,6,4,4,3,3,7,3.797,7.75108364644491,0
2,3,6,3,4,7,2,5,0,3,4,3,6,2,4,6,4,7,2,5,3,2,1,1,5,4,1,3,5,3,1,4,4,0,1,2,4,7,5,4,6,1,4,4,5,6,6,5,5,2,5,4,1,3,4,6,4,3,3,3,3,1,1,5,4,8,10,2,3,3,3,3,2,6,2,4,2,3,2,7,4,4,1,4,2,5,3,2,3,4,2,2,6,4,5,1,6,7,3,3,5,3,6,5,4,5,1,4,3,4,4,5,6,6,2,3,6,3,2,1,2,1,1,6,3,4,3,4,3,5,4,2,11,2,6,4,2,2,4,4,4,5,10,4,6,4,6,4,2,1,2,1,1,7,5,4,7,2,7,5,3,4,7,0,3,4,6,3,2,4,2,3,7,6,5,7,1,4,6,2,3,2,3,3,2,7,5,2,5,1,5,3,3,2,4,5,8,2,3,4,2,4,2,5,3,3,8,3,3,2,4,4,4,1,4,2,4,5,5,6,4,6,2,6,5,3,4,4,4,5,3,4,2,5,4,3,2,3,1,6,4,4,4,4,4,2,2,4,5,4,3,2,3,4,5,4,3,6,4,6,7,8,5,4,3,5,3,7,5,1,5,6,2,6,8,6,4,4,6,3,4,3,3,6,6,4,5,7,6,5,4,6,5,3,5,1,6,2,4,3,7,3,7,3,5,5,4,2,4,1,2,3,7,6,2,3,2,5,5,2,5,2,3,4,4,3,1,2,1,1,8,7,6,3,3,3,3,0,4,6,3,3,7,4,6,8,1,4,3,4,7,2,2,2,3,3,3,4,0,5,13,6,2,2,2,3,2,2,4,5,5,3,3,9,2,3,4,4,4,4,3,7,5,5,4,3,0,4,5,4,1,6,2,3,3,0,3,1,5,0,6,4,5,3,4,8,7,5,3,5,3,8,3,4,3,1,5,5,0,8,6,4,3,2,1,8,9,3,3,7,2,2,4,5,5,1,2,5,6,3,5,5,4,6,3,3,6,6,5,5,8,6,3,4,4,2,2,6,5,5,3,1,5,5,4,3,6,5,2,2,5,1,5,4,1,3,1,1,5,4,3,3,3,4,5,3,4,4,5,2,4,6,3,6,8,3,1,6,5,4,9,4,3,3,6,2,3,3,4,1,3,3,3,1,1,5,6,1,2,5,3,4,8,4,1,3,5,4,3,3,6,5,3,5,2,5,1,4,3,6,3,1,4,2,2,5,4,3,7,6,4,6,2,3,2,3,3,3,12,5,5,2,2,3,5,5,4,0,3,3,9,5,3,1,2,2,2,5,2,2,5,4,9,6,5,3,3,3,6,4,4,1,2,5,2,3,2,4,5,6,7,4,3,1,1,8,6,3,4,2,1,4,6,3,4,5,5,5,1,2,6,3,1,1,2,2,5,4,5,1,3,3,7,4,9,2,2,4,2,5,4,2,2,1,5,5,5,4,1,2,6,5,4,7,2,2,2,5,5,2,2,3,4,2,3,8,2,1,3,5,3,5,5,3,3,3,3,7,3,7,4,3,2,8,3,6,3,5,3,6,6,7,5,3,5,4,7,6,1,2,1,3,4,3,4,7,4,3,2,1,4,6,1,3,3,4,2,6,12,2,8,1,6,0,2,4,6,6,3,6,1,3,3,8,4,5,7,2,3,3,1,3,5,5,1,5,8,6,2,3,4,7,4,2,3,4,5,4,2,2,2,3,2,2,5,4,4,4,2,3,5,4,3,8,2,2,5,5,5,3,4,4,1,8,8,1,4,4,9,4,2,4,4,3,4,2,5,1,4,5,2,0,4,7,5,2,4,2,6,5,3,8,6,6,3,6,7,4,8,5,2,3,6,5,2,1,5,2,4,2,3,6,5,4,3,5,3,5,5,4,2,5,4,4,6,4,3,5,6,3,2,5,8,3,3,5,1,3,2,4,3,2,4,4,3,0,4,5,1,3,4,7,4,3,5,3,6,3,4,4,6,3,2,4,4,7,4,3,6,8,4,6,3,5,4,3,3,7,4,8,3,4,4,7,6,7,3,1,1,2,3,2,11,3,4,5,4,4,5,3,4,5,10,2,2,3,2,6,2,8,1,1,6,2,8,3,3,3,2,7,6,1,5,1,6,2,6,4,2,5,2,1,2,4,2,3,2,2,2,4,6,2,7,2,3,0,8,3,6,2,5,4,4,1,3,3,1,3,4,2,3,4,5,2,5,1,2,2,8,4,5,3,3,5,4,2,3,5,6,5,3.866,7.71374403573896,0.0182559642610371
5,5,7,4,4,4,3,4,4,2,4,4,2,5,4,3,6,3,2,3,2,5,4,4,4,2,5,2,5,3,3,9,3,2,4,3,5,4,2,0,1,1,2,3,3,6,3,4,5,4,7,0,8,2,4,6,5,3,3,6,8,2,4,8,3,9,2,3,5,8,1,2,0,9,4,6,2,4,2,1,4,3,5,4,5,8,5,4,5,9,5,4,1,3,2,1,8,6,5,2,5,1,4,4,1,4,5,2,0,3,7,4,3,3,5,6,2,4,3,3,2,1,3,6,1,7,3,5,6,3,3,5,5,10,4,8,3,0,2,5,5,3,4,2,2,4,1,4,4,2,2,7,0,4,1,2,6,6,4,6,6,4,5,5,8,8,4,3,6,3,6,0,3,2,3,2,3,4,2,1,2,3,2,2,1,1,6,4,3,2,2,7,6,5,3,2,3,1,3,4,4,3,3,1,2,3,4,2,4,7,4,2,2,2,5,3,7,1,7,3,3,5,5,3,5,3,3,3,4,2,4,4,3,4,5,4,5,4,3,5,2,4,4,8,11,7,3,2,6,4,5,1,3,0,3,10,4,5,3,1,4,9,3,0,4,4,5,3,3,5,6,2,1,1,4,2,6,8,3,4,3,2,4,4,3,7,1,5,0,1,1,5,3,3,3,6,8,6,4,4,7,7,1,3,3,2,4,3,4,3,5,8,3,3,3,6,5,5,4,1,3,3,1,6,5,2,4,3,5,6,2,3,4,5,5,3,3,4,3,5,4,1,7,4,6,6,4,3,6,2,7,5,6,3,3,7,5,4,2,8,4,2,7,7,6,5,6,3,1,3,3,1,5,3,8,4,4,7,6,2,4,2,5,4,6,2,4,3,3,2,2,3,3,3,4,5,3,2,0,4,4,4,3,7,4,2,12,4,5,3,3,0,4,3,3,4,3,7,1,1,3,3,3,1,4,1,4,2,3,3,5,3,7,2,3,2,9,4,3,2,3,6,6,3,4,3,5,4,2,5,6,2,2,6,3,1,3,6,1,6,2,5,2,5,8,0,4,10,2,5,4,6,5,6,4,3,7,3,3,3,2,2,2,5,2,5,4,3,3,8,3,2,4,6,4,6,1,2,1,6,4,4,8,6,5,3,6,0,5,3,3,3,2,3,4,4,2,1,6,7,1,0,4,4,3,4,5,5,5,3,6,6,2,5,4,2,3,1,5,5,3,9,0,3,2,5,4,8,4,4,3,7,5,6,0,4,6,4,2,5,0,3,2,4,6,4,3,3,3,1,3,4,5,2,4,1,5,5,3,3,1,1,3,3,3,8,1,5,4,1,3,1,4,4,4,2,2,4,7,2,4,1,4,6,1,4,5,8,3,2,4,2,2,0,3,4,4,1,3,3,4,2,4,1,3,4,3,5,4,5,3,9,6,3,6,2,5,4,5,2,3,2,3,6,3,5,3,3,6,2,3,3,7,1,3,5,10,5,5,1,2,8,3,2,4,3,4,2,1,4,1,2,3,3,5,1,2,5,5,3,2,5,2,5,4,3,6,2,6,3,6,7,4,5,2,2,4,4,2,2,6,4,3,7,6,4,4,3,0,3,3,5,2,4,1,3,7,7,6,1,2,3,5,3,2,3,5,2,3,1,3,6,4,1,1,4,7,4,4,4,4,7,4,2,1,2,4,1,11,2,6,3,3,4,5,4,2,2,2,2,2,6,5,5,4,3,2,2,2,8,4,2,2,6,6,2,1,6,2,2,6,3,4,5,1,2,5,4,2,4,2,5,2,5,4,5,4,8,4,2,1,1,1,3,3,4,4,2,6,4,1,6,3,2,0,4,5,0,3,7,5,2,3,4,3,4,5,6,4,1,4,5,0,7,4,4,2,1,6,3,2,2,3,7,4,4,2,4,4,7,2,7,3,5,3,0,4,0,4,4,4,7,2,6,4,2,4,6,10,2,3,1,2,5,3,2,8,4,5,2,2,4,6,4,3,0,1,8,1,0,5,6,1,3,6,3,4,0,7,5,5,4,11,2,3,2,5,6,3,1,3,5,4,5,1,3,3,5,4,7,4,4,4,8,7,1,3,5,2,7,3,2,4,4,2,5,6,3,4,5,2,5,4,6,3,1,8,7,3,3,4,4,2,4,5,9,2,2,7,7,1,3,4,5,4,2,3,5,3,1,6,3,5,2,2,7,6,3,3,3,6,1,5,8,6,4,5,2,8,3,7,3,6,5,4,4,6,5,5,4,3.784,7.71347659322418,0
4,2,3,0,3,3,3,3,3,2,4,6,5,5,4,3,2,3,2,3,2,3,2,1,10,7,5,3,3,3,1,5,4,7,3,5,5,4,1,10,4,4,4,6,4,9,2,2,4,2,4,2,0,3,2,3,3,2,3,3,6,2,2,0,4,1,3,3,4,6,4,5,2,7,3,2,2,3,4,4,2,3,4,5,1,4,6,7,6,4,4,7,7,3,5,4,6,6,2,4,7,4,1,3,6,4,5,5,4,5,5,4,7,9,2,1,2,2,2,3,6,7,3,1,6,1,2,3,3,6,6,4,4,3,4,5,10,4,3,6,5,4,2,3,5,5,2,4,0,1,7,7,5,3,1,5,2,3,2,2,6,3,3,3,4,2,5,2,3,7,5,0,6,6,1,1,7,0,3,2,5,3,6,3,1,6,5,3,5,0,4,1,4,2,2,4,3,1,1,4,0,2,2,2,1,2,1,5,7,5,4,4,5,6,6,3,4,0,6,4,6,5,8,5,4,5,5,9,4,2,2,5,3,3,8,6,5,6,0,0,2,9,5,2,8,2,9,4,3,3,6,6,6,2,1,4,5,3,6,2,0,6,4,7,4,3,5,2,5,3,3,9,4,2,2,5,4,2,4,6,5,4,0,3,3,3,5,5,3,7,5,4,2,4,5,5,4,4,3,2,4,4,3,3,4,4,5,3,4,3,4,1,3,2,1,0,3,1,3,2,2,2,1,5,3,5,4,3,3,2,2,4,4,4,5,6,2,2,4,3,2,7,3,6,5,1,2,6,3,3,3,1,6,2,2,3,4,3,5,3,1,3,1,2,2,5,2,2,5,7,7,2,3,1,4,3,1,2,3,2,2,5,2,10,6,4,0,4,5,3,3,2,10,2,7,9,0,6,9,3,6,0,2,2,5,2,3,5,3,8,1,3,5,5,2,7,3,5,3,1,3,2,1,1,2,4,1,4,9,3,4,4,5,5,4,3,0,6,3,4,3,3,2,5,5,1,3,2,6,4,5,5,1,1,3,5,3,4,7,2,4,3,5,1,1,2,0,3,6,2,4,6,2,5,1,0,7,3,4,4,3,1,4,4,4,4,4,5,4,2,4,3,3,1,3,5,7,6,3,4,7,4,5,4,5,6,1,7,3,5,0,5,2,4,1,2,4,2,5,6,6,2,3,5,7,3,6,1,3,4,5,8,1,6,3,0,5,3,5,3,1,1,8,5,4,4,3,5,4,3,5,5,2,5,4,5,2,5,3,3,2,4,1,5,4,5,4,5,4,2,5,0,5,1,5,3,3,7,5,5,4,1,5,4,2,6,6,2,3,3,1,5,1,2,3,3,2,2,5,4,7,3,2,4,3,3,3,6,3,3,3,3,4,4,3,1,2,3,2,1,1,3,3,2,6,3,5,2,3,2,3,2,7,4,3,1,1,3,0,2,4,2,4,2,4,2,3,6,5,9,3,7,5,3,4,6,4,5,6,4,4,3,3,4,2,1,6,5,5,5,5,2,6,2,4,1,1,7,5,4,6,12,7,2,3,3,3,5,4,4,2,4,3,3,7,5,3,7,4,0,4,6,3,2,3,1,2,2,5,4,4,1,3,1,4,4,3,5,6,2,7,6,2,4,7,7,6,1,4,3,9,4,0,3,3,7,8,6,6,4,6,4,3,4,3,2,5,4,3,2,5,5,1,2,7,2,5,5,5,0,3,6,4,2,2,6,3,6,1,0,2,1,3,3,3,4,4,2,1,1,4,9,7,4,5,7,1,6,4,2,2,1,4,4,4,5,3,1,6,0,4,5,4,6,5,2,8,2,3,2,5,3,2,4,6,4,3,5,6,3,3,10,0,4,4,5,3,3,6,4,5,4,6,2,6,5,4,3,5,2,1,3,5,3,5,2,3,1,5,6,5,2,1,4,4,5,4,5,3,2,4,7,8,8,10,2,7,4,5,3,4,2,1,6,3,3,4,1,1,3,3,4,3,3,5,2,4,6,4,2,0,2,5,3,2,4,4,3,2,6,1,1,5,0,1,4,5,5,1,2,4,8,7,5,4,5,5,3,1,4,1,3,2,1,1,7,3,1,0,2,2,8,0,3,5,5,3,7,7,3,2,4,5,6,4,6,3,4,0,3,3,1,1,3,4,2,4,2,2,4,4,3,3,2,3,5,1,2,8,2,6,5,5,3,6,6,6,4,2,7,7,2,5,1,5,3,7,4,6,2,3,3,1,5,3,6,4,4,2,5,3.691,7.58813482577266,0
3,2,7,3,4,1,1,5,4,0,0,6,5,4,3,1,4,6,6,0,6,3,2,4,5,3,1,6,4,4,1,7,4,1,2,1,4,3,4,4,2,2,1,2,1,3,5,3,1,3,3,6,8,7,6,9,2,2,1,3,6,3,2,5,6,4,1,5,3,3,4,4,3,4,5,3,1,5,0,6,6,1,3,0,1,2,5,3,3,6,5,5,6,5,4,1,4,2,2,2,4,1,5,2,7,3,3,6,2,2,9,3,4,0,3,2,5,4,1,0,3,4,5,3,2,2,3,6,2,5,7,4,2,2,4,3,2,1,2,3,4,4,2,3,3,5,1,3,3,6,5,2,5,8,3,3,3,6,1,4,2,4,4,2,1,4,2,4,3,4,5,7,4,3,4,6,3,3,2,4,3,5,2,2,6,4,2,2,3,1,6,2,1,0,1,2,8,2,2,3,2,1,2,4,7,1,6,4,5,3,1,4,3,4,4,5,5,2,5,5,3,9,3,5,5,4,5,3,4,3,1,2,2,3,8,6,3,3,3,9,3,6,1,3,6,3,4,3,1,0,1,3,0,2,4,0,5,6,3,6,3,2,6,6,3,3,4,2,6,3,2,5,3,4,2,4,0,3,6,4,3,2,4,2,1,3,6,1,3,1,2,1,3,3,9,6,3,3,4,6,0,2,3,6,2,7,5,1,3,2,2,1,4,3,6,5,3,4,5,3,3,1,2,2,4,4,4,3,0,4,4,5,4,4,2,6,5,5,2,1,7,4,4,3,6,3,2,3,3,8,2,3,1,2,1,5,3,2,3,6,1,1,2,4,4,6,1,3,4,6,2,3,3,3,3,4,3,4,4,4,7,3,6,2,3,5,1,7,4,3,1,2,3,2,5,3,5,5,5,6,7,5,2,4,2,4,3,5,4,4,6,5,5,3,3,0,3,2,4,0,2,2,4,2,5,4,6,2,5,5,2,1,4,4,3,1,1,4,4,6,2,1,5,4,5,3,2,3,0,2,2,4,2,5,3,2,3,4,4,3,4,5,3,5,2,3,2,3,5,7,4,3,3,8,2,5,5,3,3,3,4,2,3,4,8,4,5,0,1,1,5,4,1,5,1,6,8,2,5,3,4,5,1,4,6,1,9,2,5,6,2,4,3,3,5,3,4,4,7,4,3,3,5,1,5,7,2,5,3,0,4,7,5,3,6,5,6,3,2,3,2,3,2,3,1,3,1,6,5,3,8,2,3,3,3,2,8,3,0,3,4,1,3,6,1,4,1,8,2,2,5,5,2,3,2,4,1,6,3,2,2,0,6,4,2,3,4,4,3,5,4,2,6,6,5,4,3,2,8,4,2,4,6,3,2,6,5,3,3,5,2,4,3,4,2,2,2,2,6,7,6,4,0,4,7,3,5,2,2,3,5,3,6,7,3,2,3,4,2,1,9,5,1,6,1,3,1,4,9,3,5,4,0,6,1,3,5,3,2,3,8,6,5,1,3,5,8,4,2,1,4,6,5,2,6,3,1,4,3,2,6,4,2,2,5,5,4,2,3,1,5,5,3,5,1,6,2,6,5,9,5,1,3,5,4,4,1,5,4,6,3,4,3,3,4,6,2,4,6,3,8,1,3,2,2,4,4,3,4,0,4,3,5,5,1,7,2,5,3,3,2,4,4,5,3,6,7,3,1,4,3,5,3,1,4,3,5,4,4,4,2,0,0,7,3,2,5,6,3,5,2,4,3,2,3,2,2,0,3,6,6,5,1,7,1,3,1,2,4,3,5,2,4,3,4,1,4,2,2,4,3,3,2,2,0,4,4,6,2,1,1,2,4,5,2,2,0,3,4,6,3,1,1,4,4,3,3,1,7,3,4,5,1,2,5,3,1,4,9,0,5,3,3,1,3,6,4,4,3,2,0,3,3,3,3,1,4,3,6,1,3,6,3,7,2,1,2,5,3,5,4,2,1,3,2,5,2,4,4,5,1,1,2,1,4,3,3,2,2,2,2,5,2,5,2,8,2,2,1,4,4,3,8,1,5,3,4,4,2,5,1,5,6,1,3,7,4,0,3,1,1,2,4,2,3,5,2,3,4,5,4,2,5,2,4,2,3,3,4,1,3,6,7,1,3,8,2,4,5,4,2,5,3,3,5,5,3,4,2,1,3,7,4,3,3,8,5,1,3,3,2,1,1,1,6,2,3,1,2,5,2,7,5,3,1,0,3,3,3,2,2,6,2,2,5,3,3,3,1,3,3.446,7.10578271266258,0
4,2,3,4,2,4,4,3,3,3,5,3,4,6,2,5,4,5,4,7,7,2,6,1,3,6,2,2,7,2,2,2,3,0,2,1,5,1,2,2,5,1,5,3,4,8,3,7,5,3,5,3,4,0,4,3,4,5,5,3,3,5,4,2,0,3,2,3,0,6,3,5,1,3,5,5,2,6,3,5,5,5,3,3,2,3,0,4,5,1,5,1,4,4,1,3,4,1,3,2,3,2,1,4,1,4,7,3,5,5,0,0,2,2,2,4,6,3,4,2,5,1,5,2,1,6,2,0,4,2,4,4,7,2,5,2,7,2,3,3,2,3,5,3,1,1,5,4,2,1,5,0,4,4,2,3,1,6,4,5,3,3,2,2,5,2,3,2,2,3,5,2,2,6,5,4,5,3,1,3,6,3,1,8,5,1,1,6,4,6,4,2,1,4,2,3,3,1,3,4,7,7,4,4,5,1,1,2,6,8,3,3,5,6,2,3,5,3,2,1,5,2,2,5,4,3,4,3,6,2,6,3,1,4,1,5,2,1,2,7,0,3,4,3,7,3,2,3,0,7,3,3,3,4,3,5,6,6,6,2,4,2,1,3,3,7,5,2,3,4,5,1,2,3,5,0,1,1,5,3,2,8,4,2,4,3,2,3,4,5,5,3,6,4,6,3,1,2,3,4,3,3,1,2,8,3,3,1,6,3,3,5,5,3,4,4,4,4,2,2,2,3,4,3,2,4,7,5,2,8,1,2,1,3,4,5,4,3,5,5,1,6,4,4,6,2,1,5,2,4,5,2,2,3,5,7,1,3,4,3,9,2,3,2,1,3,3,4,3,5,5,4,1,1,2,3,7,1,2,3,0,7,6,1,6,3,2,3,1,1,1,4,5,5,6,3,4,3,3,2,2,2,3,3,2,3,4,4,3,1,2,2,5,4,0,3,5,6,2,6,2,0,2,1,4,3,3,2,1,3,6,2,1,2,5,2,5,1,3,3,2,2,4,5,3,1,3,2,4,5,4,3,5,5,4,2,4,5,2,3,2,1,4,5,3,3,5,2,3,2,4,5,1,4,4,3,5,1,2,3,3,0,2,4,2,10,2,1,2,2,6,1,6,3,4,4,2,3,2,1,5,4,3,5,7,5,2,4,1,7,4,2,2,5,2,1,1,3,5,5,1,2,5,4,3,3,5,5,8,2,4,4,2,2,3,8,4,5,1,0,6,6,3,5,6,4,3,7,3,2,2,4,1,4,3,5,4,8,7,4,5,6,5,4,5,3,2,1,3,1,6,1,3,6,1,2,4,5,3,3,3,5,5,2,2,2,2,3,4,4,2,2,6,5,6,2,3,6,6,6,5,3,6,6,3,4,4,4,2,4,4,0,3,3,5,3,3,4,4,2,2,5,2,1,3,1,1,4,4,4,4,1,7,4,4,2,3,6,4,3,2,2,2,4,5,4,4,3,2,4,5,3,7,3,5,5,3,4,2,4,1,3,4,6,3,8,0,5,2,4,5,4,2,4,6,2,3,3,0,3,1,2,5,3,6,0,4,1,1,6,1,2,2,6,4,2,2,2,4,4,7,2,4,0,4,3,8,3,4,2,2,7,5,4,3,4,6,4,6,4,8,1,2,4,3,3,5,4,5,0,3,0,1,2,3,4,2,3,7,5,2,3,6,3,1,4,2,2,4,4,2,1,6,10,5,3,5,1,4,3,2,2,4,2,4,5,2,3,6,1,2,3,7,3,3,5,2,2,5,5,3,1,3,2,4,4,7,2,1,4,3,4,0,2,4,5,0,6,6,2,1,2,3,6,2,3,2,3,2,2,2,2,1,2,4,4,5,3,5,5,5,4,3,4,4,6,3,5,1,1,3,5,8,0,3,2,6,4,3,6,3,3,3,7,3,6,1,1,4,2,2,5,9,2,3,7,2,4,1,0,2,3,8,5,4,6,3,2,2,3,2,6,5,9,3,3,2,4,0,3,2,1,6,4,3,3,2,3,0,3,1,2,2,3,2,7,3,6,0,3,2,1,7,3,4,5,4,1,1,3,4,0,6,4,4,2,4,3,5,6,1,5,1,7,4,1,5,5,9,6,4,7,4,3,4,3,4,2,4,6,6,6,8,4,1,3,4,3,4,3,2,7,1,2,3,4,2,1,2,3,3,5,1,4,5,1,5,1,3,6,2,4,4,3,5,4,2,4,5,2,2,3,3,5,2,5,4,2,1,1,2,4,4,4,4,0,4,3,3,5,3.405,6.98612613913898,0
1,5,6,4,2,5,4,5,3,3,4,4,6,2,5,5,4,3,2,2,1,4,2,1,6,2,6,2,5,3,4,1,2,2,0,3,5,6,1,4,3,3,3,3,4,4,0,2,5,2,3,5,1,3,6,6,1,4,5,3,3,2,1,2,4,5,1,3,2,5,4,6,8,5,5,4,2,2,1,4,1,3,1,5,4,2,7,3,4,4,6,4,4,2,1,0,5,4,4,4,4,4,0,3,4,8,7,1,6,6,3,3,5,3,3,3,3,2,6,2,0,3,7,5,3,4,4,7,0,1,3,6,5,7,1,4,2,4,3,3,1,2,2,3,2,2,0,5,2,4,6,3,5,3,3,2,2,2,4,2,0,1,2,3,2,5,1,1,1,3,5,6,1,0,10,4,6,4,2,1,1,6,5,2,1,5,5,3,7,1,3,1,0,2,1,4,2,4,6,0,5,3,1,2,2,4,4,2,3,6,2,3,2,6,7,5,5,3,8,3,2,6,4,4,4,4,3,5,4,2,4,4,5,6,4,2,1,1,1,3,3,6,4,4,4,2,3,1,4,2,5,2,6,1,3,2,2,7,9,2,0,2,7,0,5,1,4,2,5,2,1,1,8,1,3,3,3,2,5,4,6,1,6,5,3,2,5,5,4,2,2,4,4,4,5,1,1,0,2,5,5,1,7,3,3,2,4,6,3,2,3,2,4,3,4,6,5,1,5,2,0,2,0,5,5,1,4,4,1,3,6,6,4,1,5,4,4,1,1,3,2,2,3,6,3,5,4,8,2,3,3,3,6,1,4,4,6,2,2,3,2,1,2,1,3,2,3,4,4,2,1,6,4,4,1,6,2,3,4,3,3,1,3,3,6,1,5,3,2,3,4,5,7,6,3,3,5,2,3,3,3,1,6,2,4,4,4,4,3,2,6,3,4,3,3,2,2,3,4,4,5,3,3,2,4,4,4,4,1,6,4,4,5,5,2,3,3,1,1,3,3,4,1,1,2,6,4,2,4,4,3,2,6,5,6,4,5,2,3,5,1,7,1,6,3,5,2,3,3,2,3,6,3,4,4,3,2,6,1,4,10,3,5,2,1,1,4,2,1,6,9,5,4,3,3,7,4,6,1,2,4,3,2,0,2,2,2,3,4,3,2,5,2,4,6,3,2,6,4,4,2,1,4,3,2,3,6,7,4,2,0,2,5,7,1,3,2,1,4,2,6,3,3,0,5,4,1,3,3,5,4,4,2,4,2,3,4,3,3,0,1,6,0,3,6,3,2,8,1,3,0,2,3,3,2,4,8,4,4,4,4,1,2,0,5,3,5,3,1,3,3,2,4,5,5,3,2,5,1,7,3,2,1,1,3,3,4,2,3,3,5,3,3,3,6,3,2,4,3,4,3,2,1,1,2,2,3,4,2,4,6,5,4,0,2,3,5,7,4,2,4,8,3,3,4,2,4,2,4,2,3,1,4,5,3,2,3,3,3,3,7,4,3,5,5,3,3,1,1,2,4,2,6,4,4,2,4,3,2,2,6,3,4,4,6,5,5,2,8,4,4,4,6,1,1,3,7,3,2,1,5,4,4,4,2,0,2,5,2,2,3,1,2,4,5,6,3,4,3,3,1,1,1,4,1,6,2,5,4,1,4,2,5,3,2,6,4,2,2,2,2,4,3,6,2,7,3,3,1,6,3,4,7,2,4,3,5,6,1,3,1,1,1,2,2,4,6,1,2,0,3,2,6,5,5,4,5,0,4,2,1,7,6,4,0,5,1,4,6,2,2,4,2,5,2,3,4,6,1,4,3,3,0,1,2,7,4,2,6,1,6,6,4,2,4,5,4,1,4,3,4,2,3,3,4,0,7,1,2,2,5,1,4,6,1,3,2,5,1,0,3,4,6,1,4,4,7,3,5,7,3,2,2,2,4,1,7,0,5,2,3,2,2,3,2,4,4,1,4,4,3,2,1,1,1,2,5,2,2,4,3,3,0,2,3,5,5,5,3,4,1,3,3,7,2,3,4,1,3,6,4,2,2,4,4,5,5,4,3,1,4,3,1,3,4,3,1,4,5,3,4,7,3,2,2,2,4,0,4,7,3,4,4,3,1,4,3,5,6,1,1,2,6,1,4,1,3,8,1,2,1,0,1,1,0,2,1,3,5,5,4,1,3,3,1,4,5,8,4,5,2,0,4,2,0,1,4,3,1,3,5,5,6,0,5,3,6,4,8,5,2,6,9,3,4,2,4,3,4,3,3.302,6.88517706392965,0
1,2,0,4,6,1,2,3,2,2,2,1,4,3,2,4,5,3,2,3,6,4,0,3,5,1,5,6,6,1,4,1,6,1,2,4,3,2,3,5,5,3,1,4,3,3,0,5,3,2,5,3,7,4,1,3,4,2,7,4,6,2,5,1,4,0,2,3,4,5,3,3,5,6,1,5,2,5,2,3,3,3,4,2,2,2,5,2,1,6,6,2,7,1,4,1,6,3,2,4,6,1,4,3,1,8,3,2,2,5,4,2,4,3,4,0,2,2,3,6,0,3,3,4,5,2,2,6,1,0,1,1,7,6,4,7,2,7,2,1,4,2,2,0,4,1,2,2,2,3,5,4,2,7,5,5,4,2,3,0,6,2,2,5,3,1,4,4,5,5,4,2,3,3,5,5,4,2,1,1,1,2,2,5,3,6,5,2,3,4,8,2,3,0,4,3,2,1,7,3,3,4,1,1,3,2,5,3,2,2,7,4,7,2,7,4,2,2,2,5,6,4,2,4,5,6,2,0,4,4,1,3,2,3,5,6,3,1,5,5,5,5,5,3,5,6,2,4,3,2,6,0,6,3,2,3,6,3,4,3,4,5,3,2,4,4,2,1,1,5,4,4,3,2,7,4,4,5,4,2,2,3,4,3,7,3,5,2,4,5,5,4,0,3,7,3,3,5,5,3,3,3,3,7,6,5,1,4,2,4,5,1,3,4,2,1,3,2,1,3,3,1,1,3,2,2,1,3,0,3,4,7,2,1,5,8,5,4,5,1,4,5,4,3,5,3,5,2,4,5,4,4,6,3,2,2,4,3,7,4,3,2,4,5,0,9,6,2,2,4,6,4,2,7,5,2,1,2,4,4,2,3,2,1,0,2,5,5,3,2,6,3,4,3,5,5,5,3,4,1,2,3,3,5,4,6,2,6,5,2,3,2,5,3,4,5,2,0,3,2,3,2,5,8,1,3,6,2,3,4,5,4,2,2,1,1,4,1,2,4,1,5,3,1,2,3,7,3,6,2,2,6,2,7,1,1,2,3,4,6,3,4,3,2,3,3,5,3,2,3,0,1,2,4,4,6,1,6,1,1,2,6,1,5,3,5,2,2,3,3,5,0,2,8,2,4,5,5,4,5,2,3,2,6,1,4,4,0,5,7,2,3,4,1,5,4,1,3,5,2,2,2,1,4,8,3,2,0,2,2,2,4,4,4,2,2,3,1,7,1,4,2,4,3,5,5,2,1,3,5,3,3,4,6,3,1,3,1,3,0,4,5,5,3,1,0,2,0,2,7,3,2,2,6,4,4,3,5,2,2,4,0,7,2,4,5,3,5,3,6,4,2,3,4,1,2,3,1,8,5,0,0,2,4,2,5,2,2,5,3,1,8,7,7,0,2,2,4,2,5,2,1,3,3,5,0,1,2,3,1,3,1,3,2,6,5,3,2,5,5,5,2,4,4,1,4,3,2,7,3,3,3,4,6,1,4,5,3,7,4,3,0,2,2,3,3,2,2,2,2,5,7,3,2,2,2,5,5,6,6,2,2,0,2,7,1,7,2,3,4,3,3,4,4,4,2,5,2,2,1,10,5,4,3,7,2,0,2,5,2,1,3,2,2,3,2,5,5,4,2,5,2,3,4,1,3,2,2,1,3,3,2,4,2,3,2,2,4,4,2,4,4,3,4,5,1,5,5,2,2,3,5,6,3,6,1,1,1,4,1,5,2,5,9,3,2,4,0,2,4,2,2,5,3,4,5,4,3,5,2,1,6,7,8,4,0,3,4,3,2,1,3,3,4,2,3,3,2,2,3,5,2,3,4,6,3,3,7,7,2,3,3,2,3,2,2,5,4,3,1,6,3,4,5,9,2,2,3,7,4,5,5,0,5,3,0,2,2,1,4,5,4,5,3,5,4,0,6,4,3,4,1,6,3,2,2,4,2,5,5,3,7,3,2,4,2,2,5,2,6,2,4,3,4,5,3,3,3,5,3,2,4,3,6,1,3,4,4,4,1,1,2,1,0,3,5,0,3,4,3,3,2,7,3,5,5,2,2,5,3,5,6,6,2,4,3,5,1,7,2,1,2,3,2,1,0,1,1,3,4,4,6,3,2,6,2,2,1,1,4,4,2,6,4,5,4,5,5,4,4,2,1,1,4,4,3,2,2,5,6,2,3,5,4,2,3,2,4,4,4,7,2,1,2,0,3,9,4,4,4,5,2,4,5,5,1,5,3,4,3,7,6,2,3,1,2,2,2,4,3,3.306,6.86201242500175,0
4,3,2,4,3,2,3,1,3,2,1,2,6,3,4,7,0,7,2,4,1,2,3,5,1,4,1,2,4,1,4,1,1,3,4,3,2,6,3,1,0,2,0,5,4,6,1,4,1,3,7,2,1,2,4,6,3,4,1,4,5,3,4,5,2,6,2,6,2,4,3,2,6,5,3,4,2,5,4,5,3,4,6,3,2,0,2,4,1,5,2,4,2,5,5,2,4,3,4,1,4,1,4,3,4,3,2,6,2,3,4,7,5,4,2,5,3,5,4,1,1,3,2,3,3,2,0,2,4,4,3,4,2,4,4,4,5,2,3,4,3,1,4,6,3,2,2,7,3,1,5,3,4,5,4,2,1,4,6,13,4,4,2,2,2,4,0,4,3,3,6,4,0,5,7,2,2,1,3,4,6,1,3,5,6,3,5,5,6,1,3,4,4,2,2,1,3,5,2,1,4,4,2,5,3,2,8,7,7,2,2,2,4,4,2,4,3,4,6,3,2,4,3,6,3,1,4,2,2,1,3,2,2,3,0,5,7,3,5,4,1,5,4,4,0,10,2,2,2,1,4,3,5,4,2,3,2,2,4,7,4,3,0,8,2,1,3,3,3,4,7,4,2,0,3,4,3,3,1,7,2,4,4,4,4,1,3,4,2,7,3,4,1,4,3,5,2,0,5,5,2,5,2,2,3,0,7,2,2,7,0,0,5,4,0,6,4,3,5,5,3,1,3,3,9,4,4,5,1,3,2,3,4,4,4,3,4,6,3,5,2,6,1,2,6,5,0,3,5,2,6,1,5,2,4,3,6,3,5,8,2,3,2,6,4,3,1,9,7,3,1,4,2,2,2,3,2,2,1,6,5,1,4,3,6,1,4,2,3,2,5,2,1,2,2,2,8,3,2,1,2,4,3,7,3,4,3,3,5,3,3,2,8,2,2,2,3,2,2,4,0,4,2,1,2,4,6,0,2,2,1,5,4,1,4,7,3,2,6,2,2,3,2,5,4,4,4,0,5,2,1,4,5,5,4,2,2,5,4,4,2,4,2,5,1,3,4,5,4,3,5,3,0,3,2,1,6,0,3,6,1,2,3,9,7,3,2,7,5,3,2,1,5,3,4,8,3,3,6,5,8,1,4,4,5,1,2,3,2,6,1,2,2,2,4,7,6,7,5,3,3,1,5,4,3,2,5,2,0,4,4,2,2,4,5,2,3,2,3,5,4,2,2,2,2,2,2,3,3,2,2,2,4,1,0,4,6,6,7,4,6,0,4,0,5,2,4,3,5,2,3,4,3,5,6,5,5,1,2,1,3,0,4,4,4,3,6,3,0,2,1,5,3,3,4,6,2,1,5,4,4,2,2,1,5,3,1,1,5,1,5,5,2,4,1,3,3,4,6,4,3,6,2,2,3,1,6,4,2,2,1,3,3,3,3,2,4,4,4,8,6,4,1,1,3,2,2,7,7,3,3,6,5,4,2,4,6,4,6,3,3,4,6,2,2,3,4,2,5,4,1,4,7,4,1,0,1,4,2,1,3,4,2,2,2,1,5,10,6,1,4,6,3,6,5,0,1,2,5,0,3,3,2,5,3,3,3,4,8,5,7,1,1,3,3,3,1,4,6,3,8,3,5,1,1,0,2,2,4,3,4,0,4,3,4,4,5,6,2,3,0,1,1,2,2,2,5,1,1,6,3,3,7,6,2,1,3,6,6,5,1,4,3,4,3,5,7,5,4,2,5,4,3,1,3,3,1,3,1,3,4,1,3,3,0,2,4,5,7,2,2,7,4,4,1,6,1,2,3,3,1,4,4,5,1,1,4,1,4,1,3,6,2,1,3,3,4,4,3,5,4,5,1,6,4,2,5,2,3,5,3,2,2,3,1,2,4,1,8,3,3,5,1,1,1,3,3,0,3,2,4,3,4,4,5,0,3,2,3,5,1,2,4,3,2,6,5,3,6,5,4,5,1,5,3,5,6,4,3,0,2,5,2,5,4,1,3,2,2,2,3,4,3,1,3,4,3,4,5,7,6,2,6,1,2,5,2,2,2,1,2,3,4,2,2,1,4,3,5,4,4,3,2,2,5,3,1,3,0,3,2,5,4,3,3,4,8,4,5,3,3,2,5,5,5,7,5,4,3,0,4,4,4,3,3,2,4,1,6,2,1,5,1,4,3,3,3,2,5,3,4,4,4,4,5,2,3,3,5,0,2,4,5,4,5,4,3,4,1,3,6,4,4,4,1,6,6,2,1,1,3.305,6.90913908979364,0
3,4,11,2,2,3,6,8,3,3,2,2,3,5,4,5,6,1,2,3,5,1,3,0,3,2,1,1,3,4,2,3,4,0,2,5,3,6,4,4,2,2,3,3,4,1,2,4,5,2,2,4,7,5,2,4,4,4,1,2,3,5,4,5,3,2,3,5,6,2,4,7,1,2,3,5,6,1,2,2,4,6,2,2,2,4,4,6,3,9,1,2,0,0,3,2,7,7,1,4,5,2,1,3,5,2,2,2,3,6,6,3,2,4,2,2,2,1,4,8,5,2,3,6,3,1,2,3,2,4,3,2,3,6,2,6,2,3,3,1,5,4,1,4,2,7,2,4,4,3,7,4,3,2,5,2,5,4,5,4,3,2,5,1,4,3,0,3,2,0,0,2,1,5,3,4,1,2,4,2,3,2,3,3,3,5,2,4,0,3,3,6,1,0,3,4,1,1,0,3,3,6,2,4,1,2,2,2,4,6,3,1,3,1,1,3,2,1,5,4,4,6,2,3,5,3,1,3,2,1,4,4,4,4,2,5,3,4,2,0,4,4,5,2,2,5,4,3,4,3,5,3,9,2,4,2,6,4,3,2,3,4,4,2,2,7,6,3,3,4,2,1,3,1,3,2,1,2,4,4,1,3,5,3,0,5,4,7,2,2,2,1,5,3,5,5,2,5,4,2,2,2,5,8,1,2,2,4,4,1,1,4,1,1,4,5,3,6,5,3,5,1,3,3,0,3,3,3,5,2,3,4,3,4,0,2,2,3,2,4,3,2,4,1,3,4,5,5,2,1,6,3,4,2,4,4,3,4,2,6,3,1,2,3,2,4,1,0,5,6,3,5,1,3,4,6,2,6,2,4,4,2,0,5,2,4,3,3,5,1,4,5,1,5,2,5,3,1,2,6,3,5,7,3,3,2,7,0,1,2,2,2,4,3,5,2,4,1,1,4,3,5,2,3,3,4,5,5,5,5,3,0,6,6,1,2,0,2,3,3,2,1,3,2,8,2,2,0,3,4,4,2,1,3,1,2,4,1,3,6,2,2,4,3,6,3,3,5,1,3,8,2,5,5,4,3,2,3,2,5,4,0,5,4,3,2,6,3,3,5,4,1,3,3,3,2,3,5,2,2,1,2,4,3,3,4,2,6,5,0,4,1,2,5,3,2,1,2,5,4,5,3,3,6,3,6,3,8,2,3,2,2,3,0,4,7,3,6,2,4,6,1,2,5,5,1,2,2,5,5,2,1,0,4,4,6,2,1,4,1,3,4,3,2,4,3,6,4,2,1,5,1,5,2,4,2,5,1,3,1,4,4,4,2,1,2,4,5,1,4,1,4,1,2,3,4,2,3,5,4,2,4,3,5,3,2,5,4,5,7,3,2,6,3,1,0,1,1,0,5,5,6,1,3,4,3,5,1,2,2,4,1,3,5,1,3,1,1,5,4,1,6,3,5,3,4,4,3,3,1,3,1,9,6,4,3,4,1,1,2,3,3,6,2,4,5,2,2,3,2,2,1,5,7,4,3,2,1,4,5,4,3,6,2,3,2,2,1,3,3,2,4,3,4,3,0,10,1,2,7,5,1,2,5,3,2,2,3,2,1,7,4,1,0,1,1,8,0,2,1,3,2,2,4,1,5,2,4,7,1,9,3,3,5,4,8,3,4,3,3,4,2,2,2,2,3,5,5,1,3,0,2,3,1,6,4,2,6,2,7,3,4,4,4,3,1,7,2,3,10,2,2,5,5,1,4,5,4,5,3,4,6,1,7,1,5,6,2,3,4,4,3,8,4,4,5,3,2,8,4,4,8,5,4,4,1,2,4,6,3,3,1,3,1,4,2,5,4,2,2,5,4,4,4,1,2,2,3,3,1,2,2,2,2,3,2,3,7,4,3,2,5,7,5,3,5,1,2,2,0,2,2,3,2,4,5,2,4,3,2,2,1,4,5,3,4,7,3,2,2,2,4,3,4,2,1,1,4,4,2,1,0,5,4,2,3,3,4,1,1,3,3,7,5,5,5,4,3,3,2,1,2,2,4,5,7,4,3,5,4,2,1,2,3,3,4,3,1,5,8,6,7,7,3,3,2,2,4,3,5,2,2,5,2,5,3,2,3,6,1,2,4,2,3,1,3,2,2,2,3,3,5,4,3,4,3,2,2,4,3,3,4,3,5,4,3,5,4,0,3,5,2,6,5,4,3,3,2,3,5,3,4,2,1,2,6,4,3,7,3,1,3,7,3,1,4,4,4,1,3,3.22,6.70679800394579,0
9,8,3,2,4,2,4,1,3,3,5,5,2,4,7,4,4,3,1,3,6,3,4,6,4,4,3,5,3,2,1,4,1,4,5,4,5,6,2,1,3,3,4,3,6,1,2,3,5,3,2,2,4,1,1,4,4,2,3,1,1,4,3,3,4,0,4,4,3,3,4,2,0,1,3,3,5,2,3,5,1,5,2,3,5,3,4,3,3,3,2,3,3,2,2,2,6,3,4,8,7,3,2,3,2,1,3,4,5,4,4,3,1,4,1,4,4,3,7,7,3,2,7,2,3,1,3,3,3,3,3,1,3,2,6,2,4,3,1,5,2,4,1,0,4,3,8,0,4,3,3,1,7,5,1,2,4,2,2,0,1,4,4,2,1,4,2,3,2,0,1,4,1,1,1,5,4,6,5,6,3,3,2,3,6,2,3,6,4,3,6,1,3,2,2,1,1,5,5,4,2,5,1,4,3,5,5,5,3,3,5,6,4,3,4,2,2,2,4,4,7,7,0,4,2,5,4,3,5,4,3,3,3,1,1,4,2,3,0,5,2,4,4,1,6,5,4,2,5,2,5,4,5,2,2,7,2,2,1,3,4,0,4,2,1,1,5,3,1,1,0,3,5,3,4,0,0,3,2,2,3,2,3,1,4,2,4,5,5,2,3,0,3,4,5,2,2,3,4,3,4,2,1,2,2,1,2,4,4,2,2,3,4,3,3,1,2,1,6,3,0,7,6,2,5,2,0,6,3,1,1,5,2,5,5,1,5,6,2,1,3,2,2,2,3,1,3,5,5,4,2,5,4,1,5,7,3,1,3,4,5,2,3,3,4,6,2,1,3,4,3,6,5,3,1,1,3,4,3,3,2,2,3,2,3,3,2,1,3,3,3,5,9,7,3,2,2,2,5,1,7,2,7,1,5,2,3,5,3,4,5,1,2,3,1,1,4,5,1,3,5,2,2,7,1,1,1,7,2,1,6,1,4,8,3,1,3,2,0,2,4,3,5,3,2,1,3,2,6,1,1,6,3,3,1,1,4,2,6,5,4,4,6,2,5,2,3,3,3,3,7,1,4,5,6,3,4,5,2,2,3,4,2,4,1,2,2,6,3,1,5,6,2,3,1,6,3,3,6,3,5,0,3,6,1,5,1,2,3,2,10,3,3,4,4,3,4,1,1,6,2,4,2,6,1,6,1,5,3,3,1,3,6,1,3,1,1,7,3,1,3,6,1,2,7,6,4,0,1,3,2,6,3,2,4,5,5,1,2,2,5,6,3,2,5,2,4,3,4,1,4,0,3,2,5,3,2,3,3,2,4,1,3,1,4,5,3,2,1,4,1,3,2,3,4,6,6,4,2,5,3,4,5,5,5,3,1,2,1,2,4,5,2,4,1,1,2,2,3,6,4,2,10,8,1,4,4,2,5,2,2,4,4,1,4,5,3,5,4,2,1,2,5,5,3,2,1,7,2,5,0,4,6,1,3,6,3,3,5,0,2,5,4,3,5,4,1,3,1,3,5,5,2,1,7,2,2,4,5,3,2,7,6,4,4,5,2,2,3,4,3,7,3,4,3,5,3,4,2,2,1,6,2,3,2,3,0,4,4,2,3,3,4,1,1,2,2,3,5,1,3,4,3,4,3,4,2,3,2,2,6,5,5,3,1,4,2,4,5,2,1,1,6,6,3,3,3,1,4,4,5,4,4,3,3,2,2,1,2,2,3,3,4,0,4,3,2,4,1,7,1,2,3,3,2,5,3,4,4,3,4,6,1,2,3,3,5,2,7,3,6,3,6,6,4,2,3,2,3,1,2,2,5,5,8,7,5,0,2,2,2,1,3,6,1,3,2,4,3,3,4,1,2,2,2,4,3,1,3,4,0,4,1,4,3,4,3,5,4,4,3,2,2,6,5,3,5,4,2,1,4,4,2,4,1,1,5,0,3,4,2,5,4,5,6,4,2,1,2,2,5,2,2,7,3,1,2,0,3,6,3,3,2,2,2,5,5,7,3,2,2,3,1,2,5,0,1,4,4,2,2,3,3,5,4,4,5,6,3,3,8,4,1,1,1,5,3,4,1,3,3,3,3,5,3,4,2,9,2,4,4,0,0,5,3,2,4,1,5,1,4,2,7,4,2,2,1,1,4,2,3,3,2,4,0,1,2,6,1,4,6,5,5,4,2,7,3,1,3,4,5,2,0,2,2,6,3,2,4,0,2,4,6,3,3,2,1,3,7,3,1,3,3,5,3,2,3,2,4,3,3.183,6.63873047715393,0
2,5,7,3,5,5,6,6,2,2,0,1,3,5,2,4,2,4,2,3,2,1,4,0,5,6,2,5,4,4,2,2,4,1,2,5,3,3,3,1,6,2,1,2,1,3,3,4,1,1,3,1,3,0,2,3,1,4,2,2,4,2,3,2,1,5,5,3,2,1,5,3,1,4,5,3,3,7,3,3,3,3,6,2,0,2,3,2,4,9,1,1,4,4,5,6,4,3,2,3,3,2,2,5,1,4,4,2,2,4,6,4,0,3,5,1,4,6,1,4,2,2,4,6,4,0,1,2,3,3,1,1,1,6,5,4,3,4,5,8,1,4,3,3,2,1,1,2,4,2,2,3,7,4,5,1,2,3,4,5,3,5,6,2,7,7,2,6,2,3,5,3,1,2,4,1,4,3,5,3,9,5,3,4,2,2,6,1,3,5,4,1,2,4,2,4,3,2,8,2,2,4,3,3,0,3,3,2,5,5,1,4,2,2,6,3,4,5,2,1,4,2,2,2,5,3,3,6,3,3,2,6,3,5,1,1,4,1,7,6,5,4,6,3,7,1,3,6,2,2,8,3,1,2,4,4,5,5,4,4,3,3,3,3,3,5,1,3,6,1,3,6,2,1,7,2,2,7,4,4,3,3,3,1,4,4,0,2,3,4,3,0,3,5,1,3,3,3,2,4,8,5,3,4,1,6,3,2,4,5,5,4,2,5,3,4,5,3,3,2,2,0,3,4,3,1,5,5,2,1,6,0,3,6,5,0,4,4,6,2,4,4,1,6,2,2,1,5,4,4,2,4,2,3,7,5,4,4,1,5,3,5,5,5,3,2,2,4,1,5,2,2,3,3,7,6,1,1,4,1,3,3,1,1,3,4,2,2,3,2,5,4,4,4,5,2,3,6,5,2,5,4,4,1,1,3,6,6,4,3,3,2,5,5,2,4,5,3,2,2,4,4,0,2,2,2,2,1,3,2,0,4,4,4,2,0,0,6,7,7,3,7,4,3,3,4,1,4,2,3,4,3,5,6,2,1,4,7,4,6,3,7,2,4,3,7,2,8,3,3,5,4,2,5,3,6,3,3,1,5,4,4,1,3,2,1,2,6,4,2,4,3,5,3,3,4,7,2,2,4,2,2,1,7,4,3,2,3,0,3,5,2,3,4,2,3,3,4,5,5,4,2,4,3,7,2,3,4,3,4,3,2,3,4,4,2,1,1,5,0,4,4,3,3,3,2,5,2,2,2,3,6,1,6,4,3,3,3,2,2,5,5,2,5,2,4,5,3,3,2,2,2,4,1,4,4,1,1,4,3,4,4,4,5,2,2,0,5,6,4,4,5,1,4,2,2,4,2,1,1,3,1,4,3,4,5,5,3,3,2,3,1,3,4,3,2,2,5,4,4,3,1,1,3,1,7,3,2,5,6,3,4,1,2,5,0,2,2,6,3,4,0,5,1,5,4,1,1,6,0,4,0,4,6,4,0,4,6,2,3,6,1,2,5,2,6,3,5,4,2,0,6,5,4,4,2,5,3,4,8,4,1,3,3,5,4,6,4,2,1,7,8,3,4,3,4,3,2,2,5,4,6,2,5,5,4,5,3,3,2,5,5,5,4,2,4,4,2,3,2,5,4,3,4,4,5,5,3,3,5,4,4,3,1,5,2,3,8,1,3,3,3,3,1,5,5,5,2,1,5,1,3,7,4,4,2,1,6,1,3,1,5,3,2,2,2,3,3,3,2,3,6,7,3,4,4,2,4,3,3,5,2,3,4,4,3,5,2,5,2,4,1,2,4,2,4,5,3,5,4,2,3,4,1,3,2,3,3,1,4,5,3,2,4,3,3,3,3,4,3,4,2,5,2,3,3,5,3,4,1,1,5,1,3,3,1,0,4,3,4,6,6,4,3,3,4,2,4,6,2,0,5,1,3,4,3,5,4,1,7,6,6,6,3,3,7,2,1,4,6,7,1,3,2,4,1,2,7,3,6,5,5,2,4,6,5,2,6,0,0,2,6,4,5,3,4,6,2,4,3,2,3,4,5,2,4,2,2,1,3,1,4,4,5,4,5,0,5,2,3,4,3,1,1,0,4,6,1,5,5,4,7,7,5,4,2,4,2,2,7,1,0,1,4,3,3,3,2,6,3,4,3,2,1,0,3,6,1,3,2,7,6,6,2,3,2,4,5,5,2,2,4,1,3,3,6,0,1,0,3,2,2,4,0,1,0,5,4,2,4,5,4,2,4,2,2,3,3,2,2,3.296,6.69613024163193,0
6,2,8,6,7,2,1,3,2,1,4,2,2,5,4,2,4,4,5,2,5,1,4,1,0,9,2,4,7,5,4,4,2,5,3,5,2,2,1,1,2,0,1,1,4,3,2,5,2,3,3,3,3,3,3,0,3,1,0,2,4,3,3,1,2,4,1,3,2,1,3,7,4,1,4,2,4,2,3,3,7,7,4,2,4,4,1,3,1,1,5,2,3,1,3,4,4,1,5,1,4,5,4,2,2,3,2,1,4,2,5,3,3,6,2,1,4,0,2,0,1,3,1,1,3,2,4,4,3,7,0,0,5,9,1,6,3,3,5,4,4,3,0,2,2,4,7,6,3,5,3,4,4,1,6,2,5,2,3,6,2,3,9,9,1,1,2,4,3,3,6,2,4,1,3,5,3,2,3,6,3,5,4,4,5,3,4,5,3,4,5,4,4,1,3,4,4,7,8,2,4,7,3,4,2,2,3,2,3,5,1,2,3,3,1,7,1,4,5,3,3,5,2,3,2,1,4,1,4,4,4,3,2,3,2,4,1,2,6,4,4,3,0,7,3,4,1,4,3,5,3,4,8,4,5,4,5,4,2,2,1,1,7,5,1,4,2,3,1,2,7,1,3,0,3,4,2,4,6,3,1,2,10,1,3,4,4,3,7,3,4,2,7,2,4,5,3,6,2,5,3,4,7,2,4,3,4,6,4,1,4,4,2,6,3,5,3,7,2,3,6,3,4,5,3,5,6,5,1,6,4,5,4,10,3,1,4,2,6,7,3,3,1,4,3,4,3,3,4,3,3,3,1,4,3,6,6,3,3,4,0,3,2,2,8,1,0,4,2,4,1,1,3,5,4,7,3,3,1,2,2,3,6,2,2,9,4,1,4,1,1,2,3,7,3,5,6,3,1,5,1,2,4,3,2,1,5,5,1,3,2,4,4,4,3,1,2,3,2,4,5,2,1,2,4,6,3,6,1,5,2,3,5,1,1,6,1,4,3,2,2,2,5,1,2,3,1,2,1,3,4,2,2,4,5,2,4,1,3,5,5,8,7,5,6,2,4,5,5,1,4,2,4,4,5,2,4,4,0,5,4,3,3,1,3,4,3,4,1,2,3,4,7,5,3,2,6,4,2,5,5,1,2,2,6,3,2,3,5,1,3,2,1,6,7,5,1,4,4,6,1,4,6,3,3,1,5,4,2,2,3,1,7,3,3,6,3,2,3,2,2,2,4,1,4,4,2,4,2,7,0,4,3,3,6,4,0,10,3,4,2,7,3,7,2,3,2,4,8,1,2,3,4,1,3,4,3,2,3,4,3,2,1,1,2,3,4,1,1,3,2,4,3,5,1,5,3,2,2,4,4,1,4,3,3,2,2,4,4,4,3,0,3,4,1,1,3,1,4,5,2,4,0,6,4,1,4,3,3,5,2,1,6,6,2,3,4,2,5,1,2,6,4,5,3,2,3,6,6,5,7,4,2,5,5,3,5,4,2,6,2,4,3,4,1,0,4,1,7,3,5,4,3,2,2,2,0,3,4,3,4,2,3,2,2,1,5,1,2,4,2,1,4,2,3,5,2,3,2,1,10,6,5,6,2,5,2,4,4,1,5,3,3,4,1,3,3,5,8,3,3,2,6,5,3,4,8,5,5,2,3,4,3,4,1,4,4,3,1,2,2,5,4,0,5,2,4,2,2,2,3,1,3,5,7,3,3,6,4,3,4,5,5,3,3,4,5,2,6,4,0,2,2,6,3,7,3,4,2,4,1,6,3,4,2,4,4,3,0,3,4,4,4,3,1,2,3,0,2,3,3,2,2,1,6,7,1,4,8,0,5,2,4,2,3,2,3,7,4,3,4,2,2,2,1,1,3,3,9,4,3,3,6,4,13,3,3,5,4,4,0,5,4,0,2,3,2,1,4,7,4,7,4,3,4,3,2,3,4,4,4,2,1,2,3,3,2,3,2,3,4,5,2,2,3,2,5,1,9,1,2,5,1,2,1,10,1,2,3,3,3,3,2,3,7,3,2,6,0,2,3,4,3,6,3,4,2,1,5,3,5,2,1,2,5,2,5,2,4,2,4,4,5,4,2,5,4,5,3,1,2,5,3,3,3,3,5,2,1,2,0,2,6,3,1,1,3,3,6,3,3,2,4,1,6,4,0,4,0,4,4,6,3,6,3,3,1,1,3,3,7,2,5,2,4,2,6,3,2,3,3,4,3,0,5,5,2,1,2,5,4,2,6,3,4,1,6,6,2,5,3.315,6.96673103877867,0
3,6,5,7,3,3,4,2,2,1,3,2,4,4,3,4,4,3,3,5,6,3,4,5,2,2,2,2,5,2,2,2,4,0,4,7,6,2,6,6,4,6,3,6,3,4,3,1,4,6,2,3,1,3,5,3,1,3,2,1,6,2,4,3,0,0,3,2,3,3,5,3,1,4,2,6,2,4,2,4,1,1,5,7,2,2,3,2,1,4,4,4,3,7,2,5,5,3,3,3,5,3,6,4,1,2,4,6,4,6,3,2,4,4,2,5,4,3,2,5,6,3,5,2,1,3,2,3,6,2,3,3,3,2,4,3,0,3,1,0,4,0,4,2,5,2,5,5,5,3,3,3,3,1,5,5,0,2,6,1,0,1,6,3,3,3,5,4,3,4,5,2,6,0,7,1,3,3,3,3,5,5,5,4,5,2,3,3,5,6,6,1,4,5,4,2,3,6,0,4,4,2,2,5,2,3,7,5,4,3,6,2,1,2,4,1,3,6,3,3,4,4,8,2,2,2,3,4,4,2,2,2,2,10,4,4,4,1,3,5,1,2,1,2,5,4,2,4,4,2,3,4,4,2,5,3,4,3,5,2,7,5,4,3,4,6,9,7,1,5,3,6,4,1,5,4,5,3,4,3,8,7,3,5,5,3,5,2,5,4,2,2,1,6,3,5,5,4,5,5,3,4,7,3,5,5,5,3,1,3,0,7,2,4,5,2,5,4,6,5,2,4,3,5,3,1,5,3,2,2,1,1,3,2,3,2,7,5,0,1,2,4,6,3,1,4,3,2,1,3,6,10,6,2,7,4,5,2,3,2,3,6,4,3,3,5,6,3,3,1,2,4,3,7,2,2,3,2,4,4,1,3,3,3,3,3,1,8,4,8,4,2,4,4,3,4,0,3,4,6,1,2,1,5,4,2,2,5,3,2,1,3,3,8,2,5,4,4,3,1,2,1,4,2,3,3,3,7,4,2,4,4,8,2,6,4,4,3,6,0,1,6,2,5,5,5,5,4,4,4,4,6,6,4,3,3,3,6,3,2,2,6,5,3,11,4,4,0,4,4,7,2,4,8,2,5,5,8,3,6,2,2,3,6,4,2,5,6,4,4,6,3,5,4,6,4,2,3,4,3,4,4,5,5,3,1,5,2,4,5,2,4,4,3,1,3,2,6,10,4,5,1,5,7,1,0,5,4,2,4,1,5,4,2,7,9,2,1,5,7,1,4,4,5,3,2,6,4,4,4,1,3,2,3,1,2,5,3,4,3,3,4,5,2,1,0,1,0,4,4,4,3,3,3,2,5,2,6,6,4,4,5,1,7,2,6,6,0,6,3,1,4,6,8,3,2,1,2,2,5,5,2,2,5,0,1,3,3,5,3,2,9,4,3,2,6,5,5,3,3,1,4,4,4,3,0,2,3,3,4,3,1,3,2,4,6,2,2,5,2,5,2,4,3,3,2,6,3,7,5,4,5,6,5,3,0,3,6,5,6,6,4,2,4,4,2,2,3,2,2,4,4,6,1,3,3,1,6,2,7,3,7,5,4,3,4,10,3,4,5,1,4,4,7,4,2,5,3,8,5,2,2,4,2,4,1,4,1,3,3,3,0,3,2,3,7,4,4,5,4,3,3,1,3,0,1,5,3,4,7,1,5,3,3,2,3,4,8,3,2,5,3,3,3,3,4,5,1,1,3,1,3,2,4,8,4,1,5,3,1,2,4,4,4,5,2,8,4,3,7,4,2,3,4,2,6,4,6,1,5,3,4,0,3,6,4,3,4,5,2,4,6,4,3,3,2,5,3,5,1,5,4,3,4,5,1,3,3,2,4,3,3,5,2,3,8,0,6,0,2,3,3,3,4,2,4,3,5,5,5,4,6,5,3,4,6,4,1,5,5,7,5,4,2,8,1,3,5,3,1,5,3,5,0,2,5,1,4,5,2,0,3,2,5,1,1,6,3,2,5,5,4,2,4,1,5,4,3,6,1,1,4,6,8,6,6,1,2,3,3,2,2,4,3,1,1,1,3,6,2,1,1,7,1,2,4,1,3,3,1,8,4,1,4,5,4,4,3,0,5,2,5,3,5,2,5,2,9,2,2,4,3,5,5,4,5,3,3,2,1,2,2,6,6,8,1,2,3,6,1,5,2,3,5,6,3,2,2,4,5,5,3,3,1,6,3,6,7,4,5,2,4,0,6,2,3,2,2,3,4,3,5,4,2,6,1,4,5,3,3,1,5,2,1,3,1,2,2,0,3,3.525,7.16068948592122,0
4,2,1,3,6,8,6,7,3,5,3,5,1,4,8,2,1,5,0,8,3,3,1,3,2,6,3,6,6,3,4,2,1,1,7,6,2,2,5,2,3,1,2,2,3,2,5,6,4,5,4,7,2,3,1,3,3,1,2,2,5,1,8,9,3,2,4,2,7,3,2,2,4,6,5,3,4,4,5,5,4,6,9,4,8,5,3,6,5,8,1,2,0,4,8,4,5,2,5,3,2,2,4,2,8,4,4,1,4,4,4,3,1,4,3,3,5,3,4,8,3,6,3,3,2,3,3,3,5,2,1,4,2,5,1,4,3,2,3,1,2,8,4,4,6,5,4,3,4,2,9,2,7,4,6,5,6,7,7,4,4,2,3,2,3,8,4,5,2,6,3,4,7,3,2,5,1,2,0,3,1,0,4,7,1,2,4,2,3,3,4,4,3,3,3,4,2,3,2,5,7,8,4,8,5,3,1,5,4,6,2,1,8,5,5,3,2,3,2,2,5,2,3,6,4,4,3,2,3,2,3,5,7,4,6,5,4,3,5,7,4,3,0,4,2,2,2,0,4,5,8,5,4,2,2,4,3,3,2,4,2,4,2,4,3,2,4,4,2,3,3,4,3,4,6,4,0,2,4,3,7,1,3,4,4,5,3,2,2,3,2,2,7,6,5,5,4,10,3,4,3,8,4,5,4,3,5,1,5,7,4,1,1,4,2,4,6,3,4,2,5,4,2,6,7,6,5,2,1,1,2,4,2,5,2,2,0,2,6,4,2,3,7,6,3,4,0,2,3,6,6,3,3,1,6,2,4,4,3,4,4,5,4,3,6,7,2,3,1,3,0,7,2,4,4,4,3,4,5,1,0,3,7,4,0,4,5,5,5,3,2,1,4,6,3,3,1,2,5,5,3,2,5,3,7,1,3,4,6,1,7,0,7,2,5,3,5,3,6,3,5,3,6,5,3,4,5,2,4,5,2,4,5,3,2,2,3,3,0,2,5,2,3,3,1,3,4,2,2,4,6,4,6,1,2,3,2,2,3,3,1,2,4,4,6,0,2,4,5,4,6,5,5,4,4,1,7,1,2,4,6,3,5,6,0,2,1,6,3,3,1,1,3,5,4,1,6,6,7,3,5,3,5,4,2,5,2,3,0,4,3,4,6,4,3,5,3,2,5,2,5,2,5,3,1,3,2,6,2,3,5,3,1,8,1,0,3,1,4,3,2,2,6,3,1,4,1,1,2,4,5,5,4,4,3,4,1,4,4,7,2,6,6,4,1,1,2,1,4,2,2,4,3,3,6,3,5,3,5,3,3,4,2,2,0,7,2,4,4,5,1,6,1,2,3,5,3,5,5,3,3,3,6,3,4,1,2,9,3,3,5,4,5,5,1,2,8,7,5,3,1,6,2,3,4,2,3,2,5,4,6,2,5,2,4,5,4,1,5,5,6,6,4,5,0,1,2,3,2,5,2,3,4,5,3,5,1,6,2,3,3,4,6,6,4,4,3,6,3,7,5,4,1,6,5,2,2,1,5,1,3,5,1,4,5,1,5,5,4,5,2,3,3,9,1,3,3,4,1,5,3,1,3,5,3,2,3,3,4,2,7,6,4,0,1,4,4,3,3,4,2,6,5,4,1,4,3,6,1,3,5,5,9,2,3,7,2,4,1,6,4,6,3,1,3,6,0,2,8,5,3,2,7,4,4,9,3,6,2,5,9,2,8,0,2,6,0,5,5,4,5,2,4,5,2,4,3,2,9,4,5,2,2,1,5,6,6,2,2,5,6,4,2,5,4,3,1,3,4,4,3,2,5,7,4,4,3,5,3,3,5,2,0,1,4,7,2,3,3,3,2,1,2,2,2,6,5,4,5,5,7,11,3,3,4,2,1,4,5,3,2,4,6,8,3,3,4,3,3,4,4,5,4,2,3,4,3,5,9,2,2,3,5,3,1,1,5,2,2,6,4,1,6,6,5,1,2,5,4,6,3,4,1,2,4,4,4,4,4,2,1,2,4,10,8,2,4,4,1,5,2,3,6,2,1,8,4,7,5,1,3,1,3,3,3,0,1,4,2,4,7,7,3,5,8,3,1,5,3,1,2,2,3,2,2,2,2,4,6,3,1,4,4,2,4,3,3,7,5,1,2,2,6,2,6,4,4,1,2,2,7,7,6,5,2,6,3,7,4,7,5,5,4,7,8,7,2,1,6,2,4,6,3,3,6,1,3,5,4,6,2,5,3,2,2,6,5,6,4,1,3.655,7.46857818046758,0
4,6,7,6,6,2,5,8,5,4,3,5,2,6,6,3,9,5,3,1,1,3,5,3,3,3,3,4,3,7,0,4,10,4,1,4,3,5,6,0,6,2,2,3,5,6,4,4,2,4,4,2,4,3,4,3,3,0,2,0,2,1,3,2,3,4,4,9,2,6,4,4,5,2,5,3,4,3,4,1,5,4,4,4,2,2,7,3,2,2,5,2,1,5,3,7,5,3,2,3,5,0,1,7,1,6,2,5,7,7,4,1,3,1,5,6,4,3,5,2,6,1,3,2,2,4,4,2,3,2,0,2,1,5,8,4,3,7,1,3,3,5,3,6,1,1,2,5,4,4,5,6,3,6,5,6,6,4,5,3,2,4,12,6,1,3,4,4,3,4,6,5,3,2,6,4,4,5,3,4,4,5,6,2,6,2,2,5,6,8,1,2,4,11,3,5,5,6,1,5,7,6,8,5,4,3,3,1,3,5,4,3,4,2,4,7,1,3,5,3,6,9,4,3,2,6,5,3,3,4,5,2,0,6,3,4,1,5,5,6,4,4,4,5,3,6,10,2,3,4,6,3,6,3,5,5,6,4,2,8,3,6,4,4,1,5,5,8,4,5,5,7,4,1,3,1,3,5,3,4,3,6,1,1,6,3,1,1,9,9,2,6,4,2,3,0,2,5,1,5,1,5,5,5,5,1,2,4,7,4,4,6,2,4,1,4,4,10,7,5,5,2,4,2,2,3,6,6,4,3,2,1,0,8,2,4,6,3,5,2,3,1,5,1,2,4,2,7,4,1,4,2,3,3,9,4,3,4,2,6,5,0,0,1,5,2,1,4,1,4,2,5,2,7,4,4,7,4,1,3,4,1,5,3,5,6,4,4,6,6,4,4,3,4,6,4,3,2,6,4,5,4,3,7,4,5,12,2,1,4,4,2,5,6,4,2,2,2,4,5,1,1,2,3,5,3,5,7,6,3,3,3,4,4,2,2,2,2,1,4,1,6,7,4,6,4,4,2,0,1,3,2,5,5,5,7,1,3,6,4,3,5,3,2,4,3,6,2,9,5,2,2,6,5,5,5,4,8,2,5,5,3,1,3,6,4,4,6,3,8,2,1,4,7,2,4,3,1,6,7,3,5,2,5,2,9,6,3,3,4,8,3,7,3,2,4,6,1,6,2,7,3,1,5,2,4,4,5,1,5,0,5,4,3,5,2,1,7,3,3,4,10,3,5,2,4,3,2,2,5,5,6,2,5,3,6,1,1,8,2,5,4,4,4,6,5,5,4,4,3,1,4,3,2,7,0,3,2,3,0,3,4,2,3,4,2,4,4,3,4,6,6,2,5,7,2,2,3,5,2,5,3,5,3,5,3,2,9,5,5,3,6,2,5,2,2,2,5,7,4,3,3,3,9,3,5,5,2,6,3,4,3,3,6,4,3,1,5,5,1,4,2,3,3,1,1,4,4,2,0,8,4,4,5,1,7,3,8,7,2,2,8,5,4,6,2,2,2,1,1,5,6,8,3,7,2,0,2,2,5,5,5,5,6,2,5,5,4,9,3,0,5,3,4,6,2,5,4,2,2,2,2,1,3,3,5,2,7,1,5,5,3,2,4,4,3,6,3,6,3,3,3,8,3,4,4,3,6,1,4,5,2,2,4,4,5,6,6,2,5,12,1,3,1,4,4,2,4,2,3,4,4,5,0,5,5,7,2,1,5,2,5,5,6,1,4,2,3,3,5,6,5,6,0,4,6,7,7,3,1,4,3,4,1,5,6,1,2,2,5,5,4,5,5,5,6,5,2,4,0,0,3,2,2,3,5,4,3,5,5,3,5,3,4,2,4,1,3,0,4,9,5,3,3,5,3,5,5,3,7,4,4,2,2,4,2,5,3,1,6,1,3,6,4,5,5,3,6,2,4,3,8,3,6,3,2,3,4,4,1,5,6,5,3,0,3,3,3,3,4,9,4,9,4,4,3,3,2,8,4,6,3,4,1,4,2,0,2,7,4,6,1,3,6,3,6,4,5,0,5,5,9,7,2,5,2,2,3,4,0,3,5,1,3,3,3,1,2,3,7,7,7,4,3,3,5,4,6,3,5,5,1,5,6,4,4,4,1,8,3,3,5,5,4,9,1,9,0,2,3,2,2,4,4,5,4,4,7,3,1,2,4,2,3,6,8,1,1,3,3,5,8,8,4,2,4,4,1,0,5,3,3,3,5,1,3,8,3,7,3,2,4,6,3,6,4,3,3,3,7,3.841,7.84722125189301,0
9,8,0,2,6,3,2,2,4,5,1,3,1,7,3,2,3,2,1,2,6,9,3,1,2,7,2,1,3,9,5,1,2,6,4,4,6,8,3,7,4,4,3,7,1,4,2,3,4,2,5,5,0,4,1,8,7,5,4,2,6,2,4,2,2,6,4,4,5,3,6,5,2,2,4,7,3,5,6,3,6,5,3,2,5,6,6,3,3,2,2,1,2,4,4,3,6,2,3,4,2,2,4,9,6,2,4,6,4,4,5,7,8,2,6,5,1,0,4,4,8,6,5,4,4,1,6,5,4,4,5,2,5,3,5,3,3,5,5,4,1,0,2,3,4,9,3,4,3,6,5,3,7,5,5,3,3,3,9,4,4,2,6,5,3,3,1,2,5,1,5,2,5,3,5,1,3,3,2,6,7,3,6,4,3,2,5,5,2,5,2,2,3,4,2,3,2,3,4,7,2,1,5,2,4,5,2,5,3,6,2,5,3,6,3,2,4,3,5,5,5,7,4,1,7,6,6,2,1,1,2,4,4,4,1,3,2,3,3,4,8,5,2,5,2,6,2,4,3,4,2,1,7,3,3,4,3,5,3,4,6,2,6,2,2,6,3,9,2,2,3,4,6,3,6,2,3,6,8,2,2,2,3,3,4,4,6,1,4,3,5,1,7,11,5,4,4,8,2,3,4,0,5,2,4,4,5,5,3,0,4,5,6,3,2,2,7,4,5,3,6,3,7,4,1,2,3,2,3,6,10,5,9,5,2,4,8,3,5,5,6,3,6,3,1,6,3,4,2,7,5,7,2,2,9,2,5,2,5,3,3,2,3,6,4,3,0,4,2,4,3,4,2,4,8,9,6,3,1,1,6,6,2,1,7,4,9,6,4,2,11,6,5,2,2,5,3,4,3,8,1,1,5,2,5,3,5,10,3,3,9,4,7,5,2,3,3,7,5,1,7,4,2,2,3,5,3,3,2,1,5,5,2,7,3,3,2,4,5,4,2,4,6,3,4,4,5,2,3,5,6,3,5,5,5,4,5,3,2,5,4,9,2,4,9,1,2,8,6,4,3,6,4,4,2,1,3,2,2,5,5,3,4,7,3,9,6,5,1,0,1,4,2,5,3,5,8,4,3,8,2,4,3,8,3,3,5,8,3,3,2,3,2,6,5,7,5,3,5,10,4,6,2,5,5,6,3,3,1,4,4,2,4,4,3,0,3,3,6,2,2,6,4,3,4,3,7,5,4,6,4,3,5,4,5,3,0,5,5,3,3,4,6,6,2,1,7,2,6,5,5,5,5,5,0,2,1,2,2,4,4,6,3,4,2,9,3,0,6,8,3,2,6,1,3,4,4,5,4,7,4,1,5,8,6,4,5,1,3,8,2,6,2,9,1,5,4,3,6,2,6,5,3,7,2,7,2,4,5,6,5,4,3,3,6,0,4,5,6,3,3,2,7,2,5,4,6,4,9,6,3,3,6,4,8,6,5,5,5,6,1,2,4,2,2,2,0,3,3,3,2,4,6,2,2,4,3,9,1,6,2,6,3,0,2,4,6,3,4,6,8,2,2,9,3,4,2,1,6,6,4,7,4,5,3,6,7,5,3,2,3,3,8,7,4,2,2,5,6,2,6,4,5,2,2,5,2,4,3,5,2,3,4,1,2,6,2,6,7,4,2,4,4,2,6,3,4,5,2,4,6,2,6,5,4,5,3,5,3,7,5,3,2,3,0,1,1,7,5,10,6,3,4,4,4,2,5,8,4,6,6,10,2,7,4,5,6,4,2,2,5,2,6,6,2,4,2,1,2,3,3,4,4,1,7,4,0,5,4,5,2,4,3,5,5,2,5,6,4,2,7,3,2,2,3,9,6,3,3,6,5,3,5,6,3,1,6,4,7,3,3,4,6,5,3,3,5,3,7,3,10,6,4,9,3,3,5,6,1,4,9,6,5,1,2,2,3,2,4,2,7,4,4,3,7,5,3,5,3,3,3,0,3,5,5,2,0,2,1,5,3,4,8,3,7,2,2,6,5,5,6,5,2,2,2,2,7,6,1,6,4,3,3,2,4,2,3,7,4,1,6,2,5,2,4,2,1,4,6,2,2,5,4,5,2,4,3,3,1,4,7,2,4,6,5,3,7,2,3,5,5,1,0,4,5,2,13,3,1,2,4,7,7,3,11,3,11,8,4,7,8,6,1,3,0,3,2,3,4,5,6,3,2,3,5,2,5,1,2,2,3,4,5,3,1,6,5,6,6,5,4,8.11525719023025,0
7,2,2,4,1,4,4,9,1,4,3,2,2,5,5,6,3,4,1,4,4,2,7,2,8,9,5,2,8,5,1,2,1,4,5,4,5,4,5,5,5,4,5,3,4,3,12,2,6,6,4,4,1,7,6,0,7,5,2,5,4,0,3,2,5,4,4,4,4,1,6,5,4,1,2,2,3,3,1,5,1,5,5,7,1,3,7,2,0,5,5,9,5,7,7,1,5,2,4,3,4,2,2,6,5,4,3,1,8,3,3,6,6,6,5,3,2,6,1,4,2,4,4,4,5,5,3,4,5,7,1,5,3,6,4,8,3,4,4,5,3,4,7,3,4,5,5,6,5,3,5,1,4,3,3,3,6,3,7,3,2,2,4,3,1,5,4,9,4,2,3,4,1,2,3,2,4,1,5,5,4,5,5,6,9,5,6,5,5,5,5,2,5,1,3,3,1,5,4,3,6,3,4,6,4,6,8,5,5,4,4,1,1,5,4,5,4,3,5,5,4,3,2,4,3,5,6,5,2,5,5,5,3,6,6,4,5,4,5,5,6,8,5,2,4,3,3,6,4,6,2,2,3,5,5,5,6,6,4,0,4,2,9,4,3,6,4,0,1,4,5,6,6,2,8,2,1,2,6,6,3,3,4,4,2,5,3,2,2,7,8,2,6,6,1,4,2,2,7,4,1,4,2,4,3,3,6,3,4,2,2,1,4,3,2,2,4,7,5,5,2,4,2,3,4,4,6,2,2,2,6,9,5,3,3,3,7,5,3,8,2,2,8,3,3,3,0,6,4,1,2,6,3,7,3,4,2,2,3,2,6,3,6,4,5,6,5,1,1,6,3,4,1,7,5,0,6,10,5,4,5,2,1,3,5,3,6,2,13,5,5,3,2,3,3,7,5,3,4,5,4,7,5,5,1,7,5,3,3,6,8,5,5,3,5,3,2,2,5,3,2,2,2,4,4,4,7,6,5,3,5,6,5,4,6,5,2,2,7,6,5,5,3,3,6,6,5,2,5,4,3,5,8,3,3,2,5,7,3,4,4,6,4,0,3,4,3,7,7,2,5,3,6,1,3,5,4,6,4,9,4,1,2,2,3,4,4,4,2,3,1,2,7,5,7,3,5,6,1,5,3,4,7,2,1,4,1,7,1,4,3,3,4,4,4,8,5,3,9,8,6,3,6,2,4,6,8,3,2,4,5,2,3,6,6,2,8,2,2,6,1,8,4,4,3,3,2,4,1,3,6,8,1,2,3,4,4,4,9,3,4,4,1,8,2,1,4,5,6,1,1,4,4,11,3,7,1,3,4,2,4,8,3,6,2,5,4,3,4,0,1,3,8,4,7,4,0,5,3,6,2,6,5,7,2,5,2,4,5,3,3,1,3,7,2,4,2,8,5,4,2,2,2,5,3,2,4,3,4,4,2,3,6,6,4,4,1,3,2,6,5,4,4,7,5,5,3,4,4,4,6,3,1,2,8,6,2,3,4,8,7,3,3,5,5,5,3,3,5,3,5,6,2,2,7,5,5,3,6,6,5,4,5,3,4,5,4,3,3,6,2,3,3,0,2,2,5,6,5,2,4,2,3,2,2,5,3,7,4,3,2,3,6,2,2,3,5,1,3,5,4,5,4,3,3,9,6,5,2,3,2,4,8,5,3,3,7,5,6,2,6,3,3,5,3,4,1,4,4,6,1,3,6,4,2,6,3,2,3,4,1,2,4,1,9,4,4,7,4,2,5,3,9,4,5,3,6,9,5,6,5,4,5,6,7,3,1,3,3,12,6,2,3,4,5,3,4,4,3,4,5,4,1,4,9,7,1,2,5,3,3,5,5,2,9,3,4,2,5,2,3,3,3,5,5,4,1,4,5,8,5,3,6,6,4,6,5,0,5,3,2,8,4,5,9,6,2,6,5,6,3,7,0,3,4,6,9,2,3,7,2,3,4,2,4,6,7,4,7,4,2,9,4,3,1,4,5,1,4,3,4,4,4,4,7,5,5,4,4,7,3,3,7,7,11,3,2,2,3,3,1,0,4,3,2,1,6,5,7,3,5,5,3,4,6,3,2,4,7,5,7,5,2,1,2,5,2,3,6,1,7,4,4,3,4,3,4,2,4,7,0,3,7,0,2,3,4,6,6,1,6,2,2,5,3,3,4,4,4,7,3,7,2,9,2,6,4,3,10,5,3,5,3,2,2,3,2,7,3,1,8,6,5,2,6,5,3,8,5,4,3,1,4,2,3,0,3,6,3,4,4.056,8.04256531935015,0.069434680649846
5,6,7,3,3,7,3,4,3,7,4,3,3,3,7,4,0,4,3,2,2,2,4,1,1,4,2,6,4,4,5,2,4,3,1,3,4,2,5,2,4,5,7,4,0,6,1,3,3,4,5,4,0,5,3,3,2,2,4,4,6,2,1,5,2,4,3,6,4,4,3,2,5,5,2,4,4,6,10,2,2,4,2,5,2,2,4,2,1,1,6,5,4,3,3,5,3,2,4,6,7,6,4,9,4,7,3,3,9,4,3,9,4,5,7,4,6,2,5,4,5,8,3,5,5,0,0,2,1,5,4,8,1,5,3,3,4,5,6,2,7,4,2,2,6,6,7,2,7,3,7,7,7,2,7,2,3,6,5,2,5,4,4,7,3,6,6,3,3,7,2,7,5,1,6,4,4,4,3,3,8,4,1,7,2,2,3,1,3,4,6,2,4,4,4,2,2,4,7,6,5,5,4,7,4,3,5,6,8,5,4,3,3,1,2,4,2,8,7,6,4,6,5,4,2,1,1,3,5,7,0,0,3,8,6,3,0,3,1,7,4,1,2,9,4,2,6,3,2,2,7,5,2,3,4,4,6,10,3,6,0,7,4,5,4,5,6,12,4,5,2,3,4,4,1,3,2,2,1,1,4,6,4,4,4,3,0,4,5,3,3,1,2,3,4,1,4,7,4,2,1,3,3,5,5,3,3,6,1,3,0,7,5,3,4,7,7,5,3,6,4,8,4,5,3,5,3,3,7,7,7,5,2,5,5,3,3,3,7,3,2,0,8,1,5,2,6,3,0,1,3,6,5,3,3,6,1,2,5,4,8,5,3,4,6,3,2,3,1,4,4,9,1,1,3,11,3,5,1,3,6,3,2,2,4,5,2,10,3,3,8,8,3,6,6,6,3,3,4,5,0,5,5,2,3,6,1,4,3,6,3,8,5,3,5,5,4,8,5,5,3,2,5,4,2,2,2,4,5,3,4,3,4,7,7,4,3,5,7,2,2,2,1,4,6,5,3,5,0,5,9,1,2,3,6,1,6,3,2,2,3,8,5,3,10,5,5,1,3,3,4,5,5,7,3,3,1,4,7,7,4,0,4,3,7,3,3,1,5,3,3,4,5,3,2,3,6,6,6,6,4,4,2,7,4,7,4,5,8,3,7,3,1,6,0,4,8,0,0,4,3,4,6,2,1,2,5,4,4,4,4,2,5,5,4,5,2,3,7,4,5,10,5,2,4,3,2,5,6,7,1,4,6,5,4,7,2,7,7,4,7,6,2,2,3,3,1,3,8,1,7,2,3,2,2,4,2,5,4,7,3,4,3,4,6,5,7,2,4,4,4,1,2,2,0,0,1,2,4,1,1,4,3,3,2,4,1,6,3,10,4,1,4,6,2,5,7,4,5,6,7,2,8,6,0,3,4,6,0,2,5,4,1,0,5,13,3,6,7,2,5,5,3,3,2,4,2,6,4,5,5,0,2,4,2,5,1,6,2,5,1,6,4,2,2,2,5,3,5,5,2,4,6,4,4,4,2,4,5,7,8,1,4,6,7,6,8,6,6,2,3,8,4,3,0,2,2,2,4,3,7,4,5,4,5,4,2,4,7,2,5,2,6,6,3,3,5,5,5,6,3,6,1,2,4,1,6,5,3,5,5,1,7,1,4,2,3,9,2,5,6,1,6,3,7,3,6,4,3,1,3,2,2,4,6,4,6,4,7,5,6,7,3,4,4,4,7,4,6,7,3,3,5,2,3,6,3,4,4,5,2,2,3,3,3,8,5,2,3,5,7,6,4,3,2,2,5,3,7,5,4,4,4,4,6,0,3,4,6,3,5,2,4,1,5,2,5,8,2,2,4,3,1,6,5,8,8,3,6,6,2,7,10,3,4,4,3,7,5,6,6,3,2,2,6,3,3,2,4,4,6,6,3,0,6,3,4,5,3,3,5,5,5,4,5,4,2,3,4,3,5,4,6,3,5,3,6,4,7,4,5,3,4,8,3,6,2,1,2,1,4,1,5,3,6,4,2,4,2,2,5,3,7,6,3,3,4,3,2,1,4,7,3,7,2,4,2,9,6,4,4,8,3,3,2,3,5,7,10,3,2,4,4,6,2,6,1,6,7,6,4,4,4,2,5,5,2,3,6,5,0,5,6,2,4,3,9,3,4,4,4,5,5,9,4,3,4,4,5,4,8,4,4,7,2,4,6,3,4,2,4,5,4,7,5,1,3,5,1,1,4,2,4,5,4,7,4,5,1,2,4.022,8.09287320783567,0
4,3,2,1,3,8,3,3,2,4,3,4,1,6,4,2,4,10,5,7,6,3,4,4,1,7,3,3,7,7,3,3,5,2,1,4,2,3,2,5,3,6,2,3,5,4,6,3,5,6,4,3,0,9,4,4,2,3,6,2,6,0,3,1,4,4,4,3,4,6,7,4,7,4,2,5,3,1,3,4,2,4,2,6,8,6,3,7,6,2,3,1,1,4,4,5,1,2,6,6,4,5,3,7,7,5,2,3,8,6,5,6,7,2,2,4,4,1,3,5,3,4,3,0,8,4,5,5,5,0,3,5,1,3,2,3,4,3,5,2,9,4,3,4,8,7,4,1,8,3,2,3,2,3,2,4,5,5,7,5,5,3,4,4,2,5,4,6,5,5,6,2,6,2,6,5,8,7,3,4,2,5,3,1,6,5,4,5,8,3,4,3,6,13,4,6,8,6,4,4,2,4,3,4,3,3,4,1,5,3,3,2,3,11,7,1,7,5,1,6,3,5,6,4,3,4,5,2,4,7,5,6,5,7,1,2,3,2,2,4,4,11,4,2,1,3,4,4,2,3,6,2,10,3,4,5,5,6,6,2,9,4,7,5,4,9,2,10,3,4,3,4,7,4,6,2,4,6,4,3,5,3,2,5,4,2,4,3,5,4,5,1,5,7,3,8,5,6,3,5,7,5,2,4,4,5,3,3,5,4,3,4,2,4,4,2,7,7,3,3,2,5,5,4,8,2,9,4,4,6,3,2,2,7,1,2,10,4,2,0,3,4,8,2,4,7,8,0,8,6,4,5,5,2,8,5,8,5,5,6,6,4,4,2,5,2,2,5,3,4,3,5,5,0,4,5,3,7,4,6,5,3,5,2,10,2,3,6,4,1,6,2,4,7,4,0,7,3,5,3,7,4,6,7,7,6,2,7,3,5,4,5,11,7,4,5,5,1,5,4,8,2,6,9,3,8,3,6,5,4,7,5,1,2,3,3,2,1,2,1,2,11,6,7,4,2,7,5,1,6,6,3,6,2,3,2,6,4,2,4,6,3,0,5,11,3,3,3,5,6,4,3,4,5,4,5,3,2,3,1,1,5,8,4,1,4,2,9,2,6,3,8,9,3,6,4,6,4,6,2,4,2,3,3,4,4,2,4,5,5,3,6,4,6,5,4,2,7,2,4,3,7,5,3,3,5,5,7,1,0,2,1,4,4,7,6,2,2,6,2,0,7,2,4,1,3,6,5,3,2,7,4,5,0,5,3,3,6,3,7,3,6,4,2,5,5,9,7,10,6,5,2,4,2,6,6,1,3,4,4,4,4,5,3,5,2,4,4,8,2,5,7,2,1,5,1,3,2,3,6,5,4,5,1,10,6,6,5,4,11,3,8,4,5,2,4,1,4,4,5,0,8,6,5,2,3,2,2,5,3,6,1,3,4,6,3,3,4,6,3,5,5,1,3,4,5,4,8,7,5,3,1,8,4,5,1,6,4,4,1,5,2,3,7,1,8,1,4,5,5,5,1,3,5,4,6,5,7,4,5,6,3,8,4,1,3,5,6,6,4,5,3,1,4,5,2,3,9,5,5,7,2,4,4,4,5,2,2,5,5,3,4,9,2,2,7,2,5,5,6,3,1,5,2,5,2,6,3,2,6,5,4,6,5,2,4,2,3,2,2,2,7,7,2,5,1,3,2,8,5,2,3,2,10,5,2,4,3,4,4,6,5,3,3,2,1,5,3,3,6,2,3,5,3,6,3,4,6,9,9,3,5,2,4,7,3,1,9,4,3,4,3,5,2,3,4,5,5,6,4,2,3,2,3,7,4,4,6,3,5,2,1,1,4,4,6,3,4,0,6,3,4,2,1,4,4,7,0,3,4,6,2,6,6,1,2,5,4,7,3,6,4,3,5,4,6,2,5,6,6,6,4,6,4,2,2,1,3,7,5,3,2,5,5,6,1,4,1,5,5,7,5,3,2,5,1,5,1,7,3,2,3,2,5,8,5,4,6,3,2,4,8,7,3,4,6,4,3,5,4,1,7,5,2,2,2,6,4,6,3,6,6,3,3,4,2,0,2,3,5,4,3,5,6,8,3,4,2,3,0,6,4,7,6,2,6,2,1,6,7,2,4,5,3,7,2,0,5,4,2,4,5,2,7,4,3,6,2,2,7,5,4,0,5,4,5,4,8,7,4,5,9,10,1,6,6,3,3,3,4,8,4,3,4,5,0,4,2,3,3,5,6,3,2,2,5,1,5,2,7,4.163,8.30639545004524,0.0196045499547646
8,3,5,8,3,8,5,0,6,8,9,4,5,2,5,4,5,2,2,4,6,5,4,4,8,1,4,3,5,7,5,4,1,3,9,1,3,5,4,6,2,0,1,3,0,2,5,3,4,2,6,2,2,8,5,3,5,0,4,4,6,5,2,2,2,5,5,5,4,4,2,3,7,4,0,6,7,4,4,5,6,3,5,6,2,3,4,5,5,6,4,2,4,5,3,2,6,5,2,9,1,2,2,8,3,2,4,4,6,6,5,4,2,6,6,5,2,4,1,5,3,4,10,6,3,5,2,3,3,6,1,3,2,2,5,7,5,3,2,4,6,6,4,5,4,6,5,2,5,7,7,5,7,8,4,4,6,6,4,3,5,6,3,2,6,7,1,6,5,3,5,2,3,3,6,3,1,4,10,4,2,2,6,4,3,7,2,4,5,9,2,1,4,6,5,2,1,6,6,7,4,8,7,4,2,6,3,4,6,4,5,6,4,8,7,2,6,1,6,6,1,4,5,0,6,4,5,5,3,5,2,6,1,4,2,5,5,2,4,2,3,5,4,2,5,2,3,3,1,4,4,2,6,2,3,2,2,8,4,5,8,6,6,2,7,4,5,9,4,6,6,5,8,2,3,6,6,3,7,6,3,6,4,1,3,3,3,2,2,5,5,7,7,6,5,6,7,2,1,3,3,5,5,5,5,5,6,4,4,4,3,5,5,7,1,1,9,2,7,6,7,8,2,4,2,2,10,0,2,3,5,5,5,6,5,6,5,4,5,3,5,2,6,3,1,3,2,8,2,5,3,4,7,6,6,9,1,1,2,4,3,2,6,6,4,4,3,3,3,3,1,8,2,3,4,5,1,8,4,2,2,5,3,3,5,1,4,3,1,4,3,6,2,3,6,2,7,6,2,5,5,7,5,4,3,3,2,3,1,4,6,0,1,5,3,3,5,4,9,5,4,6,3,3,6,11,6,9,3,2,5,4,6,3,3,3,1,4,2,2,2,5,11,4,5,2,1,4,3,4,5,5,7,9,6,5,0,3,5,7,1,2,4,3,3,5,6,2,4,6,2,5,9,3,5,5,5,4,4,6,4,3,4,7,6,7,7,2,5,6,5,4,5,6,3,5,1,2,2,3,5,3,4,3,7,6,2,4,3,0,4,3,11,6,3,3,5,5,4,5,2,1,5,5,1,5,5,6,1,2,4,4,6,6,3,6,5,1,4,7,8,4,4,3,2,4,4,5,2,6,3,5,1,4,1,5,3,4,4,6,4,5,3,5,6,4,6,3,2,4,3,2,6,3,2,1,2,4,5,4,6,7,4,3,5,6,6,4,3,10,6,5,2,2,5,2,4,5,3,10,2,4,4,5,3,7,5,5,2,3,5,1,5,7,7,3,7,4,6,4,4,4,7,11,4,4,6,4,3,3,4,4,6,3,3,2,6,6,2,6,4,2,4,2,2,3,4,6,5,5,6,7,2,4,6,4,9,5,3,4,6,2,4,8,7,4,1,4,3,3,3,4,3,5,7,7,2,6,5,1,2,6,3,1,6,3,6,4,5,5,2,3,2,7,6,4,2,4,4,6,2,6,3,6,5,2,3,7,5,3,5,3,7,5,6,4,4,4,5,1,4,5,3,2,3,6,5,2,2,4,2,5,4,5,4,5,4,1,6,5,6,2,4,6,2,3,2,4,5,6,4,4,6,3,5,8,8,2,9,5,5,4,3,3,4,5,6,6,8,4,2,7,5,4,2,2,6,5,2,2,2,6,4,2,3,1,2,5,4,10,5,6,7,5,4,4,1,8,9,7,5,8,2,1,2,5,3,4,2,6,2,7,6,7,4,4,8,1,5,1,4,1,14,5,8,7,5,2,6,7,6,5,5,2,3,3,4,2,3,2,5,8,9,3,7,1,6,1,1,5,7,6,3,7,9,4,9,5,3,5,7,2,5,4,4,4,7,6,3,7,4,2,2,4,5,5,8,6,5,6,7,3,3,4,7,5,2,0,8,3,5,2,3,8,9,6,1,2,1,2,8,4,7,5,6,3,3,4,4,7,3,4,0,5,5,5,1,8,4,7,3,6,3,6,4,5,3,4,6,2,3,4,5,8,5,7,3,4,5,5,1,3,5,4,9,4,8,6,3,5,6,0,3,4,2,4,6,5,5,2,8,6,9,3,5,6,0,6,6,5,7,4,7,3,3,5,4,3,4,0,4,5,5,3,4,4,3,3,3,1,5,3,6,5,2,6,5,3,3,2,4.293,8.35802887337117,0.227971126628831
4,2,8,4,2,3,3,6,6,7,9,5,7,5,2,5,2,4,1,5,8,10,5,3,3,9,5,5,2,5,4,0,3,5,5,1,7,6,3,1,5,1,7,5,7,2,5,4,4,4,4,4,7,4,4,5,8,0,5,5,6,2,8,1,4,5,7,5,5,8,2,5,9,0,2,5,3,3,5,2,7,2,5,3,1,8,6,2,1,6,5,4,0,5,5,6,2,4,2,7,5,3,3,6,4,2,5,4,9,5,4,3,6,4,2,3,6,3,8,1,3,5,2,4,3,2,2,3,4,6,5,6,5,6,1,3,8,4,2,8,5,7,3,5,3,6,4,3,3,8,2,2,6,0,6,3,5,3,4,8,4,2,3,4,4,3,2,9,7,1,2,2,2,3,2,1,6,6,10,4,8,6,4,3,4,3,7,6,3,6,6,3,6,4,11,2,2,7,7,4,5,3,3,4,3,0,4,4,3,5,8,3,2,3,3,3,5,7,3,7,3,2,4,5,2,5,3,2,2,4,2,2,4,8,4,6,1,8,2,2,9,6,5,7,3,6,6,2,2,7,1,8,2,1,4,4,7,3,7,5,6,2,6,9,5,2,7,2,1,5,5,1,6,1,4,4,1,3,4,0,6,2,6,5,5,5,2,3,5,7,5,7,3,1,5,3,2,4,4,7,5,1,4,3,4,6,5,3,3,2,1,4,6,4,2,4,4,10,4,3,7,5,6,3,3,3,4,5,2,5,7,4,0,7,3,3,2,3,5,4,6,2,4,5,8,3,4,1,9,7,3,2,4,4,5,2,2,4,3,3,4,3,7,5,6,5,9,7,3,7,5,3,4,5,3,6,9,10,7,4,3,5,3,3,1,3,5,5,4,3,4,2,4,9,7,6,4,4,3,5,7,4,2,3,7,10,4,0,4,2,3,5,7,5,2,5,3,4,4,4,4,3,6,1,3,3,2,4,4,5,3,1,2,4,4,6,3,4,5,7,4,6,6,6,1,3,5,2,4,8,6,3,2,4,5,3,2,4,4,4,6,2,1,3,4,8,3,2,4,4,1,6,3,3,2,2,10,2,4,9,3,6,2,3,3,3,6,0,4,6,3,3,5,6,4,8,5,4,2,3,2,5,9,4,4,3,6,5,4,7,4,5,9,3,3,3,6,4,3,7,5,6,6,2,2,6,4,3,4,4,5,2,6,6,3,2,3,1,6,3,3,6,7,8,1,4,6,6,4,1,9,2,1,7,3,3,2,2,6,6,2,5,4,5,4,8,5,2,6,6,3,9,6,2,1,3,2,4,6,5,3,3,5,2,4,2,3,4,7,4,10,4,2,4,4,3,3,4,4,5,5,5,2,3,5,2,1,8,5,6,3,4,4,6,4,6,3,3,3,5,2,8,2,6,2,0,2,1,7,5,6,5,4,7,6,3,4,3,3,3,3,5,4,5,4,4,5,6,3,12,5,7,1,3,3,6,0,3,5,5,6,8,1,4,4,3,1,7,6,4,3,5,6,2,4,4,1,4,10,14,2,4,7,8,3,7,5,6,5,8,3,4,1,3,3,8,6,2,5,5,2,5,6,5,4,5,2,12,4,5,3,0,8,2,2,7,5,2,3,4,2,4,1,4,3,2,7,3,8,2,6,4,3,7,3,5,6,5,7,4,6,8,5,5,3,3,5,6,4,2,1,5,4,5,6,4,4,2,5,5,2,1,6,7,3,4,4,7,3,5,2,5,3,3,4,8,7,3,4,4,5,3,4,3,4,5,4,4,6,5,5,6,9,7,5,2,3,2,1,3,3,5,1,7,5,6,4,2,6,4,6,6,4,0,1,5,4,2,0,7,4,1,4,6,2,8,1,6,8,7,7,3,7,4,2,2,1,3,4,6,4,4,3,5,1,1,4,4,2,3,5,6,3,9,2,6,5,2,1,3,5,5,4,4,5,0,3,2,7,4,6,3,5,3,6,8,7,6,5,3,4,2,3,7,1,2,1,1,4,6,4,3,5,7,2,1,0,8,1,2,4,6,4,2,4,7,5,0,5,3,6,2,3,6,0,5,3,4,6,7,3,9,2,4,3,3,2,5,4,2,3,4,6,2,4,3,7,7,5,8,2,6,6,0,6,3,3,2,2,4,3,1,3,4,1,2,3,4,3,2,2,2,6,6,4,2,2,1,4,3,3,5,5,5,3,4,1,2,3,1,7,2,5,5,5,3,5,2,5,5,4,1,4,4,3,10,6,2,4,1,4.181,8.35021245259519,0.0117875474048077
5,3,3,2,4,6,6,1,1,4,5,5,6,7,7,5,2,5,4,2,1,6,5,5,5,5,4,3,2,1,5,1,6,3,6,2,3,4,7,8,6,1,4,2,5,6,2,2,3,2,3,5,6,3,1,2,2,6,6,1,6,3,5,5,4,2,0,3,2,0,5,7,0,1,3,10,4,6,9,4,1,7,2,5,1,3,3,2,3,1,5,5,5,4,3,4,6,2,1,6,4,3,2,6,2,4,3,5,7,6,2,6,9,6,1,1,6,1,3,2,5,4,4,0,6,5,5,8,3,5,2,5,2,8,4,6,3,6,5,2,10,4,5,4,3,4,5,5,7,5,6,10,8,7,4,2,9,8,5,1,2,6,2,4,2,4,6,7,3,3,2,3,6,3,3,5,3,6,3,5,2,4,4,4,2,3,5,5,4,6,6,3,4,7,3,3,2,5,8,5,8,4,9,4,7,1,6,3,3,5,3,0,3,4,5,4,5,4,5,6,4,5,5,5,1,5,4,3,5,4,4,2,4,5,3,3,6,9,1,6,6,5,7,3,2,3,3,5,8,7,9,2,6,4,1,2,6,9,3,1,7,9,2,2,3,7,7,5,5,6,4,8,2,5,2,3,4,5,4,2,2,4,3,4,4,1,3,5,3,6,4,2,9,3,9,1,1,1,5,1,4,4,5,5,4,4,11,5,4,6,5,3,5,3,7,6,3,6,6,4,3,3,2,3,4,5,4,4,10,7,3,5,6,4,2,12,7,4,5,3,2,6,8,4,6,2,7,2,4,4,1,1,2,7,8,3,4,3,2,5,8,4,4,5,3,4,2,3,2,5,4,4,2,1,4,5,3,5,5,3,6,8,3,3,6,7,4,7,3,8,2,3,5,3,5,2,2,2,3,4,3,5,3,3,5,7,5,10,7,2,3,4,7,9,4,4,4,4,5,7,4,3,4,7,8,5,1,7,3,3,4,3,2,1,5,2,4,1,7,3,6,4,4,5,5,6,5,4,5,2,2,3,3,2,4,4,3,9,4,3,2,4,6,6,6,4,6,7,6,3,5,8,4,4,5,1,2,6,6,8,5,2,8,8,6,3,2,3,5,8,3,2,2,3,4,8,5,7,7,6,6,2,2,5,8,5,5,4,8,6,7,4,4,6,2,2,0,1,7,3,4,9,4,4,2,3,4,2,3,3,4,5,3,4,5,1,2,3,3,5,2,8,6,8,2,3,2,7,5,6,4,3,4,3,6,7,5,3,4,0,1,4,6,3,2,8,2,6,3,4,5,1,6,2,9,3,0,4,4,2,9,4,7,3,6,2,4,6,2,4,1,5,4,1,2,2,6,5,6,14,5,4,10,5,3,3,6,1,5,3,2,3,4,5,4,4,4,3,5,5,4,4,5,4,2,6,5,7,7,4,7,6,4,4,9,6,4,5,9,4,4,2,3,0,4,3,6,3,11,0,3,3,5,5,6,9,4,6,7,3,3,5,1,3,7,5,2,2,11,3,5,2,4,4,6,6,2,3,5,5,7,4,5,4,7,4,3,2,2,3,0,4,6,1,5,0,4,3,4,8,5,3,2,4,7,3,4,6,0,1,3,1,1,2,1,3,3,2,3,4,7,7,3,3,1,4,3,1,5,4,2,7,5,2,6,1,6,5,7,1,4,6,3,7,2,1,3,2,4,5,9,5,2,3,3,7,4,2,8,2,5,6,2,4,7,4,4,5,4,3,2,1,2,6,3,5,3,4,5,6,2,1,5,4,8,6,0,9,3,1,4,2,5,3,4,3,4,8,7,3,4,4,3,3,5,6,1,3,6,4,6,1,3,2,4,6,5,6,5,2,3,3,3,4,3,6,7,4,4,7,8,2,3,4,1,2,3,6,2,6,3,3,6,4,9,2,3,2,8,5,3,4,5,8,4,6,4,5,2,1,5,5,6,2,1,4,4,2,3,2,6,6,2,7,4,8,7,5,1,8,6,1,2,8,7,2,1,4,2,4,5,0,4,12,3,4,6,7,8,4,4,3,5,4,3,4,2,2,5,4,6,4,4,3,5,0,5,4,2,3,1,2,4,3,1,2,2,1,3,5,5,7,4,9,3,6,4,2,5,3,2,3,2,6,6,4,3,8,8,4,3,6,6,4,3,5,3,7,4,5,6,3,0,7,6,4,6,3,3,4,3,5,5,7,0,3,6,3,2,3,7,5,7,7,2,3,5,5,5,6,5,2,5,2,4,4,7,5,1,3,4.213,8.40584600327835,0.0201539967216551
3,5,7,5,3,5,3,6,4,6,5,7,4,7,4,8,5,6,3,2,2,5,5,2,6,3,4,3,3,4,7,5,5,0,4,2,4,0,4,5,4,4,1,4,3,5,2,6,8,3,7,9,5,7,6,2,4,2,2,4,5,1,8,3,2,5,4,3,6,2,9,2,5,1,0,5,4,5,1,5,4,3,3,5,6,5,3,5,2,1,4,4,4,7,7,6,5,4,0,6,5,2,4,7,5,1,3,0,5,3,4,3,3,5,5,3,5,2,6,3,7,1,3,2,4,0,4,2,7,4,1,3,5,3,6,8,1,8,4,6,4,1,2,2,2,7,7,4,10,5,3,4,5,4,7,3,5,3,7,3,6,1,6,5,6,7,5,2,9,9,7,4,4,4,6,3,4,5,8,4,4,3,4,4,8,4,6,1,6,3,4,3,3,2,6,2,1,6,4,7,5,5,4,5,5,4,4,5,2,3,4,3,1,4,6,1,2,7,4,3,3,6,9,2,6,5,2,4,4,1,0,3,4,3,4,4,4,3,3,8,5,4,3,5,0,1,7,4,1,3,6,6,4,2,1,5,4,3,3,3,3,4,1,8,2,4,6,5,3,4,4,1,4,6,4,3,4,1,3,5,1,6,6,2,7,2,2,3,6,3,5,4,7,6,4,3,4,2,7,3,3,3,4,2,4,2,4,9,2,1,6,3,6,2,3,2,9,3,4,2,8,2,1,1,4,4,7,4,4,1,2,5,2,5,4,4,6,5,3,5,3,0,1,1,5,2,6,4,4,4,5,3,2,7,6,4,4,4,1,4,7,3,3,4,5,3,2,5,2,0,2,5,3,2,7,4,1,2,1,4,6,5,1,4,4,1,5,4,3,4,4,7,3,5,5,4,2,4,4,6,5,4,4,3,4,7,3,4,1,4,2,6,5,6,5,3,4,5,4,4,5,6,2,6,4,0,7,5,6,4,2,5,6,4,5,5,4,4,8,1,6,4,1,5,5,2,5,4,1,2,1,4,5,5,5,5,1,4,3,5,5,3,4,6,6,3,4,2,7,3,6,4,4,4,5,1,2,3,7,4,5,2,5,6,5,1,3,5,3,2,2,6,4,3,6,2,3,5,2,6,2,7,5,2,8,3,5,4,4,4,2,3,3,1,1,3,0,3,6,2,4,4,5,3,2,6,1,8,6,0,4,4,1,7,2,3,4,2,4,7,2,5,6,7,2,2,0,6,4,2,2,8,4,2,7,5,4,1,2,0,5,5,6,4,7,6,4,5,5,4,4,4,1,3,5,3,5,3,3,10,7,2,3,1,9,4,1,5,4,1,5,7,0,8,5,3,1,5,4,6,4,3,2,5,4,5,3,4,4,5,7,4,3,8,2,4,3,4,3,7,2,3,3,8,3,7,7,4,3,5,3,3,4,4,5,4,4,7,4,2,2,3,6,3,2,7,1,5,4,6,3,9,3,5,2,1,7,4,3,4,3,7,1,4,2,6,3,4,7,0,2,4,4,7,8,3,2,2,2,3,4,3,4,2,4,7,3,6,6,6,4,4,4,4,4,6,4,6,2,7,3,1,3,4,3,2,4,3,3,3,4,8,7,6,2,3,7,6,6,4,4,3,2,3,0,5,3,6,3,2,8,4,4,3,5,2,2,5,5,3,5,5,2,8,4,3,3,3,2,2,4,5,7,3,0,4,5,3,6,4,3,4,5,7,0,5,5,2,8,5,4,8,0,6,1,9,3,6,4,3,2,4,3,5,2,4,3,7,3,5,6,3,5,1,3,2,8,9,6,3,1,1,5,4,1,8,3,6,2,6,4,1,3,7,6,3,4,6,1,3,0,5,6,4,5,4,2,2,8,6,4,5,6,8,5,5,4,2,2,5,4,5,6,1,4,7,5,9,8,4,4,4,3,4,6,5,2,8,2,7,4,6,2,6,11,7,5,7,2,5,9,9,6,4,2,1,3,5,5,2,3,6,2,5,4,4,4,4,3,1,1,3,5,3,3,7,1,3,3,3,2,3,7,3,4,4,3,3,5,6,5,3,2,3,3,3,3,5,7,4,5,4,1,5,5,2,6,5,2,5,4,4,4,4,1,2,3,4,2,3,3,7,0,3,2,4,6,5,4,5,5,2,2,3,6,2,3,5,3,1,3,5,1,6,7,4,3,3,5,2,4,3,6,4,3,8,5,5,4,5,7,2,5,4,7,6,2,2,2,3,4,7,3,2,4,3,6,5,5,2,4.023,7.8739542768569,0.172045723143097
4,8,2,3,5,7,5,4,4,6,4,1,3,3,3,3,2,5,2,2,8,3,5,5,0,4,3,4,9,2,4,5,2,3,6,1,3,5,3,5,1,5,3,2,3,2,4,3,2,6,3,3,1,3,4,3,2,7,4,8,7,5,3,0,2,4,3,3,4,2,1,2,10,0,2,5,1,2,4,5,3,0,4,8,1,4,3,6,5,2,10,5,1,0,4,3,3,6,0,3,3,5,2,4,1,2,3,5,3,3,2,4,5,7,1,3,1,5,4,4,9,4,3,2,12,2,2,3,6,2,2,3,2,5,7,8,2,2,5,3,5,3,5,5,2,3,1,3,1,6,4,4,5,5,4,0,6,2,4,3,3,5,0,3,8,4,2,3,8,5,5,2,6,3,1,3,6,5,6,4,5,7,7,2,3,3,3,5,2,5,3,5,5,2,4,4,3,3,3,5,2,8,6,4,3,5,4,5,4,5,3,3,1,5,5,3,7,4,6,5,3,4,2,6,3,3,3,1,2,3,1,3,3,3,5,5,5,4,4,5,3,8,5,5,1,3,4,5,5,3,6,2,3,4,1,2,3,4,5,6,3,5,2,5,4,2,6,7,5,0,2,3,8,4,1,1,3,2,4,3,5,4,5,4,4,5,4,2,4,4,5,4,3,7,3,10,2,4,8,3,4,3,1,4,3,3,3,6,4,8,4,1,1,2,3,5,6,7,3,2,3,5,6,3,3,1,5,1,3,3,4,5,11,2,5,5,6,2,2,4,9,2,6,2,5,3,3,2,5,2,3,5,3,3,4,5,2,4,5,4,2,2,4,4,3,8,6,4,2,7,4,3,5,3,4,3,3,6,4,0,2,2,1,3,5,3,4,4,1,4,1,1,4,6,1,8,3,1,3,4,3,3,4,3,5,6,2,4,2,5,2,4,4,5,3,4,6,5,5,9,8,2,3,4,5,2,5,0,2,4,3,3,4,6,6,2,4,7,9,2,1,7,3,5,4,4,3,4,5,3,8,1,3,5,3,6,3,4,7,5,5,4,4,4,5,3,3,4,3,8,2,6,6,5,4,2,5,2,7,7,8,2,5,3,6,4,6,6,1,9,2,4,4,3,3,3,2,3,2,1,4,2,3,7,3,2,4,9,4,5,5,4,5,3,4,5,6,8,3,7,2,3,8,5,1,6,5,1,4,4,3,1,5,9,2,1,5,1,5,1,1,4,7,10,4,3,6,5,4,4,5,3,4,4,4,2,3,2,3,6,6,6,3,3,4,1,1,5,4,3,7,3,6,3,3,6,5,9,8,4,4,6,3,3,4,4,3,7,6,2,3,6,4,4,6,2,5,3,4,3,2,7,6,2,3,7,5,6,6,6,1,5,4,6,2,2,4,5,2,3,8,4,3,6,3,3,3,1,3,2,3,7,3,4,8,5,2,7,3,1,3,2,5,6,4,5,2,7,5,6,4,3,3,3,8,5,2,7,2,4,4,2,4,1,6,5,4,7,1,4,2,4,7,4,2,1,4,6,2,3,5,4,2,3,6,3,3,6,1,3,3,5,4,1,6,7,8,3,3,2,6,6,2,4,2,5,4,2,7,5,6,5,7,3,4,0,4,1,3,5,4,3,3,4,2,4,8,12,1,6,6,4,3,3,0,2,3,6,8,7,4,9,4,2,5,2,4,8,6,2,2,5,4,9,2,3,3,2,9,2,1,4,0,6,3,7,3,1,2,3,2,4,7,5,3,1,4,3,3,8,4,2,6,6,4,5,3,7,3,6,2,4,6,6,1,0,3,3,4,4,6,1,2,3,4,5,3,5,3,5,4,5,3,2,5,2,2,10,2,5,4,2,9,4,7,1,1,5,3,5,5,4,3,4,4,4,1,6,4,5,2,1,5,7,2,4,5,2,2,0,2,3,2,5,6,5,4,3,4,6,4,0,6,5,7,5,0,4,2,7,3,3,5,3,3,5,7,3,1,5,6,5,1,2,4,5,4,8,5,4,7,6,4,2,7,4,2,2,6,5,10,8,6,1,3,3,4,0,4,9,4,4,3,3,2,3,2,3,3,3,4,4,4,4,6,4,8,4,4,4,3,3,5,4,5,4,4,3,9,6,5,5,2,1,6,2,5,1,6,3,5,3,2,1,0,6,5,3,2,4,7,4,3,5,3,3,2,5,3,1,4,3,2,6,3,2,5,3,4,1,4,3,4,6,7,2,2,5,4,3,1,3,3,1,6,4,4,3,3,3,3.919,7.83430761193755,0.00369238806244709
5,8,5,3,1,6,6,2,6,4,3,3,4,5,1,3,4,3,1,6,3,2,4,3,3,6,4,7,10,5,6,1,5,3,1,0,7,1,7,4,4,3,3,6,3,4,3,4,7,5,4,4,3,4,3,4,5,2,1,3,8,1,2,6,1,5,5,2,3,3,4,2,5,4,5,6,6,6,7,4,2,2,2,4,4,5,0,4,4,2,2,3,4,5,3,6,6,4,8,4,0,3,1,6,6,3,3,5,2,4,6,3,5,5,6,2,0,3,2,7,7,6,3,3,6,4,3,8,4,3,5,2,3,3,5,2,3,4,7,5,4,4,7,3,3,4,3,5,5,4,4,4,4,5,5,2,3,6,8,5,4,1,1,2,3,1,9,5,1,6,3,2,5,1,3,5,4,3,7,6,1,3,4,6,2,4,1,2,4,4,4,5,3,4,5,3,2,2,3,4,6,3,2,7,2,5,6,2,2,6,5,7,3,6,3,3,6,1,2,6,1,7,4,6,6,3,7,2,4,5,4,6,2,2,4,4,3,3,2,2,3,5,4,4,4,3,6,3,3,5,4,5,7,2,5,7,4,4,3,6,6,3,5,2,5,1,6,4,5,3,5,2,3,1,2,4,3,3,5,2,5,5,4,1,3,3,2,5,2,8,3,4,4,3,1,3,3,4,2,4,3,6,6,3,1,5,3,3,5,3,4,2,5,4,3,0,6,1,2,4,8,6,4,4,1,5,4,5,5,6,6,2,5,7,2,7,5,4,4,3,4,0,4,5,3,3,3,5,9,3,6,7,9,1,3,2,1,1,6,3,5,7,2,7,6,1,3,6,5,5,8,4,5,6,6,5,4,7,6,6,5,1,4,5,4,5,6,7,3,0,4,6,2,2,2,6,2,3,3,3,5,4,2,0,4,4,2,4,4,3,5,1,5,3,3,3,3,5,4,7,5,11,2,2,5,5,4,12,3,0,7,3,4,2,5,3,3,4,4,1,5,7,4,4,6,3,1,4,6,2,6,2,4,8,3,2,4,3,2,6,4,5,7,6,4,3,3,3,4,2,1,2,0,2,6,2,2,7,6,3,0,4,3,4,2,1,2,4,3,2,6,3,4,5,3,5,4,3,4,5,2,6,3,5,1,4,4,2,10,3,4,2,3,9,3,4,4,2,4,3,1,4,1,4,4,2,6,4,4,2,5,2,6,4,2,6,2,2,6,4,2,4,3,5,3,2,6,8,1,3,6,5,8,1,6,8,2,3,2,5,1,7,3,3,4,5,3,2,2,4,2,11,4,3,6,3,4,1,7,0,2,2,7,4,3,1,7,4,2,4,3,2,1,8,8,2,3,3,5,6,1,5,3,7,4,5,1,1,5,4,3,1,3,1,5,3,4,5,5,3,3,5,4,4,3,7,4,3,3,4,5,5,4,2,7,2,1,3,6,3,4,6,3,1,5,3,3,9,4,7,5,3,3,3,6,5,5,3,6,5,5,2,4,5,0,6,4,5,5,3,6,1,7,2,2,4,7,4,7,4,1,7,5,3,3,4,3,4,7,6,4,2,4,1,2,6,2,5,3,3,8,1,2,2,3,1,3,2,1,3,3,3,5,3,1,2,1,2,4,5,4,6,3,4,2,4,5,4,1,2,5,2,4,3,6,6,2,5,4,1,4,1,2,5,3,1,0,5,2,5,3,2,3,3,5,6,7,4,2,2,4,4,5,4,1,2,6,3,2,2,5,4,3,3,7,2,9,3,4,3,2,8,2,3,1,3,2,5,1,4,4,3,2,2,3,5,9,4,2,0,6,3,4,2,7,5,5,5,4,6,0,2,4,2,2,2,5,1,3,6,2,4,6,3,4,3,5,5,9,4,5,3,5,6,4,5,6,8,4,3,4,3,3,6,1,1,6,6,5,4,4,6,2,2,4,3,4,6,2,1,5,2,3,4,6,1,0,4,5,5,6,1,8,3,6,4,8,5,2,0,2,1,4,2,3,3,8,3,7,7,2,4,2,7,4,5,3,4,3,3,2,6,0,6,5,4,8,4,5,3,6,2,8,3,2,2,3,2,1,5,2,1,4,5,1,2,3,5,4,3,3,3,5,4,4,2,0,3,5,9,3,8,1,5,6,3,6,3,5,4,7,3,1,3,3,5,7,2,2,1,5,2,2,6,4,6,4,0,3,2,4,5,5,5,4,5,2,1,5,4,2,1,4,8,6,2,6,3,2,3,3,3,5,2,2,5,1,4,2,8,3.836,7.64106268390262,0.0309373160973752
6,1,4,2,4,5,1,2,4,1,6,2,6,2,5,2,3,2,11,6,5,2,2,1,1,1,7,2,7,4,5,7,9,1,5,8,2,2,7,8,5,3,4,2,2,0,2,4,6,3,1,2,9,3,5,4,6,5,5,4,3,4,2,4,2,2,2,3,6,4,4,3,4,1,4,7,4,3,4,3,5,3,6,4,5,5,4,1,2,1,5,7,2,1,1,4,3,3,4,2,2,7,4,2,6,2,2,7,4,1,1,3,6,5,2,8,5,2,1,3,6,5,5,3,5,5,4,3,5,3,4,1,6,5,6,2,3,6,3,2,3,5,2,4,3,6,4,4,2,5,3,4,4,4,2,4,3,4,4,4,6,2,2,0,4,1,1,5,5,2,4,3,5,3,1,1,4,3,7,3,3,3,3,6,5,4,1,3,2,3,3,2,1,4,2,3,1,10,3,3,2,6,1,2,4,3,2,6,5,1,1,4,5,2,7,4,5,3,3,1,2,7,5,5,2,4,4,6,4,4,7,6,4,7,1,3,5,6,5,3,4,6,3,3,4,3,4,5,4,2,4,3,3,7,2,4,3,3,4,5,7,4,4,5,9,3,7,3,4,3,4,4,6,3,5,3,3,4,2,4,1,3,7,6,2,2,2,2,6,6,3,5,0,6,1,4,2,2,6,5,7,2,4,1,4,4,6,4,2,7,3,6,3,6,4,6,3,5,9,3,3,3,5,4,3,5,7,4,4,3,3,1,0,3,7,7,1,7,4,2,0,2,6,1,1,2,4,3,4,6,2,4,4,2,3,3,5,2,3,0,6,6,4,1,2,4,4,2,3,3,4,9,1,5,3,8,1,5,0,3,4,5,1,0,3,3,6,2,4,6,2,2,4,1,4,1,1,3,6,7,4,4,3,3,5,8,2,6,4,2,2,3,4,7,3,4,4,2,2,7,7,5,5,4,6,2,5,2,5,4,0,4,2,7,2,10,5,6,1,4,4,3,3,8,3,3,2,7,3,5,1,7,5,3,3,4,4,1,5,4,3,0,6,7,7,3,3,6,2,2,3,8,3,3,3,3,4,5,7,2,3,11,1,9,5,4,4,3,4,4,4,6,2,5,2,7,4,2,2,5,6,5,3,10,3,2,1,1,3,2,2,4,3,4,1,2,4,5,4,3,2,4,2,2,7,2,3,1,3,3,1,3,3,5,0,1,8,4,2,1,3,3,3,4,3,3,2,4,8,4,4,4,1,6,4,8,4,4,1,5,5,5,2,1,7,8,4,5,4,3,5,5,6,1,3,5,5,4,7,6,5,5,2,3,6,7,5,1,5,4,3,8,8,3,3,4,9,3,3,3,3,3,5,4,0,5,4,1,4,2,2,2,1,3,3,6,6,4,3,2,3,3,1,2,5,0,3,6,5,4,6,5,6,3,7,2,4,7,3,2,6,2,7,2,3,7,3,5,10,6,2,3,2,4,5,4,2,4,7,7,5,6,0,6,2,3,1,5,10,4,3,3,2,5,5,5,4,5,6,9,3,1,4,8,4,5,2,1,1,7,1,6,0,4,1,3,3,1,6,1,1,0,2,1,5,1,3,4,1,4,6,8,2,3,3,1,6,6,6,1,5,3,6,3,3,2,3,6,4,3,4,4,1,3,6,4,2,4,4,5,2,9,5,4,5,7,4,5,3,1,2,2,4,4,2,7,4,3,3,4,2,6,3,2,4,4,4,6,3,3,6,3,4,1,3,4,4,6,5,4,0,1,2,4,1,2,3,1,3,5,2,3,2,4,5,4,5,5,6,2,7,3,2,2,2,2,1,2,4,5,0,2,11,2,4,2,5,3,1,5,3,2,5,2,2,2,2,3,4,5,5,2,6,5,4,6,4,5,3,5,3,8,4,3,3,1,4,0,2,0,2,3,4,6,4,1,4,4,1,4,3,4,5,2,2,0,5,6,7,5,2,2,3,4,4,5,5,4,2,2,5,1,5,6,5,2,0,3,6,3,6,4,3,3,2,2,3,2,5,7,1,1,7,5,1,2,4,3,5,3,7,6,5,6,5,4,5,5,2,1,4,3,4,9,3,2,3,1,5,1,4,2,5,2,4,3,3,7,2,5,4,6,3,3,5,6,8,8,6,1,2,4,3,4,6,4,7,2,1,3,3,4,2,6,4,2,3,6,4,2,3,7,2,6,2,4,2,2,3,4,7,2,2,4,7,3,3,7,6,4,5,6,1,3,5,6,2,5,8,2,3.754,7.65309054029801,0
3,6,3,2,5,1,4,5,8,1,5,2,5,6,4,12,5,4,3,7,10,3,2,6,3,3,6,3,3,2,6,6,1,1,1,3,5,6,4,2,3,4,3,3,3,3,1,0,8,7,3,8,4,4,4,0,3,5,4,1,5,1,5,3,3,2,8,1,1,3,5,3,6,2,2,2,4,4,2,1,3,2,3,3,4,5,1,5,2,3,7,3,4,2,4,6,5,2,3,3,4,0,7,8,4,7,4,5,2,6,4,1,3,3,1,1,5,3,6,1,4,6,5,4,5,3,6,4,6,1,7,3,2,3,7,5,2,4,5,1,3,2,5,4,1,3,3,4,3,5,10,3,1,4,4,1,5,3,5,2,3,3,4,1,5,4,4,4,1,3,1,2,6,5,6,6,3,3,2,2,2,4,4,0,7,4,2,1,4,4,5,5,1,2,6,4,1,6,3,5,6,6,6,1,2,3,5,0,5,3,7,4,2,2,1,5,3,9,5,4,0,5,5,5,1,1,3,8,4,8,4,2,1,2,5,4,13,3,5,4,2,3,6,6,3,8,2,6,4,1,6,1,4,4,1,4,6,2,4,5,7,2,5,6,8,4,4,4,5,2,2,10,7,6,3,4,5,3,6,1,2,7,2,8,5,4,2,7,3,5,6,3,1,3,3,5,6,2,7,4,2,1,1,4,5,2,5,3,8,6,3,2,4,5,2,1,7,6,9,4,3,4,1,2,3,5,2,5,5,4,3,5,1,5,5,6,2,6,2,1,4,3,1,4,3,3,5,2,2,2,4,2,4,11,7,3,1,3,3,5,5,6,4,2,5,0,4,4,5,2,3,7,3,3,4,2,1,2,3,4,5,3,5,4,4,6,7,8,0,6,3,2,4,5,3,3,2,4,2,2,4,2,6,5,4,10,4,2,4,4,1,3,6,6,6,4,7,2,4,3,4,2,3,5,3,7,5,1,1,3,4,4,5,2,1,2,4,5,3,1,5,12,4,4,3,2,7,6,1,3,3,1,3,4,4,2,4,5,2,3,5,2,8,1,9,4,9,5,4,3,2,4,5,3,4,3,3,4,1,4,3,5,3,4,2,0,2,2,2,6,4,1,1,4,3,2,4,4,6,3,2,5,1,1,0,4,1,3,4,2,5,3,6,1,3,2,2,4,2,3,4,0,4,5,3,5,7,1,1,2,3,5,1,4,6,3,4,6,5,4,2,4,3,4,6,5,6,2,1,2,5,4,7,4,2,1,3,5,4,4,1,3,2,2,5,4,4,2,5,1,3,5,3,7,1,3,3,10,3,1,6,2,4,4,5,5,3,6,5,5,2,3,2,2,5,3,6,7,4,2,3,2,8,1,4,4,2,3,6,4,6,2,4,5,5,4,6,3,9,4,4,5,1,3,1,5,0,2,7,2,7,4,7,3,6,6,5,9,5,5,4,4,2,5,5,3,1,5,2,4,3,4,3,4,5,7,2,7,4,9,4,4,4,3,6,1,2,4,3,1,3,4,7,5,3,1,6,2,1,3,2,6,11,5,2,2,4,5,7,5,3,6,5,3,4,8,4,2,0,3,2,4,4,5,5,6,4,2,9,2,4,4,3,1,4,2,5,4,4,4,4,3,3,2,3,2,3,3,6,5,4,2,6,2,6,4,4,5,1,3,4,4,7,7,3,4,3,6,6,5,5,4,5,5,4,4,1,1,8,4,9,3,3,5,4,4,4,8,4,4,0,2,5,7,2,3,3,4,2,5,3,5,3,4,5,5,5,1,4,5,5,3,3,9,3,5,2,3,5,6,2,5,7,6,3,5,2,2,3,4,3,1,8,2,5,1,5,4,2,6,4,2,8,5,5,8,2,2,10,2,2,2,4,5,6,4,2,6,5,4,2,3,0,3,4,3,7,2,3,4,2,4,1,6,6,1,2,2,1,4,5,8,2,5,2,5,3,5,7,4,1,7,3,5,1,6,8,6,3,2,1,3,5,4,6,1,8,9,1,2,6,3,1,0,2,7,5,1,3,2,9,6,6,8,5,5,3,1,4,4,8,6,6,1,5,3,4,1,1,5,6,4,6,5,6,8,9,3,3,2,7,4,7,9,3,2,1,3,5,1,7,2,3,4,7,7,2,2,2,3,4,3,9,1,4,3,4,8,2,1,7,4,3,1,3,6,3,4,2,2,3,2,6,1,6,5,1,3,3,3,2,1,5,5,4,4,2,3,8,3,5,7,2,2,3,2,4,5,4,1,3.848,7.91385415917044,0
3,6,5,7,7,1,5,4,4,4,6,5,4,6,5,4,4,7,1,6,4,5,5,5,6,2,4,0,7,4,5,2,4,4,5,0,2,3,9,2,5,6,4,3,4,0,3,5,1,5,4,6,3,3,4,3,4,4,4,3,7,1,1,3,4,2,4,2,4,3,9,3,7,6,1,4,2,4,4,4,6,1,4,2,2,5,2,4,6,2,8,4,4,4,5,1,2,2,4,2,8,3,2,1,2,5,5,5,4,6,2,2,8,6,5,1,2,5,2,5,7,6,3,1,5,7,4,2,6,7,3,1,3,4,1,7,5,8,3,2,3,2,4,3,1,4,2,7,2,7,8,7,5,3,5,1,2,7,4,3,6,4,2,5,7,5,3,3,3,4,4,2,3,6,1,2,3,4,8,2,3,2,4,1,6,1,3,2,3,3,6,6,3,1,3,6,4,1,5,0,3,4,6,5,4,5,2,4,1,5,10,4,4,6,3,5,2,4,5,6,2,4,2,4,3,7,3,2,4,3,3,4,3,3,5,1,3,3,1,5,3,6,8,5,1,3,8,6,4,4,2,2,6,3,6,4,4,5,6,4,6,3,3,3,1,2,3,4,6,4,4,5,3,3,3,2,5,0,6,2,2,1,3,2,7,4,3,1,6,3,2,2,4,3,2,7,8,4,2,2,5,6,4,4,6,3,4,4,4,4,2,6,2,1,1,1,4,4,2,4,6,2,4,2,5,4,6,3,5,4,3,2,5,4,6,7,4,2,6,2,9,5,1,3,4,3,6,8,3,4,5,7,6,2,3,1,5,1,6,3,8,5,3,4,8,4,12,5,4,3,3,4,4,1,7,0,2,4,6,3,5,1,1,4,6,4,0,3,1,3,4,2,2,9,2,4,5,4,5,3,3,4,7,2,6,6,4,3,7,3,3,2,5,3,4,2,5,2,5,5,5,6,4,4,3,2,2,4,8,3,4,6,4,1,3,9,3,1,4,4,3,3,2,4,7,1,2,0,2,4,4,1,7,4,5,2,3,1,3,6,6,4,4,2,1,2,4,4,3,2,7,2,4,4,7,3,1,4,9,4,4,3,3,5,4,3,7,2,4,2,3,3,0,2,7,6,3,5,3,4,2,3,4,3,3,5,2,5,3,2,2,5,5,4,0,2,2,1,2,4,3,4,6,0,5,2,4,1,4,2,7,2,4,1,4,2,5,2,4,6,2,2,0,4,4,1,4,0,3,1,4,3,4,2,6,5,3,2,3,4,3,3,2,5,7,3,3,1,1,2,3,2,1,4,0,4,2,5,3,3,6,2,4,3,4,0,4,8,7,4,2,3,3,3,1,2,5,3,2,1,3,4,6,5,1,5,3,5,4,4,4,3,4,1,5,3,2,3,3,2,2,3,3,3,2,1,5,3,5,5,2,3,1,2,7,1,2,7,7,4,4,4,6,5,3,2,2,3,2,5,3,2,5,5,5,2,3,2,3,1,4,4,6,5,1,5,4,6,1,2,5,3,2,5,4,4,3,4,9,4,3,1,1,0,6,5,3,5,3,6,1,5,3,6,5,4,5,2,3,3,6,5,1,1,1,4,4,4,1,4,5,3,5,5,1,4,4,8,4,5,5,3,3,6,4,3,5,2,1,4,3,3,4,5,4,6,3,5,3,3,0,5,4,12,4,3,0,3,4,1,6,1,6,4,5,5,7,6,6,6,4,2,8,6,0,5,5,5,5,4,1,4,4,5,5,6,5,3,1,6,3,3,3,2,8,1,3,5,6,7,1,2,5,1,3,2,1,2,5,1,0,2,3,1,2,1,5,9,1,2,3,1,2,7,3,5,4,3,6,3,4,4,3,3,6,1,5,1,4,6,3,2,7,5,2,2,2,2,6,4,3,2,4,1,3,0,4,3,9,6,3,3,4,5,2,1,3,6,2,7,3,1,5,4,3,5,2,2,5,5,3,1,5,1,3,5,3,5,3,6,8,4,4,8,1,6,4,5,3,4,5,1,3,3,6,6,3,8,3,4,2,3,1,2,2,4,6,7,2,3,3,4,0,5,1,7,7,2,5,4,5,3,5,2,5,1,3,6,2,4,7,3,4,1,4,1,1,2,4,1,3,4,0,3,2,2,3,5,3,2,2,2,3,4,2,3,5,5,7,3,8,10,2,1,4,4,2,2,5,4,6,1,7,6,4,1,4,4,0,4,5,6,6,1,1,1,4,3,2,1,6,6,3,0,4,2,5,4,5,1,3.682,7.49300650907502,0
1,6,2,1,1,6,7,3,4,6,1,1,2,1,3,8,3,2,4,2,3,7,3,0,3,5,3,1,3,3,8,1,3,3,4,0,2,3,2,5,0,3,7,4,3,4,3,5,3,1,4,5,7,3,2,8,2,5,3,2,6,3,4,1,1,1,7,1,6,0,5,3,1,2,4,3,2,5,4,6,4,2,3,4,4,3,2,4,4,7,7,4,2,3,1,4,5,4,3,6,1,2,0,2,1,5,5,2,3,4,4,3,1,4,5,2,4,3,4,5,0,5,4,4,2,3,3,8,6,2,2,1,4,1,7,4,2,6,3,3,7,4,3,6,2,5,5,1,5,2,4,2,3,5,2,4,1,5,3,3,5,2,1,2,4,1,4,0,6,3,6,5,4,2,1,0,1,5,3,5,3,3,4,5,3,1,3,2,3,4,3,3,5,5,2,3,0,3,5,4,3,3,2,3,2,5,4,2,1,3,5,2,3,6,6,6,8,3,1,4,5,1,6,4,6,5,3,2,7,3,1,1,4,3,5,3,5,3,3,5,7,3,4,7,5,4,3,5,5,5,3,3,5,3,5,1,4,3,4,1,6,5,3,5,6,2,3,4,4,5,6,3,3,3,4,6,2,6,3,2,2,3,4,2,4,4,3,5,5,3,3,2,1,2,2,4,2,1,4,2,4,6,1,5,8,3,3,2,2,3,2,4,3,2,2,4,5,3,1,3,5,4,1,2,4,6,3,2,6,3,1,7,3,2,8,6,0,3,3,2,3,5,6,3,7,9,2,0,2,8,5,8,4,2,1,10,3,7,6,1,3,6,2,5,5,4,5,5,6,7,2,2,4,3,8,4,2,3,4,2,2,2,4,5,5,6,7,1,5,1,4,3,4,2,4,6,4,2,4,7,6,2,3,7,5,4,3,3,3,5,3,3,3,5,4,1,0,2,2,6,2,3,6,2,3,2,1,5,6,9,2,1,6,4,1,2,1,6,6,4,5,3,7,7,3,1,2,6,2,5,4,2,3,3,5,3,4,2,1,1,3,5,3,5,2,2,5,3,4,0,4,2,2,3,6,7,3,4,7,2,3,5,2,3,3,6,5,4,7,3,4,2,5,8,3,0,3,6,3,1,4,5,5,2,3,3,1,5,5,6,5,2,5,5,3,5,2,3,2,3,2,6,2,2,3,2,6,2,7,2,2,2,3,3,7,3,1,2,1,4,1,2,2,5,3,5,1,1,1,3,3,3,2,3,4,3,2,5,6,3,2,1,2,5,4,6,3,6,4,5,3,1,1,4,5,4,3,3,1,8,4,3,4,3,3,4,3,6,1,2,5,2,2,2,2,0,4,3,2,5,7,3,5,3,3,4,3,4,5,2,3,4,2,5,2,5,3,3,5,5,2,2,2,7,1,1,3,7,1,2,8,3,1,5,6,1,1,4,9,3,6,5,4,3,5,9,2,7,1,3,2,5,4,7,7,3,4,4,3,3,3,8,2,4,2,6,2,4,4,3,6,3,5,2,4,2,2,1,10,3,3,5,2,5,3,1,3,1,4,5,5,4,2,6,2,5,5,1,4,7,2,5,6,4,1,3,4,6,2,3,1,1,5,4,3,2,2,2,5,3,2,1,2,2,2,6,2,7,4,4,2,0,1,2,4,2,6,1,4,0,3,4,3,2,4,1,5,5,6,3,3,3,6,5,8,3,4,2,4,4,4,6,4,4,2,4,2,4,6,3,4,1,1,2,3,6,6,1,3,3,3,4,6,5,5,7,2,2,4,2,6,8,4,3,0,4,5,6,3,4,2,7,4,8,4,3,0,4,4,4,4,4,7,3,2,4,6,0,4,8,1,3,5,5,6,1,1,2,1,3,3,1,3,4,4,4,2,2,2,3,5,3,3,3,5,5,4,1,5,1,4,4,3,2,7,3,3,2,0,6,9,3,5,3,4,10,7,7,5,2,7,1,3,1,2,5,1,5,2,4,9,5,3,6,3,5,4,2,4,1,7,5,4,1,4,7,3,5,8,3,6,5,3,3,2,3,4,5,6,3,3,4,2,4,4,5,2,4,3,4,3,1,3,4,4,5,5,2,1,2,4,5,5,4,4,4,3,7,2,4,4,2,8,3,1,3,5,7,5,5,4,3,7,3,8,5,4,1,2,3,1,7,5,2,7,3,1,3,3,3,3,1,3,6,4,7,8,4,2,2,4,5,6,6,6,2,3,1,1,4,2,5,3,5,8,1,6,5,0,5,3.6,7.3279270164315,0
3,3,0,7,6,2,7,6,4,3,4,2,5,6,6,3,5,4,5,5,2,2,3,5,2,3,6,7,2,4,4,3,3,3,1,0,3,4,6,5,3,2,2,2,5,6,7,3,3,4,3,5,3,3,4,2,4,4,8,3,0,4,2,3,4,4,3,1,3,6,5,2,3,5,0,4,5,3,4,4,4,3,3,2,5,3,3,4,1,1,1,3,5,3,3,3,4,2,3,5,3,3,3,6,2,4,7,3,4,5,3,0,6,4,5,1,1,7,3,2,4,2,6,4,6,3,5,6,3,5,3,2,1,2,4,3,4,3,3,2,5,6,4,5,3,4,5,4,1,2,0,4,6,3,7,6,1,6,3,4,1,3,3,5,5,4,4,1,4,4,4,3,2,4,3,3,1,3,4,1,2,5,7,4,5,7,3,5,4,1,3,3,2,3,4,3,5,1,2,2,3,3,4,2,6,1,1,5,4,2,4,5,2,1,3,9,6,3,1,4,2,5,3,3,3,3,4,4,1,5,5,3,2,2,3,6,1,2,4,2,5,4,0,3,4,3,1,3,4,3,5,6,2,5,1,3,2,2,4,7,3,5,3,2,3,2,5,4,4,4,5,7,5,3,0,3,2,3,7,1,3,4,2,5,4,3,3,5,3,8,5,4,2,7,2,9,2,5,3,7,2,2,5,1,5,1,3,1,5,3,2,5,5,5,2,1,4,5,3,4,5,2,3,4,4,3,1,5,1,1,5,4,3,1,5,5,6,4,3,2,4,3,3,2,2,2,3,3,1,6,6,4,4,4,5,7,3,3,2,5,5,2,2,5,8,3,5,2,3,2,3,1,4,3,2,3,2,6,7,4,4,2,3,8,3,3,3,2,3,0,4,8,5,1,2,6,4,2,7,4,7,5,0,1,7,5,1,3,6,5,4,4,2,5,2,7,5,1,6,6,0,3,8,1,3,1,3,4,3,3,7,1,6,8,3,1,3,6,3,7,2,3,2,5,7,2,2,3,7,5,5,6,6,8,5,5,7,3,5,5,2,4,4,4,6,3,3,3,3,5,4,3,4,2,3,2,1,6,5,1,4,3,5,3,3,3,1,3,1,4,2,1,4,7,1,3,4,2,5,8,2,6,2,3,2,2,4,3,2,2,2,4,4,5,4,3,1,4,3,0,6,7,3,5,0,6,4,2,2,2,1,2,4,4,3,2,3,4,3,4,2,3,3,1,5,1,2,6,3,7,5,6,4,5,1,5,6,0,4,6,3,1,3,2,5,9,0,6,4,1,4,4,2,0,4,3,5,3,4,4,2,2,6,3,3,1,2,4,3,1,1,4,4,6,3,2,3,5,7,3,3,3,5,4,4,4,3,6,3,6,0,5,4,2,6,4,1,4,8,2,2,2,4,5,2,1,0,1,7,2,2,3,0,6,9,1,2,5,2,5,4,2,2,4,6,6,2,4,4,2,4,2,1,1,3,4,5,3,6,1,2,4,3,1,2,2,3,3,7,1,2,2,1,1,4,3,8,5,3,11,4,6,5,3,3,8,5,4,7,4,3,2,4,3,5,7,2,6,2,4,5,2,3,3,2,3,8,5,1,1,4,5,4,3,4,5,3,3,3,3,2,1,2,4,3,3,5,2,7,4,2,2,2,7,9,3,3,3,3,4,3,3,1,5,4,4,3,5,2,0,2,5,4,9,1,4,5,3,3,4,3,5,0,5,1,9,2,1,4,3,5,0,7,3,4,4,7,3,2,3,3,3,3,5,1,6,6,2,4,2,4,3,3,5,6,1,8,2,3,3,5,3,0,2,5,8,2,3,6,6,1,4,3,4,4,6,6,1,4,4,3,2,3,6,4,4,2,3,2,3,1,7,4,4,3,3,5,4,8,2,1,2,5,2,4,3,6,2,2,1,6,5,2,5,2,3,5,1,1,1,6,3,1,3,4,3,3,3,2,4,0,3,2,6,3,8,5,1,3,4,3,3,3,4,4,5,2,6,6,7,3,5,1,2,2,4,4,2,2,2,1,6,9,5,3,3,6,3,5,5,5,2,4,3,3,10,3,5,6,5,8,2,4,4,3,3,7,2,1,2,4,5,4,3,1,4,3,5,2,2,4,7,2,3,2,2,5,1,4,3,3,5,4,4,0,1,2,7,2,2,7,5,2,7,2,5,2,5,6,1,5,2,3,5,3,2,5,5,5,4,3,2,5,4,7,3,1,3,3,3,4,6,1,4,3,4,5,1,7,3,3.569,7.20990229365084,0
0,4,0,1,1,5,3,2,5,4,4,5,0,3,5,3,4,1,1,8,2,2,3,3,4,1,3,3,6,2,7,4,4,2,3,1,1,4,4,6,0,3,4,3,2,5,3,1,4,2,4,4,7,3,5,4,5,8,3,6,2,3,4,4,3,1,7,1,5,3,9,4,3,4,3,3,5,3,6,3,2,4,4,2,6,2,3,6,3,2,5,7,3,5,6,3,3,3,1,4,7,1,5,2,7,3,1,1,2,5,2,1,3,6,1,3,1,4,4,4,8,3,8,3,4,3,3,4,3,4,3,3,4,1,2,4,5,3,3,3,4,2,5,4,2,1,4,1,4,5,6,2,1,1,3,3,3,1,4,1,1,6,2,2,6,6,1,4,5,3,2,4,3,3,1,1,4,3,6,7,5,1,4,6,6,4,6,4,3,1,2,1,1,3,6,0,3,4,0,2,5,3,3,4,0,2,2,4,1,2,7,7,3,2,1,4,2,2,5,5,3,4,1,4,3,4,5,2,4,1,2,1,3,2,3,5,2,5,4,4,1,2,6,4,2,1,2,4,5,5,7,2,2,4,3,3,0,4,3,1,2,6,4,6,4,2,2,3,5,3,3,4,3,3,3,2,3,7,3,4,4,3,6,9,3,1,6,2,4,4,2,4,7,5,4,3,5,6,5,5,5,2,3,2,5,3,3,2,7,3,4,3,5,4,1,2,4,6,5,2,3,3,4,5,6,4,2,3,2,1,1,3,2,4,3,8,1,1,4,4,2,5,3,2,4,3,5,1,0,4,4,5,4,5,5,2,8,2,5,3,7,4,2,6,4,2,4,3,3,5,2,4,2,4,2,7,5,5,3,3,4,2,1,5,3,5,4,1,4,5,6,7,3,1,5,5,1,7,6,3,5,3,1,3,3,4,2,3,6,4,2,5,4,6,5,5,5,3,4,3,8,6,7,1,5,4,3,3,3,4,7,4,4,3,3,5,2,7,5,4,3,3,3,5,3,3,3,6,3,2,2,3,3,4,0,3,4,5,2,4,6,3,2,3,7,5,4,1,3,4,2,2,6,8,2,7,7,3,5,3,5,4,2,4,4,2,4,5,6,3,2,6,2,3,3,5,3,6,5,3,4,3,3,5,4,3,4,2,2,4,7,4,3,1,2,1,3,2,4,3,4,6,3,5,3,2,4,2,3,3,5,5,3,1,6,5,4,9,6,5,1,1,5,3,1,5,4,4,2,9,3,2,5,2,3,12,2,3,2,8,0,5,2,1,3,1,2,5,4,5,7,1,3,3,3,1,5,3,2,6,3,1,3,3,1,1,9,3,2,4,1,2,0,1,6,4,3,3,2,2,5,5,2,2,11,5,2,2,4,3,1,1,2,1,6,2,1,6,5,3,4,4,3,3,9,9,5,3,4,3,5,5,3,4,3,8,3,5,3,6,3,2,2,2,3,4,4,5,2,2,3,5,3,5,4,4,1,2,7,2,2,1,1,4,2,4,4,8,1,6,4,3,5,13,6,3,7,2,9,4,4,2,5,6,4,2,1,2,5,6,5,1,6,5,4,4,3,3,6,4,5,7,5,3,3,1,1,2,2,2,5,1,2,4,1,2,3,4,5,5,5,0,4,2,11,3,3,3,8,3,1,7,5,2,2,1,5,5,1,1,5,3,4,4,1,2,1,1,2,2,5,1,7,5,0,3,5,5,6,4,2,3,4,1,1,3,6,2,4,6,3,5,6,1,4,3,3,2,4,0,2,2,6,1,6,3,3,2,7,3,7,4,8,4,1,7,2,5,4,2,2,4,6,2,3,3,5,6,9,2,3,1,2,6,6,1,9,3,8,5,3,2,6,4,5,5,0,3,3,5,3,3,4,2,4,1,5,4,2,2,5,9,2,4,7,3,5,7,2,4,3,1,4,3,3,7,1,2,3,4,6,3,2,3,4,3,2,5,3,3,5,6,3,2,3,6,2,6,2,5,6,1,6,4,6,5,5,4,3,4,5,5,3,2,5,2,5,8,2,6,5,4,6,3,2,4,2,2,4,5,4,3,6,5,1,8,3,1,1,3,6,8,1,5,7,2,5,7,5,1,2,5,3,4,4,5,5,1,3,6,4,5,2,1,7,4,5,7,6,3,6,5,3,4,3,3,2,6,1,4,3,6,6,9,5,3,3,2,3,9,2,6,5,4,2,6,3,2,4,2,4,2,5,6,8,3,5,7,6,4,4,4,4,5,3,2,4,4,2,5,3.652,7.4336414009376,0
2,1,1,3,3,3,0,4,2,1,1,5,2,2,4,1,1,1,6,3,5,1,5,2,7,4,3,4,2,6,9,3,6,4,1,1,4,9,4,2,0,4,4,3,1,7,4,6,2,4,3,6,3,6,8,6,3,4,2,3,6,4,4,5,1,3,2,1,5,3,2,4,3,6,1,0,0,2,3,4,1,1,0,3,4,4,4,2,2,4,7,4,6,6,3,1,5,2,3,0,3,4,8,2,3,4,3,6,2,4,4,5,0,4,2,3,2,3,2,1,3,6,1,2,3,3,4,6,7,4,6,3,4,2,3,1,1,5,3,0,1,7,8,2,5,3,1,1,6,2,4,1,3,3,3,2,7,2,6,4,1,1,1,5,8,1,4,2,1,7,6,2,4,0,2,3,3,2,6,3,4,1,1,2,4,6,1,3,5,3,2,4,1,3,5,3,2,4,9,4,1,1,4,3,3,2,3,3,3,4,2,4,2,1,1,7,3,8,4,5,2,2,5,3,4,1,7,4,1,5,4,2,3,3,3,0,0,4,5,2,1,1,4,8,3,2,2,4,4,1,2,3,8,4,4,0,2,1,3,2,5,3,6,1,5,2,3,5,1,4,2,3,5,4,6,2,2,4,8,4,8,2,5,4,1,3,1,4,2,1,8,5,1,4,5,5,4,3,5,3,3,4,2,3,5,2,1,2,2,4,4,5,1,2,1,8,7,3,8,3,2,4,3,4,9,10,4,3,4,2,1,5,4,5,7,4,3,3,3,5,4,4,1,4,4,1,3,1,1,1,4,1,5,6,2,3,4,4,5,3,2,4,3,1,3,3,4,5,5,5,2,4,5,3,5,6,3,5,2,2,1,1,3,5,7,1,5,1,4,3,0,1,4,2,2,2,3,2,5,6,6,7,5,4,7,5,4,3,4,5,2,5,1,4,8,3,5,0,2,3,4,4,3,4,4,1,7,6,3,6,4,8,5,5,3,3,1,6,6,3,3,3,5,1,8,5,9,3,0,1,2,5,9,4,6,4,1,2,1,2,4,5,2,3,5,3,1,2,6,5,7,4,3,2,2,5,1,6,5,4,5,3,3,3,3,3,3,1,5,4,6,1,2,5,3,6,3,3,6,0,6,3,4,4,8,3,4,1,3,3,0,3,2,5,4,5,6,6,2,3,5,2,2,1,4,3,2,2,1,0,3,2,1,4,2,4,3,3,3,6,2,4,3,9,6,3,2,0,3,4,2,7,0,3,1,1,4,4,6,3,4,4,5,4,3,0,1,3,2,3,4,1,6,3,3,4,7,5,2,2,4,5,6,1,5,2,6,2,6,6,6,2,3,3,2,1,5,4,1,5,1,1,1,3,2,2,5,6,5,4,4,0,6,1,4,2,1,6,4,6,5,4,3,8,4,1,2,5,1,3,7,2,1,1,4,1,3,6,7,4,1,7,3,2,2,1,4,6,3,4,4,4,6,3,2,1,3,2,4,2,9,2,5,4,2,1,7,2,3,2,3,3,3,4,3,4,5,6,5,2,4,4,5,3,2,4,2,2,7,3,3,4,3,2,4,2,3,6,2,1,3,5,5,1,3,2,2,5,1,3,4,6,7,2,3,2,5,3,5,3,3,1,5,6,4,4,0,2,5,7,2,3,3,2,0,2,3,4,1,4,6,5,2,3,5,2,3,2,2,6,7,3,4,1,2,7,1,4,3,5,8,3,4,2,4,6,7,5,5,3,4,4,5,7,5,4,4,4,4,3,5,2,3,3,1,3,2,5,4,3,3,8,5,4,4,6,6,5,4,4,4,3,3,4,4,4,8,3,9,7,3,5,4,5,3,3,1,3,5,4,5,3,6,6,4,2,6,4,3,5,2,2,7,3,4,3,4,4,8,10,4,2,4,5,2,6,3,3,3,3,5,1,1,7,1,0,2,5,1,6,2,0,5,3,4,1,3,7,5,3,2,0,3,1,4,4,4,3,4,2,3,2,1,5,3,5,6,2,5,4,3,2,6,3,3,0,3,3,9,3,5,1,6,3,3,2,3,4,9,2,0,4,1,3,0,2,4,4,2,1,5,5,6,4,2,3,6,2,4,2,11,6,4,6,5,3,3,3,5,5,3,5,4,3,7,5,6,6,2,5,3,2,5,5,0,4,2,0,8,5,5,1,3,1,2,1,3,5,3,6,4,3,3,2,7,3,3,1,2,4,1,2,1,3,5,3,8,1,6,2,3,6,5,1,5,2,2,2,7,3,3.506,7.34269476621861,0
3,2,1,6,4,4,4,3,3,3,4,5,5,1,2,2,1,3,3,3,7,4,2,3,2,2,4,3,5,3,4,1,1,3,3,1,2,2,5,4,3,3,1,2,4,3,3,4,1,4,3,1,5,6,5,3,4,3,2,5,3,3,5,1,4,1,3,3,4,4,5,5,3,6,2,8,4,3,5,4,2,2,4,2,4,7,4,3,4,5,5,3,2,0,2,2,3,2,1,7,4,4,4,1,1,4,6,4,7,3,0,1,2,1,1,2,3,0,4,1,6,1,3,2,3,2,2,4,2,3,3,1,2,6,3,5,3,2,6,2,4,3,2,4,3,5,2,4,1,1,2,2,6,1,2,2,5,6,4,3,1,3,4,7,2,2,2,5,5,9,2,5,3,6,5,3,2,5,3,4,5,2,6,6,5,3,4,5,5,0,5,8,4,2,4,5,3,1,3,1,4,7,7,1,3,9,6,3,4,6,4,6,3,2,1,6,2,0,3,5,3,4,5,3,4,2,1,6,0,4,1,4,6,3,1,2,4,6,6,3,4,1,4,4,4,7,4,3,4,5,6,3,5,3,3,5,3,5,4,1,7,2,1,9,2,5,5,6,4,2,2,6,6,8,4,1,4,2,4,3,4,5,2,5,2,3,4,4,2,4,3,2,7,2,2,8,2,3,4,6,4,3,4,7,4,2,1,2,3,6,4,7,0,3,4,6,5,1,4,4,4,3,1,1,2,1,3,5,7,4,3,3,1,5,4,5,2,2,2,2,3,4,3,2,1,1,6,4,5,4,5,4,1,3,2,2,4,1,4,3,6,4,2,2,6,3,5,2,1,8,8,3,1,4,5,3,3,3,2,1,4,6,4,3,5,4,4,5,3,5,3,2,4,3,3,3,3,1,4,2,4,2,4,3,1,6,3,5,8,0,5,4,1,1,6,4,1,4,3,4,3,4,2,1,2,5,1,4,6,3,2,5,4,0,4,4,3,1,3,3,3,2,3,2,2,2,5,4,2,7,4,6,5,2,1,0,1,4,2,1,2,5,3,3,2,6,2,3,4,9,4,3,3,2,2,5,4,4,5,3,1,5,5,3,3,3,5,6,5,2,7,3,2,1,6,7,3,4,4,4,6,1,7,3,3,0,5,6,2,2,5,3,7,3,1,0,3,4,3,6,1,5,2,4,5,3,5,2,1,3,1,2,3,2,4,2,4,4,1,2,0,4,3,4,4,3,1,4,1,7,3,2,2,3,1,3,3,1,7,3,4,5,1,5,3,1,4,4,4,1,1,3,3,2,3,5,3,1,4,6,4,4,4,5,5,2,3,5,3,6,1,3,3,1,3,3,4,4,2,2,4,1,8,5,5,2,3,5,2,2,6,4,4,4,0,2,2,2,5,5,2,2,3,5,3,3,2,7,4,3,0,9,2,5,4,6,10,3,2,3,9,1,4,1,6,5,3,5,1,7,1,3,4,5,3,1,1,2,3,5,6,1,5,0,3,0,6,3,2,1,0,3,2,6,2,1,3,1,1,2,3,3,3,3,5,7,4,3,3,3,4,2,2,0,6,3,2,5,5,5,4,7,5,2,5,5,2,5,2,3,3,3,3,5,0,6,2,6,4,2,2,1,1,4,6,3,5,4,1,3,0,3,3,4,6,6,3,7,1,2,2,4,5,4,5,2,2,4,3,7,2,5,3,2,5,2,4,0,3,5,3,4,5,2,5,1,5,2,5,2,3,3,1,3,3,5,3,3,1,7,4,7,3,1,6,5,5,5,3,2,2,1,5,5,5,3,6,7,4,2,3,2,7,2,2,4,2,2,1,6,4,4,7,4,3,5,7,1,1,3,3,3,1,5,6,3,3,1,3,4,3,8,3,3,8,5,2,4,2,3,5,4,3,5,1,2,5,6,5,3,2,4,4,1,1,7,3,8,1,2,3,0,3,2,4,4,2,2,6,4,2,3,2,4,7,3,4,4,2,0,5,4,4,3,7,2,5,5,7,6,4,4,3,4,2,8,4,6,2,4,4,1,3,3,1,2,3,5,5,8,6,9,3,8,4,7,5,1,2,3,3,0,3,5,2,6,4,4,3,4,4,2,3,1,5,6,2,6,1,3,4,3,4,3,3,3,3,4,5,5,8,4,4,8,1,2,1,7,1,2,2,3,4,3,5,6,1,4,2,1,2,3,2,1,4,0,8,2,5,3,3,2,2,2,3,4,4,3,6,1,2,3,3,0,3,4,2,5,1,3,3.438,7.04010116771065,0
3,1,4,6,1,5,2,1,6,1,4,9,2,0,1,8,1,3,4,1,5,5,0,3,3,6,4,5,1,1,3,2,0,3,1,3,1,4,5,3,4,4,2,2,5,4,4,8,5,6,1,5,6,5,2,5,4,5,2,6,3,6,5,1,0,2,2,2,4,3,5,4,4,3,0,4,0,5,3,2,2,2,2,2,2,4,2,2,5,2,2,3,1,4,2,5,2,5,1,1,1,5,2,2,5,1,7,1,1,5,4,1,4,4,7,2,3,2,5,1,2,2,4,4,1,5,3,1,4,1,5,5,2,2,3,8,2,4,0,7,1,1,1,5,1,2,2,2,2,3,1,5,3,3,4,4,1,4,1,5,4,5,3,3,5,5,4,2,1,1,5,4,4,1,5,2,5,4,3,3,4,7,2,3,3,4,3,5,2,4,8,2,2,0,2,2,4,0,2,2,2,2,5,3,2,4,2,3,6,7,8,3,2,2,5,6,1,6,2,0,2,2,5,3,1,2,5,4,5,2,3,1,3,2,1,3,2,1,6,2,4,5,1,1,1,5,6,7,4,7,2,2,7,1,2,4,5,3,6,4,2,3,4,2,6,6,0,3,3,6,2,4,2,4,4,2,4,3,4,3,3,4,1,6,3,2,6,3,5,4,4,9,3,1,2,5,5,4,7,2,3,4,3,4,2,4,2,3,7,5,3,2,3,2,3,0,2,2,3,1,1,1,5,5,8,8,3,2,4,2,2,5,5,2,3,4,5,2,7,1,4,1,5,3,2,3,7,5,6,2,3,6,2,9,1,3,0,2,7,1,4,1,3,0,3,2,4,3,5,3,2,1,1,0,2,3,2,5,0,6,4,2,3,6,6,6,7,2,4,5,2,1,2,5,1,1,3,4,4,2,6,2,2,4,4,7,2,5,3,3,9,5,4,3,5,3,0,3,3,9,5,3,4,1,5,5,6,4,0,6,2,2,3,6,4,3,6,3,8,4,1,1,1,9,1,4,5,8,1,6,6,2,8,9,5,5,5,0,3,6,2,2,4,7,3,5,2,5,3,3,1,3,3,3,4,2,2,2,5,3,5,4,3,2,4,2,3,8,4,3,0,3,3,4,3,1,6,9,2,2,4,1,4,5,1,1,2,6,1,5,1,3,4,1,4,3,1,2,4,1,0,1,3,3,3,4,4,1,5,3,3,3,4,2,3,4,0,6,3,5,3,3,2,5,4,5,4,4,4,5,6,2,4,5,1,3,3,5,3,0,4,1,4,4,1,3,3,3,2,1,2,7,3,2,3,5,6,2,7,1,9,1,3,6,5,5,2,5,2,3,1,3,3,2,6,2,5,1,5,4,2,2,3,2,3,3,2,2,3,1,2,7,4,4,0,3,2,2,6,3,6,4,10,3,2,2,2,2,5,3,5,2,1,4,2,3,2,3,4,1,5,4,3,5,3,6,1,6,4,6,5,3,2,5,6,4,2,2,5,4,4,5,4,5,2,3,2,4,4,4,5,10,1,5,2,2,10,3,4,6,6,2,5,4,5,3,1,5,6,1,2,1,1,3,4,4,3,4,2,6,5,3,4,3,1,3,1,4,2,0,3,2,1,4,4,4,4,2,1,2,5,3,3,2,1,2,5,2,6,4,3,3,2,2,5,1,2,2,2,5,3,4,3,4,3,4,6,6,2,0,3,6,0,4,5,5,4,5,2,3,4,5,6,2,3,2,2,6,3,2,2,3,3,3,4,3,6,3,2,5,2,2,3,3,5,2,3,5,2,4,2,2,5,3,4,6,3,6,4,4,4,5,1,2,4,0,0,3,3,4,7,2,2,4,5,1,0,5,2,6,4,1,1,6,4,1,1,3,5,6,4,1,4,3,4,2,5,2,2,6,7,3,2,7,4,1,3,1,3,6,3,1,1,1,7,2,2,6,2,4,2,3,2,1,4,7,0,2,5,6,3,3,2,4,3,7,2,1,1,2,2,2,2,4,5,6,4,3,1,6,4,2,1,4,1,4,1,2,8,5,3,6,4,5,3,1,4,3,5,2,6,5,1,2,1,8,3,6,7,5,6,1,1,6,4,2,3,2,5,3,4,2,1,1,0,2,3,6,5,1,2,1,4,1,3,3,1,2,1,2,2,5,4,3,3,4,2,7,7,5,7,6,3,0,3,6,4,6,4,3,3,4,6,1,3,2,4,9,2,4,4,2,3,2,5,2,4,4,6,3,3,5,2,4,4,3,3,3,3,5,3.351,7.07572740380188,0
0,2,5,5,4,4,3,3,1,2,2,3,1,4,2,6,2,3,5,5,1,2,3,1,2,3,0,2,2,3,7,1,1,4,2,3,3,3,2,2,3,0,1,3,4,2,3,5,2,4,5,6,1,3,7,5,2,4,3,3,5,7,6,3,7,2,1,1,3,8,3,3,4,3,1,6,3,5,3,4,1,2,2,1,5,6,8,6,8,3,9,3,5,3,7,5,2,0,5,3,2,6,3,5,4,2,4,7,6,8,2,1,0,4,2,3,2,3,1,2,3,7,2,5,0,3,3,2,3,3,0,3,5,6,5,7,5,4,2,1,2,2,2,7,6,3,3,4,5,1,5,4,3,5,6,5,4,4,2,7,6,3,4,0,3,4,3,2,2,5,6,3,2,4,6,0,2,5,2,3,1,3,4,0,5,3,2,6,6,0,7,5,5,3,1,3,4,7,2,3,2,6,3,5,2,5,3,1,0,5,7,3,2,2,0,4,3,1,4,1,0,3,3,5,2,7,7,3,1,3,3,6,5,4,2,4,3,4,5,3,2,3,2,3,3,4,1,4,1,4,2,2,1,4,1,3,2,2,2,5,2,6,2,4,2,5,4,4,3,8,3,6,2,3,5,4,3,4,4,3,3,3,3,6,4,1,4,4,4,5,8,4,3,4,1,3,6,7,3,4,4,2,7,2,4,4,6,1,4,3,2,7,2,2,8,7,4,3,5,2,2,3,6,5,0,4,2,3,3,1,0,2,2,1,8,6,2,8,5,6,5,7,3,3,4,1,6,1,2,3,2,3,4,5,1,3,4,1,5,0,7,4,0,4,5,5,3,1,2,5,2,3,3,1,6,1,4,2,3,4,4,1,6,2,6,3,5,1,4,3,7,2,4,2,2,7,2,3,4,2,10,2,2,2,3,2,5,6,4,6,1,1,4,1,7,2,6,4,2,2,0,2,7,2,2,2,4,3,4,2,5,2,4,3,4,1,3,4,1,5,6,4,6,3,6,1,2,2,1,2,3,3,4,3,2,3,1,3,5,4,3,5,7,4,3,3,6,3,4,2,3,3,5,2,2,3,2,8,3,3,1,2,10,2,0,7,3,3,2,3,7,6,4,2,2,0,1,3,6,1,3,3,1,2,4,4,1,4,1,3,0,0,7,4,6,2,4,1,4,5,4,6,0,4,2,6,5,2,3,5,6,1,6,3,2,5,2,3,3,3,5,2,5,3,4,1,2,3,1,3,3,5,1,1,1,3,4,3,2,1,3,6,0,2,4,3,5,3,3,4,0,2,3,3,5,1,2,3,5,4,6,4,4,4,1,4,3,2,5,3,4,0,2,4,3,1,2,1,2,3,1,2,1,3,2,2,8,3,1,2,1,3,2,3,3,5,2,4,7,3,0,3,2,5,4,5,5,5,3,1,5,2,0,9,8,2,6,4,5,1,1,2,2,4,2,3,3,3,3,2,2,2,1,6,1,4,3,4,3,3,4,2,1,3,2,5,0,9,2,2,1,2,6,4,5,2,8,3,5,3,2,1,3,3,8,5,1,6,4,5,4,1,3,6,3,4,2,1,9,3,4,5,1,3,3,2,5,6,2,2,2,2,2,3,3,1,5,8,4,5,2,2,2,4,4,3,2,2,3,5,5,5,6,3,2,6,5,4,4,1,6,3,2,1,3,1,9,1,2,3,2,6,4,6,7,0,3,4,1,5,2,8,2,6,3,5,1,5,2,2,4,8,1,2,3,2,9,4,1,0,3,2,3,4,7,5,2,3,6,1,2,1,5,1,4,2,7,1,5,2,6,3,5,5,1,4,1,0,1,2,1,3,4,2,4,3,4,2,2,1,2,1,5,4,3,2,3,2,2,3,2,3,3,5,3,3,6,7,3,9,1,4,1,2,2,1,2,1,5,3,4,4,4,2,3,6,3,7,2,1,2,4,1,4,4,2,1,3,3,2,4,2,5,3,5,5,2,5,0,5,2,1,5,10,2,0,2,3,4,3,6,6,3,1,7,1,0,6,3,3,3,2,2,3,2,4,1,2,5,7,3,4,3,2,2,2,3,4,4,6,3,2,6,2,5,4,3,3,5,3,5,2,5,6,2,6,5,3,1,4,4,4,5,0,5,2,4,3,7,2,6,5,5,4,2,5,6,3,6,4,6,1,4,3,2,5,5,2,2,8,2,1,2,1,2,3,6,3,3,5,3,4,3,4,6,7,3,4,5,8,4,2,2,6,4,4,4,3,7,2,3.369,7.1363492036739,0
0,3,7,6,4,1,4,2,2,2,0,3,1,3,9,6,5,5,4,3,6,3,2,4,1,2,2,4,3,1,4,2,3,4,1,4,4,3,1,3,3,7,4,2,5,2,2,7,2,1,9,2,4,2,7,2,2,3,1,2,5,3,5,2,5,1,2,0,4,3,5,5,6,7,3,3,5,3,1,3,4,3,4,3,1,3,2,1,2,4,2,7,4,5,1,2,4,4,5,2,4,2,2,5,5,2,2,3,4,5,7,3,2,3,5,7,3,6,1,4,4,4,2,4,5,3,6,2,2,4,2,1,1,4,5,4,4,3,6,1,7,3,2,1,4,6,4,2,2,3,4,4,3,3,2,2,2,0,5,6,1,1,2,6,4,3,2,1,5,2,3,2,4,1,2,5,4,5,2,2,4,1,4,0,1,3,1,3,3,6,3,3,3,2,3,3,2,1,5,0,4,1,5,3,2,4,1,4,4,3,3,2,6,2,3,4,4,3,6,4,4,2,4,7,7,2,3,2,6,6,1,1,2,4,2,1,3,2,5,3,3,2,3,6,4,6,0,5,2,2,4,3,6,3,1,4,3,5,3,1,5,3,2,3,6,3,5,2,3,1,5,4,5,3,8,3,4,2,2,0,5,2,8,2,2,4,3,1,3,3,4,1,4,4,3,1,6,2,5,5,6,2,2,4,3,3,5,1,4,4,3,2,0,4,1,4,3,4,4,2,4,4,3,1,3,7,6,5,3,5,2,1,5,4,4,5,2,3,1,3,1,3,2,1,5,1,0,5,6,5,2,2,3,1,4,3,5,4,3,1,5,4,6,4,3,4,6,3,1,5,5,2,2,3,4,2,4,5,3,5,4,3,1,3,2,4,0,5,1,2,4,3,3,2,3,1,2,1,2,3,4,2,4,7,4,3,1,4,3,0,4,2,1,3,2,1,4,2,4,2,1,4,5,6,2,3,3,1,5,5,2,5,0,2,1,3,1,2,2,0,3,3,2,2,3,4,1,4,2,2,3,6,3,3,1,4,4,1,5,4,3,3,3,4,5,2,3,2,2,3,4,3,7,4,6,1,1,6,4,1,8,3,4,0,2,3,4,6,2,4,3,4,4,4,3,3,4,5,7,3,4,3,2,2,2,4,8,4,6,3,7,2,7,4,5,3,1,5,3,1,3,5,2,4,3,2,1,4,4,3,2,4,3,4,4,1,5,5,4,3,2,6,2,4,2,0,7,3,1,2,4,2,3,6,2,3,1,3,7,2,6,2,5,3,3,3,2,3,2,5,4,4,2,6,6,1,5,2,6,4,1,3,4,1,5,3,5,3,1,4,3,1,2,5,7,3,2,3,6,3,4,4,3,6,4,4,1,6,6,4,3,3,3,1,3,3,2,4,6,1,4,0,7,4,2,1,3,4,0,2,4,3,3,4,6,4,1,2,6,3,3,5,5,6,6,1,2,5,3,2,1,9,4,2,5,5,2,1,5,7,1,2,5,2,4,1,1,5,2,5,5,3,2,0,3,4,4,3,5,3,3,4,3,13,4,4,4,2,3,5,1,4,2,4,3,7,4,5,4,1,1,4,2,0,0,2,4,5,1,6,2,3,4,2,4,5,3,2,1,3,1,4,1,4,4,3,6,6,3,3,5,5,5,4,6,2,1,3,4,7,2,4,2,2,4,2,5,2,2,6,2,2,3,1,4,1,5,1,1,2,4,3,0,1,5,2,2,3,4,6,2,5,1,5,3,2,2,2,5,3,4,6,2,5,6,6,6,4,1,3,7,1,8,7,4,6,6,5,3,1,2,2,1,2,6,2,2,2,6,6,4,4,6,2,5,3,4,2,4,7,3,5,4,5,3,2,3,0,2,2,4,1,9,3,2,5,4,7,4,3,4,1,4,3,3,8,4,3,3,4,6,4,4,1,3,0,1,3,2,1,4,0,3,5,3,3,3,6,4,4,5,2,1,4,4,5,4,3,2,1,2,5,2,3,4,2,6,1,4,4,3,3,4,6,5,4,1,4,2,0,4,6,3,3,3,2,3,3,6,6,5,2,4,10,7,1,4,3,4,1,2,5,0,3,5,5,3,5,3,5,5,1,3,4,4,4,7,5,2,4,7,2,1,3,1,1,5,6,1,2,4,3,4,3,3,5,2,0,3,0,4,1,5,5,2,9,2,1,7,3,3,0,4,4,4,4,4,3,4,3,4,3,6,1,4,4,7,8,1,1,3,4,3,1,2,2,4,2,4,2,3.326,6.83156447675701,0
4,2,4,2,4,6,3,2,2,4,2,4,4,2,1,3,7,6,3,5,4,3,4,6,7,2,0,5,6,2,3,3,3,3,7,2,4,2,3,3,2,1,5,6,2,3,2,5,3,3,2,6,2,7,6,3,1,0,3,1,6,1,2,2,5,2,4,4,6,3,6,2,1,4,3,0,2,0,4,3,3,7,2,3,6,6,2,4,4,3,3,3,1,5,9,3,1,1,10,4,4,2,5,1,5,7,3,0,5,4,5,2,2,6,3,7,3,6,3,8,2,2,1,3,4,0,2,2,3,4,7,2,4,3,3,5,2,3,5,3,4,4,3,2,3,5,1,2,4,4,4,1,3,4,2,6,2,1,4,1,2,2,1,1,1,4,5,3,4,3,4,3,5,1,5,4,5,7,2,0,6,4,4,4,3,1,3,3,1,3,3,4,2,4,4,6,3,2,5,2,1,5,4,3,5,1,3,4,3,4,4,2,7,4,2,3,3,4,6,1,1,4,3,3,6,4,4,2,2,2,4,5,2,4,2,0,1,5,0,5,9,2,2,1,4,5,2,1,4,5,2,0,4,1,5,0,0,5,4,3,1,2,6,5,4,3,2,3,0,4,3,0,4,6,5,6,3,4,1,1,4,3,3,8,2,5,2,2,0,2,3,6,3,6,0,4,2,4,2,4,2,3,3,4,0,5,3,2,3,2,1,4,0,2,2,6,0,3,3,0,6,1,6,4,3,5,6,6,3,2,2,1,3,4,3,1,3,2,6,2,0,1,5,2,4,4,7,4,4,6,5,1,4,3,2,3,4,1,6,1,4,4,3,3,4,2,6,5,6,6,2,4,6,5,3,6,9,2,1,3,3,5,3,8,1,0,5,1,5,3,1,6,2,2,2,2,2,4,4,0,8,4,3,5,3,1,5,5,3,1,3,5,3,5,3,3,1,3,4,3,6,2,2,1,3,6,1,1,4,2,6,2,2,3,3,5,3,5,2,6,5,1,4,1,9,4,5,2,2,3,6,5,3,0,5,2,5,4,2,3,2,2,7,3,5,6,1,6,3,5,3,3,4,3,4,1,3,5,8,1,3,5,3,3,3,5,3,3,4,3,4,1,6,1,5,3,3,4,6,2,2,2,3,3,3,1,1,2,2,3,3,3,3,4,6,2,3,3,4,4,7,3,0,3,2,4,5,3,3,5,5,2,3,3,3,2,1,1,6,3,2,0,4,2,4,3,2,3,1,4,2,2,5,3,4,5,2,3,1,3,2,6,1,4,3,5,3,1,1,0,2,6,1,2,3,5,3,3,4,5,2,6,3,4,6,5,0,1,3,6,5,1,2,5,4,1,1,2,2,1,4,1,3,2,2,3,3,1,5,2,4,3,4,0,3,7,5,6,3,3,5,3,3,8,3,4,0,5,3,4,4,6,2,1,3,3,2,5,1,2,2,1,2,5,5,2,2,7,6,5,1,4,1,3,1,2,4,1,3,5,1,1,7,2,3,2,3,8,4,2,1,4,3,2,3,4,7,3,2,1,2,1,1,2,4,4,4,3,2,1,4,3,4,6,2,1,3,5,4,2,4,2,1,3,3,5,1,4,1,2,5,2,4,5,1,4,4,3,3,2,6,3,0,2,6,0,3,3,7,4,4,3,1,6,5,3,4,2,2,4,4,2,0,4,3,5,9,1,2,4,2,1,3,7,5,2,3,3,8,6,2,6,3,1,4,4,5,6,1,4,3,9,2,6,2,3,3,7,2,5,2,3,2,4,4,3,4,1,4,3,3,6,3,2,4,2,3,4,0,2,5,1,0,3,6,4,3,2,1,4,5,1,5,2,3,3,3,2,4,2,5,3,6,4,4,3,3,0,6,5,4,1,4,2,6,2,1,3,8,3,3,6,1,3,6,0,4,2,3,3,5,5,3,2,4,2,5,3,7,3,1,1,5,4,7,0,7,2,1,4,5,2,5,9,5,4,7,4,2,1,4,1,6,9,6,1,10,4,1,4,12,0,3,6,3,2,5,3,2,5,4,1,2,4,0,8,1,3,3,2,7,4,6,3,2,1,1,2,4,1,2,3,3,2,1,2,1,6,3,3,4,3,2,1,5,4,2,6,3,6,3,5,7,0,2,1,2,6,2,5,3,3,4,2,1,3,5,3,2,2,4,6,2,6,1,2,2,2,2,3,2,5,4,7,2,1,2,3,5,3,4,4,1,4,1,0,5,3,5,2,3,3,5,6,3,3,3,2,2,2,3.289,6.95319049974459,0
7,1,1,1,4,2,2,3,3,3,2,4,4,5,5,3,5,1,5,4,5,4,4,3,3,3,2,4,6,2,0,4,0,3,2,2,2,3,2,0,2,6,2,3,3,2,3,3,3,3,3,5,1,1,4,2,0,2,7,4,5,3,3,3,3,2,2,3,3,1,10,2,5,3,1,4,3,4,4,3,2,3,1,3,3,4,5,6,6,4,6,4,4,1,2,3,3,1,2,8,5,2,5,1,3,1,2,5,6,1,3,4,1,1,3,3,2,2,2,7,7,2,3,2,3,6,7,3,2,5,0,4,1,2,4,3,2,1,2,4,1,4,4,5,1,3,5,6,5,4,1,2,6,5,5,4,4,6,5,6,1,1,4,6,5,2,4,2,2,7,1,4,4,1,2,3,4,5,4,2,0,5,1,3,3,6,2,5,1,1,1,3,2,4,1,5,3,3,2,5,5,2,3,4,5,2,2,2,5,8,6,3,2,0,1,5,1,6,7,2,3,4,6,7,6,3,1,3,7,1,4,7,3,4,5,1,9,4,4,3,4,4,2,4,2,1,4,7,5,7,3,3,10,2,5,3,1,6,4,2,4,2,3,0,3,2,3,2,0,6,3,6,1,3,2,2,3,5,3,4,3,1,7,4,3,2,4,4,4,5,5,4,3,3,4,1,4,2,0,3,5,3,4,3,4,2,1,1,3,2,2,5,2,8,3,3,3,2,3,3,4,6,3,3,2,2,2,6,1,1,5,6,4,2,2,8,2,2,4,6,2,1,2,4,4,1,3,4,3,5,1,6,4,4,3,6,2,4,3,4,2,5,4,1,4,6,2,2,2,2,3,2,4,2,1,3,3,5,5,7,5,1,1,1,3,3,3,2,4,4,2,2,4,8,4,3,2,4,2,7,1,3,1,2,3,3,2,2,3,4,0,2,4,2,5,3,3,0,3,2,3,3,4,6,0,2,7,2,2,1,0,3,3,3,3,4,4,2,1,6,4,3,3,3,2,3,3,4,3,5,3,2,5,2,4,3,5,0,2,8,1,3,5,4,2,4,2,6,2,4,0,4,5,3,2,4,3,3,2,2,2,1,1,1,4,1,3,5,2,3,1,3,2,4,3,3,3,3,3,2,4,2,4,4,1,1,4,5,3,3,4,2,4,6,0,3,2,5,4,2,4,4,2,3,2,5,4,2,4,4,2,7,4,3,5,3,6,2,6,5,4,6,6,1,1,1,4,2,2,3,3,5,3,2,4,1,4,2,3,4,4,3,5,3,6,6,3,3,3,4,7,3,6,5,1,1,6,2,4,4,3,4,3,4,4,0,7,4,4,2,3,3,5,3,1,3,2,5,7,2,4,2,6,2,5,2,2,3,4,0,1,3,2,4,2,5,3,4,3,3,1,1,3,3,3,4,8,4,4,6,2,4,2,2,3,3,2,3,6,2,3,7,5,3,4,4,2,5,3,3,1,2,4,2,4,4,5,4,4,6,0,4,8,3,0,3,6,1,0,4,6,1,4,3,2,3,5,1,4,4,1,3,1,2,4,1,5,3,0,2,4,1,1,4,2,1,1,9,4,6,6,5,3,2,3,2,1,3,4,2,3,5,3,2,4,9,4,6,1,0,2,1,5,4,4,4,1,2,1,5,5,5,5,4,4,7,1,2,2,4,1,2,0,2,5,1,3,1,2,4,3,4,6,0,4,3,3,2,3,4,1,1,0,4,5,2,3,4,0,4,3,7,2,1,0,1,4,5,7,7,8,3,3,3,5,4,4,2,3,3,2,1,4,2,4,6,2,3,4,2,3,7,2,2,6,6,3,3,5,2,7,2,4,6,7,3,1,5,3,2,4,4,3,2,4,4,3,2,3,3,6,1,5,1,4,5,1,3,4,4,2,6,2,3,2,4,3,2,5,5,2,3,5,0,2,5,0,2,2,3,2,2,2,2,4,1,2,3,5,7,1,5,2,2,4,1,4,2,1,5,2,1,5,1,4,5,7,4,1,2,5,5,5,1,5,6,5,2,1,6,3,3,2,5,3,3,2,2,7,3,3,4,4,3,1,3,6,3,3,5,3,1,5,4,4,3,2,3,8,4,2,4,3,6,2,6,2,3,4,4,5,5,5,8,4,6,3,1,1,7,7,3,1,5,4,4,5,4,3,5,3,3,3,5,5,3,1,8,4,4,0,5,5,6,3,2,2,6,8,2,6,2,6,1,1,5,4,2,1,2,4,2,3,4,4,2,3,3,6,6,3.302,6.79826752411772,0
2,2,4,3,3,5,4,2,6,2,4,3,2,3,4,1,4,2,2,4,4,1,5,2,4,1,1,3,3,8,4,2,3,7,2,1,3,2,0,5,5,2,3,3,6,4,5,1,5,6,2,3,1,4,0,3,4,4,0,0,4,1,4,3,2,3,2,3,2,0,3,4,4,6,4,2,2,6,3,7,3,4,3,1,5,1,2,2,1,1,5,3,2,5,2,2,5,4,4,4,3,5,4,0,3,2,3,2,7,1,2,6,4,4,1,6,2,3,2,5,2,0,8,3,3,4,1,1,4,2,4,7,4,2,6,2,2,3,4,8,3,5,3,3,5,1,3,2,5,2,7,7,4,6,5,3,3,1,2,9,7,5,2,4,3,3,0,4,5,4,0,3,3,2,2,3,3,5,3,5,1,2,5,1,7,2,2,4,3,3,6,2,7,3,3,4,5,3,4,2,0,5,6,0,3,1,1,1,6,4,4,2,3,3,4,4,5,6,1,3,10,2,2,2,1,4,4,1,9,5,4,5,5,0,2,1,5,5,2,2,0,2,3,4,2,3,4,5,3,3,10,1,1,5,3,4,7,3,3,2,3,5,1,1,3,4,2,1,3,3,5,1,2,5,3,6,3,4,9,1,2,3,2,3,4,3,5,5,3,5,7,4,6,2,1,1,1,6,5,2,5,3,3,1,4,2,0,4,5,3,5,0,5,4,3,2,4,5,0,3,4,5,3,2,6,8,5,3,4,3,1,3,1,0,1,2,2,3,5,0,2,6,4,3,3,5,3,2,4,1,3,1,3,3,6,6,3,6,5,2,3,2,0,4,2,1,1,1,2,0,4,1,4,5,1,2,2,3,3,7,1,3,2,3,3,4,2,2,3,3,2,5,2,1,2,1,4,2,2,5,1,2,3,0,2,3,6,1,3,1,4,4,4,6,7,2,2,2,2,1,2,6,4,6,6,2,4,0,3,7,5,1,4,3,5,6,5,1,3,4,2,4,3,3,2,3,3,3,1,5,4,2,3,1,2,7,4,1,3,2,2,3,1,5,2,1,6,3,2,3,5,3,2,0,2,2,0,2,3,4,3,2,7,4,2,6,5,2,1,3,2,3,3,0,1,4,4,2,1,5,3,2,4,5,3,3,7,4,5,2,5,2,2,1,4,3,2,2,3,1,0,3,0,4,2,7,1,2,3,1,1,2,6,7,5,1,5,9,4,2,1,2,7,5,1,3,4,6,1,4,5,5,4,3,2,3,2,3,4,2,3,3,2,3,6,3,3,2,3,6,2,5,4,4,3,4,8,6,5,1,3,1,3,5,3,6,3,0,7,8,2,2,3,0,3,1,1,5,1,6,4,5,2,8,2,2,2,3,2,2,2,6,7,6,7,3,5,2,8,5,0,2,5,6,4,5,2,6,4,3,1,2,3,5,1,2,2,4,1,5,7,3,1,2,3,3,6,4,5,4,2,4,5,5,4,4,3,2,4,2,2,8,2,2,8,2,4,3,5,1,8,2,2,2,4,3,4,2,2,5,5,4,2,2,2,1,3,2,4,7,7,3,2,2,1,3,7,4,5,2,3,7,2,5,0,2,1,3,4,4,1,2,3,4,6,4,4,3,6,3,6,4,2,4,3,5,3,5,5,2,3,4,6,6,2,6,3,2,1,0,4,3,3,2,4,6,3,6,2,3,2,4,2,6,6,3,4,2,1,4,3,4,3,1,3,7,6,3,9,1,2,4,3,2,2,6,2,5,4,2,3,5,0,2,6,5,3,2,3,2,1,3,3,4,4,4,5,3,5,1,2,2,3,2,5,7,1,4,2,5,3,3,6,2,2,4,2,3,2,3,2,3,7,4,4,4,6,2,3,2,4,3,9,4,7,7,3,1,3,5,5,4,3,2,3,2,3,3,3,2,9,4,5,1,1,6,5,3,0,0,3,5,5,3,3,5,2,4,4,1,4,5,3,4,4,4,2,0,4,2,4,2,3,2,3,5,4,2,3,3,4,1,2,6,5,3,3,5,5,2,4,6,3,5,4,3,4,5,4,6,4,3,2,3,12,3,2,3,2,4,9,2,3,5,3,1,5,8,1,4,2,6,4,3,1,5,1,6,3,3,4,4,7,4,1,3,5,5,1,3,5,5,2,3,2,3,2,4,5,2,2,4,4,2,7,2,0,3,1,3,2,3,5,6,6,4,2,3,4,3,3,2,3,1,4,4,2,5,3,2,3,2,5,6,4,4,2,3,2,1,3.323,6.96254590684167,0
3,2,4,8,4,3,9,3,4,7,4,3,1,4,4,7,2,2,3,4,4,2,2,3,4,3,4,2,3,5,6,1,4,1,4,2,7,4,3,7,4,2,4,2,5,1,1,6,6,3,5,7,3,6,3,4,6,1,1,6,3,4,3,3,1,2,4,5,0,4,3,1,5,6,3,5,5,1,3,6,5,4,2,4,4,2,5,4,0,2,6,3,3,3,5,4,1,7,3,2,1,8,5,3,3,1,5,3,3,4,3,4,4,2,8,5,2,2,1,2,3,4,2,2,1,4,3,2,1,2,5,3,5,4,6,5,3,3,2,0,3,2,1,7,8,3,3,4,4,4,3,3,5,1,2,3,4,6,7,2,2,3,4,5,3,9,6,1,2,3,3,2,2,3,3,3,3,9,4,4,9,2,1,8,7,0,2,6,4,3,2,4,3,6,2,2,4,1,4,1,2,3,4,4,4,3,1,5,0,0,6,4,6,8,2,3,1,2,3,4,0,1,6,3,6,2,3,3,3,5,5,5,4,4,2,1,1,1,2,6,1,4,2,3,3,6,4,1,4,8,2,3,5,5,3,2,6,3,3,3,6,4,5,3,5,4,6,5,5,3,1,6,2,7,3,4,4,5,3,5,2,3,3,5,6,1,4,6,2,1,3,2,8,2,2,3,2,3,3,4,1,3,4,3,3,4,2,2,3,0,3,4,2,5,3,9,4,0,4,3,3,2,1,1,3,5,4,4,2,0,2,5,4,2,4,1,5,4,1,5,2,2,4,5,1,1,4,4,3,3,4,5,4,1,3,4,6,4,9,3,3,5,4,3,1,2,3,4,2,1,5,4,7,1,3,4,6,2,2,6,1,2,5,4,6,5,5,3,5,2,5,4,4,6,4,2,6,3,3,1,3,1,5,3,4,2,2,2,5,3,2,0,1,3,5,2,3,0,5,6,2,1,4,1,3,2,7,3,4,5,5,2,1,5,1,6,4,3,5,2,6,3,3,1,3,1,4,3,0,4,2,4,7,3,2,5,2,1,3,7,4,2,5,1,4,1,3,4,3,6,1,3,2,2,3,2,3,2,4,2,3,1,2,3,3,0,5,6,5,2,5,4,5,4,2,3,3,3,3,3,5,3,3,3,4,2,4,2,0,1,5,2,1,6,4,1,3,1,4,2,0,4,6,3,3,1,2,2,1,4,0,1,4,8,4,1,3,1,2,5,5,5,2,3,4,4,3,6,4,3,2,1,3,1,3,5,1,3,5,3,6,1,1,4,3,1,3,6,1,3,5,2,4,2,3,2,6,3,3,2,2,3,4,4,4,4,4,6,3,4,2,1,4,4,0,5,6,1,4,4,5,2,1,4,7,4,3,1,4,7,2,2,3,3,4,7,4,3,6,3,2,0,2,1,1,6,2,5,4,4,2,1,2,5,1,2,5,4,5,2,3,4,0,4,2,8,4,3,3,4,1,3,3,8,5,7,1,5,2,3,3,2,3,6,6,3,2,6,3,7,4,6,1,3,3,1,5,3,5,1,2,2,6,4,6,2,2,5,2,4,6,1,6,4,2,2,2,5,4,5,1,1,0,3,4,5,3,4,2,1,2,4,3,3,2,3,4,5,1,5,3,3,4,1,3,0,4,4,4,2,5,5,6,1,6,3,3,2,3,6,4,1,2,1,4,1,5,2,5,1,2,8,2,6,4,4,6,3,3,3,4,3,2,4,2,3,5,3,3,0,5,2,1,4,1,3,1,4,4,2,3,1,3,1,4,2,6,5,2,1,3,9,3,4,2,4,6,2,7,7,2,4,5,5,5,4,7,3,6,0,3,3,2,3,4,2,1,2,3,3,4,4,0,2,2,4,0,2,0,3,3,3,4,3,2,0,3,2,2,5,6,5,1,2,3,6,4,1,3,5,6,2,4,3,5,5,0,2,0,5,4,1,4,5,1,2,4,6,2,2,5,2,1,2,3,4,4,1,3,8,2,4,3,3,5,2,5,3,5,0,2,3,4,3,2,3,4,3,2,5,3,7,5,8,3,4,7,0,3,6,5,6,1,7,3,6,3,5,1,4,1,3,5,4,7,3,2,5,6,2,2,3,3,0,4,1,6,4,3,6,0,3,3,5,5,6,2,6,4,9,4,2,3,4,3,4,6,2,3,5,5,0,1,3,1,3,3,10,4,3,3,3,2,7,2,5,6,1,4,3,4,1,2,0,4,5,5,3,1,3,3,2,3,2,4,1,1,3,5,2,3.355,6.93719978718599,0
5,5,4,2,3,3,1,2,2,2,3,3,2,2,2,6,1,7,1,1,5,5,4,3,2,3,1,4,6,4,4,4,4,1,4,5,5,2,5,6,2,2,2,3,3,3,2,5,2,4,0,3,2,3,3,2,5,3,0,2,4,4,3,2,4,3,3,4,6,7,6,1,2,2,3,1,3,3,4,3,4,5,5,3,3,2,4,4,5,5,5,2,4,3,3,4,0,2,5,2,2,2,3,0,4,3,1,3,4,6,8,7,2,2,3,4,7,5,5,2,5,1,6,2,2,2,4,5,3,3,5,2,3,4,6,4,0,4,0,6,4,7,2,2,3,1,1,1,1,5,4,1,1,3,4,1,4,6,2,2,7,5,2,4,2,2,1,4,0,2,7,1,3,4,4,1,4,1,6,2,3,1,1,5,1,2,2,1,4,2,7,3,1,5,3,3,3,2,5,3,3,5,0,6,2,4,2,1,1,3,3,6,3,2,3,4,3,2,0,6,3,5,5,6,2,2,3,1,5,2,4,4,1,5,3,4,3,2,5,5,4,3,6,2,1,4,1,3,3,3,1,2,5,5,1,2,7,2,5,6,7,2,3,4,5,6,1,4,4,2,5,4,3,2,6,1,3,5,7,6,2,4,4,3,3,3,4,5,4,4,6,4,3,1,1,4,4,3,2,4,2,4,5,5,2,5,5,2,3,2,2,3,2,2,4,2,6,1,1,2,2,6,4,6,2,7,6,2,4,2,4,5,4,2,3,0,1,2,5,3,4,2,7,3,7,1,5,5,3,5,9,3,3,3,5,4,4,3,7,5,4,3,4,2,0,4,4,2,4,6,4,4,2,3,1,0,4,1,3,2,4,4,1,2,6,4,3,4,4,2,4,3,2,3,3,3,4,2,1,2,3,2,5,1,2,5,3,4,3,2,4,4,5,1,1,3,3,1,7,1,2,3,2,4,2,4,5,1,2,2,3,2,5,3,2,3,3,6,4,5,5,5,4,5,1,3,2,0,6,2,2,1,3,3,3,2,5,2,3,2,4,6,6,6,1,3,4,3,4,6,2,5,6,2,5,2,2,7,2,3,5,3,0,2,6,2,2,4,2,2,6,3,5,3,3,0,3,11,2,3,1,1,4,4,4,4,3,3,3,5,6,5,4,4,6,5,1,3,1,2,1,2,2,6,1,6,4,8,1,4,3,0,3,3,7,4,3,4,7,2,4,1,2,6,2,3,2,3,2,3,1,5,2,4,3,2,0,2,2,1,4,3,2,6,4,5,2,5,2,3,4,2,2,5,3,0,7,2,4,2,6,5,1,2,4,4,8,4,5,3,3,4,3,3,6,3,4,2,7,3,4,4,2,2,4,0,2,9,3,3,1,2,6,4,4,7,1,3,5,2,0,2,5,4,2,1,4,4,4,4,0,6,3,0,4,2,3,0,3,5,5,1,1,1,3,6,3,4,2,3,5,2,3,1,6,1,3,1,6,2,2,4,4,4,6,5,2,3,3,2,3,9,4,2,5,3,2,1,5,4,5,3,3,6,5,2,8,3,5,3,4,2,0,3,1,5,4,4,4,2,3,5,6,3,2,3,6,7,1,1,5,3,4,3,3,3,0,4,5,4,5,1,1,2,3,4,5,5,2,5,5,3,2,7,3,2,1,5,3,2,2,3,5,3,4,3,5,2,4,1,1,2,7,3,5,2,5,8,4,2,2,3,4,3,4,5,3,6,2,1,3,3,1,8,3,1,4,3,1,2,4,1,1,4,4,8,3,2,8,4,9,6,1,3,0,3,6,3,0,6,4,2,1,4,4,5,1,5,7,3,7,5,3,2,1,4,6,3,0,0,3,5,2,3,2,1,5,4,5,2,7,5,3,7,5,4,9,1,5,4,4,0,4,5,5,4,3,1,6,5,3,3,2,1,2,2,11,4,4,2,3,3,1,6,5,2,2,1,0,1,2,2,9,5,3,3,2,4,5,2,2,3,5,2,2,3,2,5,0,5,3,3,2,2,1,1,3,2,4,3,7,3,3,0,1,1,2,3,6,3,2,5,2,2,7,1,3,3,3,0,3,3,3,2,0,4,4,1,2,3,4,3,1,3,4,1,6,0,4,6,2,2,3,4,2,2,2,2,1,2,4,1,6,4,8,5,5,4,1,9,3,1,5,4,1,5,0,6,3,1,5,2,6,3,3,2,6,3,5,2,2,7,3,1,4,5,4,4,3,5,4,3,3,6,3,1,0,4,1,3,3.304,6.88759987756479,0
2,4,4,1,1,4,4,2,3,4,3,3,3,6,6,2,2,0,4,3,2,4,3,2,4,1,3,5,3,3,2,6,2,2,2,5,4,2,3,3,3,1,2,3,3,7,3,8,6,4,3,3,2,1,8,5,2,4,2,4,2,5,2,5,3,1,2,2,5,4,2,5,6,2,3,0,5,3,3,0,3,4,2,5,5,2,5,3,4,3,2,5,3,3,1,4,5,3,1,4,2,4,5,4,1,2,3,2,4,5,1,3,2,6,3,3,4,1,0,4,7,0,4,6,1,6,4,6,3,4,2,5,3,2,5,2,3,4,5,1,3,4,3,6,3,2,2,2,2,4,1,2,5,7,5,3,4,3,4,4,3,2,5,3,2,2,2,2,3,5,7,3,4,5,2,7,6,6,3,6,1,2,0,2,2,2,4,4,2,3,6,2,4,2,2,5,2,2,4,5,1,3,3,3,0,0,3,4,3,3,0,2,2,4,1,3,3,4,2,4,9,1,3,2,4,5,2,3,3,5,4,4,3,3,3,2,3,3,5,6,2,2,3,6,4,3,2,5,3,1,4,4,2,2,5,0,1,1,0,6,2,0,4,1,1,3,2,1,4,5,2,4,1,5,5,8,3,0,4,3,4,6,3,3,2,3,3,3,2,3,1,7,2,1,2,5,3,1,4,5,1,1,1,4,6,2,2,6,6,4,4,2,4,0,1,1,3,6,3,6,3,4,4,2,1,2,2,3,2,4,6,2,6,4,3,4,3,3,1,4,5,4,3,0,5,2,2,4,6,3,5,7,2,8,1,0,6,3,3,3,2,1,3,2,2,2,7,4,5,4,0,6,1,2,3,10,5,8,4,4,1,3,3,0,4,4,5,1,3,3,2,1,3,3,7,5,1,2,2,3,4,3,2,4,3,1,2,2,3,3,3,5,5,1,4,2,9,2,3,4,3,2,4,4,6,2,2,2,1,5,7,2,1,4,7,1,3,2,3,6,7,0,5,1,0,3,5,3,1,7,3,9,4,3,3,3,4,2,5,1,4,3,1,1,6,2,3,2,4,4,2,4,3,5,3,1,1,2,2,2,3,3,1,0,3,2,3,1,2,2,4,2,3,8,1,3,2,3,1,5,4,3,4,4,5,3,3,4,5,1,5,3,4,6,2,6,1,1,6,5,6,6,2,5,0,3,5,2,5,9,1,1,4,5,1,2,2,4,1,1,6,1,1,3,0,3,1,4,2,4,3,4,4,0,4,3,3,2,3,2,4,2,6,6,2,1,5,3,0,3,2,5,3,7,6,5,5,1,1,1,7,2,2,3,5,2,7,6,2,6,1,4,1,3,6,4,2,8,5,2,3,6,5,1,2,6,2,2,3,4,4,5,3,4,3,6,6,3,1,3,7,2,2,7,3,3,2,1,3,3,7,7,3,6,3,7,3,5,1,5,3,5,0,3,4,4,5,1,4,4,4,6,4,4,1,3,10,3,1,7,0,3,3,2,3,4,6,2,5,3,8,1,1,4,7,1,4,5,5,3,4,1,3,4,1,1,5,1,3,5,3,1,5,2,4,2,3,2,2,3,5,4,4,2,4,4,2,2,4,3,2,2,4,2,5,1,4,3,2,5,3,5,2,5,5,3,2,3,6,7,3,4,3,3,3,5,4,1,6,3,2,3,5,4,0,4,7,5,4,3,4,2,3,2,2,4,0,4,5,3,0,4,1,3,7,5,5,2,4,2,5,3,3,4,3,4,2,3,3,4,3,3,4,5,7,4,2,6,8,2,7,5,2,2,5,7,2,3,1,5,5,5,5,2,1,5,4,3,4,1,4,3,5,6,5,5,2,5,6,3,3,0,2,1,9,2,6,3,6,1,1,2,5,5,4,5,1,2,4,1,2,6,4,5,2,2,1,1,1,5,2,3,2,1,7,0,6,5,5,4,4,1,3,5,3,2,3,4,2,2,2,4,3,4,4,5,2,1,4,5,5,2,3,3,1,3,3,2,5,2,5,2,5,3,1,6,2,3,2,5,6,1,1,2,2,8,3,1,3,5,4,1,7,4,3,4,5,1,2,5,4,4,2,3,5,2,0,2,6,1,6,2,3,4,4,4,1,5,2,1,8,3,6,6,2,2,7,1,2,2,3,2,0,2,4,3,6,6,2,4,6,3,3,4,2,2,0,5,4,4,2,4,1,7,3,4,4,3,5,6,2,3,4,3,6,2,4,3,2,5,4,5,1,3,5,6,4,5,0,1,3.313,6.88232486187088,0
3,0,1,1,3,3,4,4,7,6,2,4,1,2,1,5,4,3,2,3,4,6,2,4,7,3,2,2,3,4,3,3,3,6,1,9,4,1,4,4,5,6,6,4,1,1,2,3,5,3,2,4,5,6,3,4,2,2,4,2,2,3,1,1,6,4,2,4,3,3,4,3,4,3,5,1,6,6,2,4,6,3,6,5,1,3,6,3,3,1,3,3,3,2,2,2,2,2,5,3,4,2,4,1,3,6,2,0,7,3,5,6,6,3,5,7,3,3,3,6,3,6,1,1,4,1,4,4,1,2,1,2,2,4,3,1,2,5,0,2,2,3,5,4,4,2,3,3,0,3,11,5,4,3,3,3,5,2,2,5,4,0,3,3,7,8,2,4,2,1,6,4,2,5,2,2,4,3,5,0,5,0,3,7,1,5,1,8,3,4,7,3,3,4,3,0,5,6,3,4,2,3,7,2,3,5,6,6,5,6,3,3,4,2,0,5,4,1,4,7,5,3,2,3,7,2,2,5,3,4,4,4,5,3,5,2,5,3,2,5,2,3,2,8,3,7,5,4,3,4,4,1,4,5,3,4,2,4,5,4,2,4,3,4,6,2,6,3,2,2,3,2,3,2,4,3,2,6,8,1,2,2,2,3,5,4,5,4,5,3,5,3,11,4,0,2,5,5,3,7,3,4,2,5,2,4,3,5,2,3,2,1,0,4,4,3,5,5,3,3,2,3,3,3,3,6,4,3,3,4,1,5,4,2,1,2,5,3,8,1,4,2,1,3,1,1,2,4,4,3,3,4,11,4,2,4,2,5,7,2,3,4,3,8,10,3,4,4,3,4,4,6,1,4,3,4,4,5,3,1,5,2,3,6,2,2,4,2,1,3,2,4,2,3,4,3,2,2,2,4,5,6,3,2,6,4,2,3,3,3,3,4,2,7,4,2,3,2,3,5,10,2,3,6,3,5,1,4,2,1,5,2,7,3,1,2,4,2,7,5,0,7,3,2,3,4,3,2,2,2,7,3,5,1,4,3,3,4,2,3,2,3,3,6,4,2,5,2,2,5,3,6,4,3,0,6,2,4,4,1,5,2,5,3,5,2,6,2,1,2,2,3,3,4,4,4,2,5,4,4,2,0,3,3,5,5,5,6,3,5,3,2,3,5,3,3,2,4,4,2,1,5,3,4,3,4,7,3,7,3,3,2,6,4,3,1,4,6,2,2,6,6,6,6,2,6,3,5,6,5,2,4,0,2,5,3,5,2,5,3,1,2,1,2,5,1,3,5,2,6,2,2,1,5,2,5,0,4,3,2,5,1,2,9,4,2,3,6,1,5,2,7,8,4,3,4,0,5,3,1,3,10,3,4,0,7,3,5,3,2,4,3,3,2,3,5,1,3,3,4,2,2,1,8,2,4,4,4,0,2,4,5,1,8,2,7,3,0,3,2,8,3,5,0,6,7,5,5,2,3,1,4,1,3,2,7,1,4,2,3,3,4,5,0,3,3,4,5,4,5,4,0,2,2,3,6,4,4,5,6,6,6,3,1,5,3,2,4,1,6,1,2,6,4,4,4,1,6,3,4,1,3,6,2,1,4,0,3,5,5,3,2,5,4,5,5,6,4,4,7,5,3,4,3,1,6,4,5,7,1,3,7,2,2,1,1,3,8,5,2,3,7,3,3,5,4,4,4,5,1,3,5,3,3,4,5,6,0,1,4,7,3,3,5,6,5,7,5,2,5,0,7,5,5,6,1,4,5,2,5,3,3,2,4,6,2,3,3,3,4,5,4,4,1,4,3,4,1,5,4,3,3,4,2,1,5,4,0,4,3,4,5,1,5,4,4,1,3,4,2,2,6,5,4,4,5,1,2,3,2,4,3,5,4,4,2,3,7,5,1,2,3,2,3,5,2,1,4,4,4,7,1,0,2,3,4,2,6,3,4,3,7,4,4,3,3,0,5,3,1,3,2,6,6,1,3,4,6,0,3,2,4,3,3,2,5,3,4,1,2,1,2,3,4,1,3,5,3,6,4,3,5,5,1,1,3,3,2,1,3,3,3,2,2,2,3,2,1,2,2,4,6,3,6,2,2,2,8,4,3,3,7,3,1,2,2,2,8,4,4,6,3,1,1,2,2,1,0,3,3,6,3,3,3,4,3,6,6,2,1,1,2,1,1,5,4,1,0,3,4,6,7,4,4,8,6,4,3,4,2,4,2,3,2,3,7,6,1,8,3,2,1,7,5,5,2,5,2,3,1,3.466,7.10246627887533,0
3,2,3,3,3,1,3,3,3,5,4,3,1,9,2,4,4,5,2,2,1,3,1,4,3,5,0,2,2,5,4,2,1,2,2,5,1,3,4,4,4,4,1,6,3,1,5,5,3,1,5,5,7,8,5,3,5,5,4,2,1,4,3,3,4,5,8,3,6,6,5,2,7,3,2,0,4,5,4,3,4,5,3,3,2,4,6,2,8,3,1,2,3,2,3,1,4,3,3,3,5,2,4,2,2,2,5,5,2,3,1,3,1,5,2,4,5,4,6,2,3,3,4,3,2,3,2,3,4,2,1,2,2,2,7,4,2,2,8,7,3,5,5,4,5,1,3,6,7,2,2,2,1,8,4,1,6,2,6,3,1,3,7,1,3,3,5,3,7,5,8,2,4,3,3,4,7,5,6,2,4,2,2,4,3,3,1,5,2,4,2,3,4,3,4,6,1,1,8,5,4,3,2,1,6,5,4,7,3,1,3,3,3,4,3,4,4,6,3,2,10,5,2,2,3,1,2,5,2,3,6,2,5,5,6,1,3,6,3,1,5,6,1,3,6,4,5,0,7,1,2,2,6,3,3,1,2,0,4,3,0,3,3,4,0,6,8,4,6,4,5,8,7,6,4,2,8,4,1,2,8,3,6,3,5,3,5,4,4,3,4,3,2,3,1,3,0,3,4,7,5,8,4,1,3,3,1,6,8,6,5,2,1,2,7,3,5,2,3,0,3,4,1,2,3,7,2,3,4,2,8,4,4,2,4,4,8,2,3,5,9,5,5,7,1,3,5,1,7,8,4,1,3,4,7,5,1,3,3,3,4,3,5,4,1,9,6,4,5,8,1,5,3,3,4,5,2,1,4,4,3,1,3,3,5,6,1,3,7,3,4,0,5,2,2,1,2,6,1,5,4,2,4,2,2,4,3,1,1,3,6,3,4,3,4,3,2,0,4,4,1,4,7,3,5,3,4,2,2,3,3,4,8,4,3,5,3,3,1,1,6,6,2,4,2,3,7,0,1,7,4,4,2,3,4,4,8,3,5,3,1,1,3,5,6,3,1,7,2,2,1,4,0,2,4,4,3,3,3,5,3,1,4,2,3,3,4,6,4,3,1,3,4,4,4,4,3,4,2,3,3,7,3,3,4,6,2,9,2,4,6,7,4,5,5,5,4,2,6,8,5,2,2,4,3,6,3,1,1,5,3,5,5,1,3,5,5,2,2,0,3,1,9,3,8,4,2,2,1,4,6,5,4,3,1,6,2,3,1,2,7,2,1,5,2,2,7,5,3,4,2,3,3,2,5,6,4,3,4,5,3,1,3,3,7,3,4,3,4,3,3,7,7,3,5,3,4,5,2,7,0,3,3,5,2,5,5,8,3,3,1,6,7,5,2,6,1,5,8,6,5,4,3,6,2,4,5,3,3,1,2,1,8,5,3,4,1,3,4,3,6,0,4,4,6,4,6,3,1,5,5,5,3,7,2,2,3,1,3,8,4,4,3,4,4,2,2,0,2,0,3,2,5,2,4,1,4,5,2,2,5,2,0,7,5,2,5,2,1,0,2,6,3,4,3,3,3,3,3,5,2,6,5,2,3,5,2,3,2,3,2,4,0,3,4,4,3,2,8,4,4,3,4,1,7,2,3,1,4,1,3,5,3,1,4,2,1,4,6,3,4,5,5,1,2,6,3,4,4,4,3,3,6,4,2,1,5,6,4,5,4,9,3,2,3,3,3,4,2,4,3,3,1,2,3,2,3,4,4,3,1,1,6,0,4,4,5,5,2,2,3,4,3,4,7,3,6,1,6,6,3,1,2,3,4,6,8,5,3,4,4,3,5,6,5,3,5,3,3,1,4,4,4,3,7,5,4,6,0,4,5,5,4,4,3,7,6,5,2,6,6,5,5,10,5,4,1,1,2,4,3,7,5,2,2,6,2,5,1,3,10,5,4,5,7,2,0,2,3,3,6,1,7,3,2,4,4,1,5,7,4,3,0,4,8,6,1,6,3,2,2,0,5,4,3,1,2,1,2,2,2,5,3,2,3,3,4,1,1,0,2,4,6,3,4,0,5,5,0,1,2,7,6,6,3,7,3,6,1,2,2,6,1,2,4,5,2,4,4,2,4,7,5,5,2,2,2,4,4,3,3,2,2,10,4,2,3,5,4,3,4,5,2,6,7,4,2,4,4,2,3,6,5,4,2,4,4,2,6,3,6,2,3,7,3,6,6,3,4,6,1,3,8,4,5,2,2,3,1,5,3.603,7.4011270956927,0
7,3,1,2,3,4,4,3,5,6,1,5,6,2,4,4,5,3,3,2,3,3,7,2,4,0,1,4,4,4,3,3,3,5,4,3,9,6,1,6,2,3,2,3,1,4,3,4,2,2,1,4,4,3,4,8,4,2,2,4,3,4,8,5,8,1,2,6,2,2,3,4,4,4,3,6,2,3,2,11,2,5,5,9,5,2,1,6,6,10,4,7,3,4,5,1,4,5,5,4,2,1,2,5,6,3,2,4,5,4,2,10,5,1,3,3,1,2,6,4,3,3,1,1,5,0,2,4,4,5,3,4,3,4,6,3,3,5,4,5,3,4,4,5,3,3,3,6,1,4,6,4,3,1,4,4,6,4,7,5,2,0,3,4,5,5,2,2,1,4,3,4,5,2,1,5,7,7,2,3,4,6,4,4,5,2,3,5,4,3,6,6,4,5,3,4,5,7,9,4,5,3,4,4,2,2,4,5,2,6,3,3,3,4,4,4,4,9,6,4,1,5,2,4,1,3,2,1,2,4,5,2,4,3,5,3,3,3,2,2,5,3,5,6,6,4,2,3,3,3,6,2,4,1,3,4,6,1,1,3,3,4,3,2,3,4,3,2,5,1,3,6,4,3,4,7,2,2,2,4,3,4,1,2,4,4,9,2,3,4,5,0,5,2,3,6,1,6,6,3,5,3,1,4,4,4,2,2,5,1,2,1,1,2,1,1,4,4,2,6,3,1,1,1,2,0,3,5,4,3,3,5,7,8,3,0,4,9,3,3,2,3,3,2,3,3,5,3,1,5,4,4,3,4,6,6,8,6,4,5,6,6,3,6,2,3,9,2,3,6,2,3,2,2,3,1,0,7,3,2,3,5,4,7,4,4,1,0,6,4,3,3,6,6,3,3,3,2,5,2,4,1,5,3,0,1,6,4,4,4,5,2,2,4,1,2,5,5,4,6,2,3,3,4,3,3,1,4,3,6,2,2,5,3,7,5,3,3,2,6,4,1,3,2,2,4,3,2,1,1,3,1,0,0,4,8,1,4,6,6,3,5,5,2,2,8,4,9,4,5,1,4,4,5,1,3,2,2,4,1,6,4,2,5,5,5,3,5,3,4,5,5,1,3,2,5,3,1,2,4,0,3,1,3,2,4,1,3,1,6,5,1,3,2,5,4,1,4,1,6,2,5,3,5,3,4,2,4,4,1,1,1,3,6,2,3,5,4,3,4,6,4,4,5,6,4,1,2,4,2,2,3,2,3,2,5,1,3,7,2,3,0,2,2,4,6,3,5,3,6,2,4,2,7,2,2,5,2,2,6,5,1,6,4,3,3,3,1,3,3,2,7,2,2,4,5,3,2,2,4,2,2,5,5,3,3,3,3,1,4,2,3,3,2,1,10,3,3,2,3,3,2,2,5,3,0,2,2,0,2,4,3,4,6,7,3,2,2,4,1,5,3,4,6,5,2,2,4,7,5,2,5,1,2,1,6,2,1,3,4,2,2,1,5,3,5,1,4,3,3,3,3,5,7,4,2,2,2,3,4,3,5,2,1,2,4,6,6,5,1,8,2,3,7,2,4,3,2,4,1,3,3,4,2,0,7,8,4,6,4,4,4,3,1,6,2,2,6,6,1,4,4,4,2,0,3,5,6,3,7,6,3,0,3,0,1,2,2,2,3,1,6,3,4,3,2,6,3,1,5,5,5,3,3,6,4,2,5,8,4,3,3,1,1,8,4,4,4,6,2,2,0,5,1,0,2,4,3,4,4,3,6,0,3,2,3,3,7,3,4,2,5,5,2,4,4,4,2,7,3,1,1,7,4,1,4,4,4,1,4,4,3,6,4,3,5,2,3,2,3,2,2,2,4,7,4,2,3,4,3,2,2,6,6,5,6,5,2,3,6,2,3,3,6,4,4,2,4,1,3,1,1,3,4,4,3,5,2,4,6,5,3,6,3,4,2,5,3,11,2,0,4,5,3,0,2,2,3,4,2,5,3,0,4,3,5,2,4,4,2,4,4,5,2,3,1,3,1,0,2,4,3,9,4,2,1,3,7,5,3,3,6,0,6,3,7,1,1,7,4,5,4,5,2,1,4,4,6,1,5,6,4,3,6,4,1,3,1,4,2,4,2,5,5,2,7,3,2,1,4,5,4,2,4,4,2,7,4,6,5,2,1,2,3,4,1,6,9,7,5,4,2,5,4,2,5,5,4,4,5,5,7,4,1,1,2,4,7,3,5,2,2,4,2,3,5,3,5,4,3,3.511,7.17330097272395,0
3,6,6,5,2,4,3,6,4,2,4,2,5,3,6,3,5,3,2,4,4,4,3,6,1,6,3,7,2,6,8,7,6,4,3,5,3,0,3,3,4,4,3,3,3,4,3,3,4,10,1,7,8,9,9,3,3,2,2,5,3,2,3,8,2,7,5,3,5,4,5,1,4,5,5,2,1,2,3,7,5,4,6,4,4,2,4,4,1,1,3,5,10,2,2,4,4,4,5,4,4,0,1,4,0,2,5,1,2,9,6,6,5,5,1,6,3,4,3,3,2,1,3,3,1,6,4,3,1,2,1,4,3,4,4,3,6,3,3,4,2,5,3,3,1,6,2,4,3,3,3,1,2,1,3,7,1,3,2,7,6,2,6,6,1,1,7,2,1,5,2,0,2,2,6,3,3,6,6,5,2,2,5,4,1,4,2,1,3,6,2,2,2,3,3,5,4,0,4,2,3,5,2,3,3,3,1,4,3,4,5,2,5,3,2,4,2,1,4,2,8,4,3,3,3,4,4,4,4,4,2,1,6,3,5,4,2,5,3,5,4,4,1,5,5,2,0,1,3,2,7,1,3,6,0,5,5,7,2,7,1,5,7,2,1,2,3,1,3,2,6,5,3,1,7,1,5,8,4,5,4,2,2,8,7,5,4,3,3,2,3,9,6,3,3,6,1,3,3,4,1,4,3,4,5,3,1,3,3,2,5,3,1,6,2,0,1,2,2,2,2,3,6,4,6,1,2,3,0,2,8,2,4,7,3,3,2,4,1,3,2,2,7,2,7,0,6,1,5,1,4,1,2,1,5,6,3,6,4,4,11,4,5,4,4,6,2,2,5,5,4,5,1,2,2,3,4,1,6,6,3,2,3,3,3,6,3,5,6,3,7,2,5,5,2,4,6,3,4,6,1,2,4,5,3,4,6,1,1,1,3,5,5,6,3,1,3,3,2,5,1,3,4,1,4,0,2,3,2,5,4,2,3,6,4,1,6,2,4,5,3,6,2,4,3,0,2,2,3,2,1,2,3,4,5,2,4,1,7,2,4,7,2,3,7,3,4,1,7,6,2,4,6,5,4,3,3,7,0,2,7,2,2,3,7,3,4,5,0,3,4,2,1,8,3,6,3,4,5,3,5,3,2,3,6,3,3,2,2,2,3,3,4,5,9,5,7,1,6,3,3,5,2,2,6,6,7,5,3,3,5,3,8,4,1,4,4,0,4,4,4,3,4,5,2,4,5,6,5,2,4,5,8,2,6,1,2,1,4,2,5,3,4,5,2,4,4,5,3,5,4,4,5,2,4,12,3,2,2,4,3,4,0,6,4,6,3,5,3,4,3,5,5,8,0,1,1,4,4,3,2,2,11,5,6,3,3,6,5,2,3,5,6,5,3,1,3,6,9,5,6,1,5,3,4,4,6,4,2,2,8,7,4,2,1,1,5,2,4,7,9,3,0,4,2,3,1,6,2,6,4,3,3,2,6,2,1,4,6,7,3,1,4,2,2,0,2,4,8,4,2,3,1,3,4,1,4,2,6,3,4,3,4,2,3,0,3,4,3,2,3,1,4,11,3,0,3,9,5,3,3,3,4,3,4,4,3,3,4,3,3,4,3,2,3,6,0,5,7,2,5,4,5,5,2,4,4,6,4,6,3,5,3,2,4,6,3,3,4,3,0,1,5,5,5,5,1,3,3,1,5,4,3,3,6,5,3,3,6,2,5,4,3,3,2,6,1,5,2,4,4,2,3,3,6,7,3,3,6,5,8,2,6,3,5,2,4,2,10,3,3,5,5,6,2,5,5,6,3,2,6,4,4,3,4,6,5,6,2,0,2,1,2,5,6,1,1,6,4,2,3,3,3,2,1,2,4,2,0,1,5,3,4,5,3,7,4,5,5,4,5,3,4,4,3,3,0,4,2,3,4,3,2,1,7,3,4,3,7,3,4,5,3,4,4,3,1,6,1,7,4,1,3,3,3,4,7,8,5,0,0,2,2,1,5,8,1,1,2,4,8,0,4,2,2,5,4,3,4,8,4,4,5,4,0,7,5,6,4,5,3,2,2,1,0,5,5,4,6,3,6,2,4,5,4,3,4,5,2,4,5,2,2,3,4,2,3,3,6,4,2,1,8,2,2,5,8,4,3,4,5,2,4,3,3,1,3,1,2,4,3,4,1,1,4,4,3,4,5,5,4,4,3,5,4,4,2,0,4,1,1,4,4,4,5,8,4,4,4,4,0,5,6,2,1,4,6,5,2,2,3.621,7.46540208117748,0
2,3,5,3,6,6,1,3,2,6,3,2,1,2,4,5,6,5,3,5,8,2,0,4,0,5,4,4,2,2,3,6,3,5,4,4,1,4,2,2,7,2,4,4,5,2,0,7,8,3,5,1,2,3,5,7,1,1,2,0,4,2,2,2,3,2,6,1,6,4,8,3,1,4,5,4,4,5,1,6,7,3,4,3,2,4,3,4,6,2,3,4,4,4,2,3,2,5,4,2,3,4,3,5,6,4,2,1,2,0,4,2,3,4,1,4,4,4,4,6,6,1,5,2,2,4,4,7,2,6,7,4,2,1,6,6,2,5,3,5,2,3,3,2,4,1,4,2,3,5,7,6,6,10,2,2,7,5,2,3,3,8,0,4,3,8,1,6,3,2,5,2,2,3,2,2,5,6,5,4,2,2,8,6,2,5,2,1,3,4,5,2,3,2,1,2,1,4,9,4,3,4,6,5,4,4,3,1,4,3,2,4,6,5,5,2,3,4,4,5,4,5,3,3,4,5,0,2,4,4,4,1,2,1,4,3,7,3,2,2,2,1,0,2,3,4,6,1,3,3,2,3,8,7,3,6,7,3,1,2,5,5,5,4,8,2,3,2,4,5,2,5,3,3,4,2,2,3,4,2,4,2,4,2,2,4,3,5,2,3,3,4,3,5,5,1,3,1,7,2,3,6,3,7,0,2,4,2,4,3,2,0,3,4,5,5,2,6,1,3,0,4,4,2,5,4,3,1,2,1,3,6,4,5,2,2,7,10,1,6,2,2,4,1,6,1,5,5,2,5,0,1,4,0,5,5,1,4,4,2,1,6,6,6,3,1,4,1,3,9,4,2,0,4,5,6,5,3,2,6,3,5,4,4,2,2,4,7,3,6,1,2,2,3,7,5,4,1,7,3,3,4,3,4,3,4,6,7,6,3,7,3,5,4,4,2,4,3,4,3,1,2,1,4,5,4,3,2,5,3,7,5,2,2,2,3,1,6,6,1,3,6,7,4,6,5,6,3,3,4,6,3,1,2,2,7,3,5,4,7,5,8,2,3,3,4,5,5,7,7,3,3,4,2,4,3,3,1,3,2,3,4,3,3,5,2,6,9,4,2,3,4,3,5,5,2,6,9,8,3,4,2,7,6,4,3,4,3,5,4,9,5,4,6,5,5,4,2,6,4,5,8,5,5,1,4,3,2,2,2,1,3,1,3,6,2,4,4,3,0,1,5,4,4,5,4,1,4,5,5,1,3,4,3,5,4,3,8,3,6,2,3,3,4,5,2,6,8,6,2,3,4,2,8,2,1,1,2,4,4,2,3,3,4,2,1,3,3,5,3,4,2,3,6,4,3,0,2,5,1,6,4,3,3,12,4,2,3,6,0,4,5,8,4,3,6,3,3,2,3,2,1,2,1,1,2,6,2,4,6,5,8,3,4,7,2,3,1,2,3,6,4,4,2,6,5,2,2,4,5,5,3,3,4,2,4,3,6,7,2,3,2,7,2,3,4,6,5,3,2,3,2,3,4,1,3,5,3,10,5,4,4,3,3,7,5,4,8,5,3,2,6,5,3,4,3,3,3,4,7,1,7,4,2,2,3,4,6,5,3,5,1,2,8,6,3,5,4,2,3,3,0,4,5,2,7,4,4,5,4,6,2,3,3,2,6,3,4,3,2,4,6,2,4,2,4,4,5,2,4,4,4,4,1,3,4,2,2,4,4,2,6,3,7,2,3,5,5,4,5,2,4,4,6,3,2,3,4,2,4,5,5,3,5,9,2,2,4,5,2,5,2,5,6,3,3,3,5,4,5,2,5,5,4,4,6,6,3,7,3,3,5,5,5,5,0,5,3,6,3,3,3,1,0,3,6,2,3,3,2,4,2,3,7,6,5,5,8,4,5,3,2,3,11,2,6,3,2,1,2,3,5,6,4,7,4,3,4,3,0,3,0,2,5,6,2,2,6,3,5,5,5,5,3,5,3,0,3,7,6,6,5,4,5,3,6,3,3,5,6,4,5,7,3,2,2,2,1,5,2,3,7,5,1,1,2,4,1,6,2,8,6,5,2,1,4,3,5,2,6,6,5,1,5,3,4,4,9,9,3,6,2,6,1,4,3,5,4,3,0,2,2,7,5,4,1,2,1,1,3,6,5,5,4,6,8,2,5,4,3,0,2,3,2,3,6,7,7,3,0,2,3,5,2,5,2,3,2,3,6,0,4,4,1,4,9,4,2,3,7,1,5,6,3,7,4,2,2,3,6,3.707,7.4857193070141,0
3,3,2,1,5,3,1,4,5,2,4,2,4,9,3,6,7,6,3,1,8,7,3,3,8,5,3,3,2,4,5,3,7,1,4,4,3,7,4,8,4,1,7,1,7,2,5,6,4,3,4,5,3,3,9,3,2,1,3,4,4,3,5,2,6,6,4,6,2,2,3,5,7,4,2,5,6,5,2,2,3,6,3,4,6,2,3,1,3,6,7,4,7,3,8,0,9,1,3,1,9,1,3,4,5,4,4,3,1,2,3,3,5,3,6,5,2,7,8,4,5,3,4,0,5,1,9,1,2,3,4,2,1,3,5,4,4,7,5,5,4,6,2,3,1,2,1,4,6,3,3,1,2,5,1,6,4,3,3,5,5,3,4,3,2,3,1,2,4,1,6,3,3,2,6,5,2,4,3,0,8,3,7,9,5,4,5,3,5,2,8,4,8,6,5,7,5,7,6,5,3,4,4,8,2,2,3,7,3,4,4,3,3,5,4,4,3,3,3,5,3,4,4,0,4,4,3,3,3,5,2,3,5,5,4,5,3,1,7,2,5,5,5,2,3,1,2,1,4,1,1,3,3,2,7,3,3,2,1,4,3,6,3,4,0,5,5,5,7,2,2,5,5,4,7,3,3,4,2,3,2,3,2,4,4,5,4,0,2,5,3,4,4,7,4,2,2,8,4,2,5,4,2,5,4,4,1,4,3,4,7,6,4,4,4,5,3,4,2,6,3,6,2,5,3,5,3,5,2,5,7,5,3,6,3,4,6,5,3,3,5,5,2,5,4,5,2,5,3,4,5,3,3,8,0,2,4,3,5,2,3,3,2,3,6,2,4,2,8,8,2,3,4,6,2,4,1,4,5,1,5,2,6,4,5,1,4,1,5,4,3,6,1,4,6,2,2,5,4,4,4,4,3,3,1,3,6,5,3,4,1,5,2,3,3,6,4,4,4,3,2,6,7,6,3,5,3,4,2,5,4,3,3,1,1,4,5,3,2,0,7,8,5,4,1,6,1,5,3,4,3,3,2,4,3,1,2,5,2,4,5,2,10,4,5,2,5,4,0,2,4,3,2,2,1,1,3,6,3,1,7,4,5,1,6,6,4,9,0,1,6,5,2,5,9,3,1,4,1,2,5,6,5,6,5,4,7,4,3,1,8,6,4,2,8,5,3,2,4,2,6,7,5,2,3,1,3,4,3,2,3,4,1,3,8,4,3,4,1,3,3,2,1,3,4,3,4,3,3,3,0,5,4,1,5,3,6,4,3,4,6,4,3,2,4,3,5,7,3,1,2,7,3,6,1,6,3,6,2,3,4,7,8,4,2,5,1,2,2,6,4,5,9,0,3,4,8,1,3,9,1,6,4,6,1,6,3,7,6,5,3,2,5,8,2,9,6,4,3,3,5,1,5,6,3,3,3,4,2,3,8,3,3,1,3,4,3,2,2,4,4,3,3,1,1,5,3,4,3,2,2,7,2,4,2,1,0,1,1,2,3,1,3,3,5,7,2,1,3,3,4,4,6,0,5,3,5,7,5,2,1,3,3,2,2,3,7,5,3,0,6,3,2,4,4,3,5,5,3,6,2,3,3,7,3,6,3,1,2,3,5,3,7,1,3,6,4,5,4,1,4,3,2,2,4,6,4,8,6,1,6,4,2,5,2,1,5,6,2,4,2,2,3,3,2,5,4,3,5,4,4,5,1,3,5,4,5,4,2,2,2,4,2,5,1,1,3,2,5,3,3,5,0,2,5,3,5,1,1,1,5,5,4,1,6,3,6,5,2,0,4,4,3,5,5,4,1,5,5,4,4,3,5,2,5,3,4,3,1,3,8,5,2,3,1,3,6,6,3,6,2,4,2,4,4,9,2,5,3,7,3,4,4,4,5,2,3,1,2,5,4,6,2,4,4,5,0,2,2,0,6,2,2,5,1,3,3,5,3,0,9,5,3,5,6,2,3,5,4,3,3,2,2,3,1,4,5,1,3,6,2,3,7,2,3,7,4,0,4,5,8,2,1,5,4,3,2,1,4,6,6,3,8,6,1,4,7,0,2,3,1,2,6,6,5,1,2,3,4,4,3,3,5,3,3,5,1,6,2,3,7,6,2,4,6,9,7,4,3,5,7,6,2,5,5,2,5,3,4,4,0,1,1,3,4,5,4,7,3,5,2,1,2,5,2,4,8,6,5,5,2,3,2,4,5,5,6,1,1,4,8,4,4,3,4,2,3,3,4,4,3,4,2,9,2,1,2,5,4,5,3.729,7.52721214124091,0
2,4,5,2,8,3,3,3,8,3,5,4,5,8,6,4,5,2,3,2,4,4,4,6,3,3,4,2,3,3,4,1,1,3,3,6,4,4,4,3,2,4,5,8,3,3,7,6,5,4,7,1,2,2,2,7,5,5,1,2,2,5,4,3,4,3,2,2,9,2,0,3,2,4,4,0,5,6,1,6,3,5,3,3,5,2,1,2,3,2,2,7,1,8,2,2,5,7,4,2,3,1,6,3,4,2,3,1,1,4,3,1,2,5,4,2,4,1,2,5,3,5,0,4,1,2,3,2,2,5,3,5,5,1,7,6,2,2,10,3,3,3,3,4,3,4,3,3,3,7,5,4,2,2,3,3,4,4,2,2,2,5,4,7,3,3,7,5,0,5,2,6,2,3,8,8,4,4,3,4,2,3,0,3,5,0,1,4,3,3,3,5,4,6,5,3,2,4,2,3,2,5,3,2,2,5,2,4,3,2,2,0,3,3,4,1,7,5,2,2,3,6,5,0,1,3,3,6,3,4,2,5,3,2,5,3,4,4,2,8,5,3,2,2,5,4,4,4,4,3,6,3,3,2,6,5,4,4,4,5,4,4,2,2,1,3,2,1,4,2,1,5,3,3,5,2,4,4,4,6,6,3,3,3,2,0,8,3,2,4,3,4,4,3,2,4,1,3,5,2,8,4,0,4,6,5,2,6,3,9,3,0,3,5,4,7,1,3,4,2,3,1,4,3,10,5,3,0,4,3,7,1,2,3,6,1,1,6,4,3,3,2,6,9,3,4,7,3,4,3,1,5,9,5,1,5,2,6,6,4,6,4,2,4,3,3,1,6,7,3,3,3,1,1,4,5,3,5,6,1,1,5,3,2,4,4,4,5,5,4,2,0,1,2,3,4,1,2,0,3,2,6,3,1,0,1,4,1,5,4,1,4,4,5,2,1,4,1,6,3,4,1,5,2,2,8,0,4,4,5,3,8,3,4,9,4,5,4,3,3,4,1,1,2,3,2,5,4,0,1,7,6,3,5,4,3,3,5,5,3,5,4,2,1,7,4,6,6,4,7,4,6,4,4,3,6,7,7,2,1,8,9,4,6,5,5,1,5,3,1,3,3,0,6,4,4,1,3,4,7,4,6,1,5,4,3,3,6,4,1,4,3,7,2,3,4,4,0,5,2,3,4,2,4,3,3,3,2,10,3,8,2,6,5,4,5,3,3,2,4,4,0,6,5,4,3,5,3,4,4,4,3,4,5,4,6,3,1,8,7,6,6,1,4,1,2,4,2,3,3,5,4,0,2,1,4,3,6,4,1,3,6,3,1,2,3,2,2,4,2,10,5,6,3,5,3,1,3,3,5,2,1,7,5,1,3,3,5,8,3,1,5,2,3,3,1,3,3,7,2,4,1,2,7,2,2,3,2,2,4,2,2,3,4,5,7,3,1,5,1,0,7,4,0,4,7,5,1,3,3,4,5,1,5,6,6,4,2,8,1,8,5,1,5,2,3,4,3,1,0,8,4,6,3,2,4,5,5,5,4,3,3,3,2,2,1,0,6,1,4,4,3,1,2,6,3,2,3,3,7,4,7,7,2,3,3,4,2,9,2,3,5,3,2,6,4,2,4,3,5,4,2,3,2,4,6,4,4,6,10,2,5,8,3,2,3,7,7,1,0,6,3,1,5,6,3,4,4,3,3,4,5,2,2,4,0,4,2,2,4,8,5,5,2,4,6,3,7,6,2,2,4,4,4,2,5,3,1,1,6,6,4,1,5,10,7,3,5,1,2,4,4,6,1,3,1,6,4,6,7,1,5,5,4,6,4,1,3,4,4,2,5,6,1,3,3,3,3,1,1,3,3,5,1,5,3,5,4,2,1,6,6,2,7,3,7,3,2,4,5,2,2,2,2,3,1,0,5,2,3,3,5,3,2,4,3,7,2,3,4,2,4,3,3,2,3,4,4,4,2,2,5,4,3,0,4,6,3,4,4,1,1,6,4,3,7,2,2,5,3,4,4,2,6,4,3,3,2,5,8,4,3,4,4,1,0,4,4,7,1,3,6,2,3,1,9,6,2,4,1,5,2,5,5,5,6,5,5,3,5,4,3,1,1,4,2,5,6,3,1,3,7,5,4,4,4,4,4,2,3,7,4,5,4,4,3,5,6,4,4,7,4,6,4,1,8,4,5,1,2,5,2,2,4,1,5,1,1,2,1,3,5,9,7,3,4,0,5,4,2,2,4,4,5,5,2,7,5,5,2,3.616,7.4409400513991,0
4,7,5,6,0,3,1,2,3,1,5,5,2,5,5,3,4,5,3,1,4,2,7,4,7,2,3,4,3,2,3,3,3,6,4,6,5,4,4,4,5,4,3,6,2,4,1,7,3,5,4,1,5,2,0,2,2,0,0,5,5,4,1,5,1,2,4,3,4,2,6,2,3,5,5,3,2,5,3,3,7,2,2,2,5,6,3,4,3,4,8,3,3,1,4,2,2,3,2,3,2,2,2,5,2,2,6,5,4,3,4,7,2,3,7,3,3,1,7,5,7,7,2,5,3,3,2,4,2,3,3,3,1,4,3,4,3,2,3,5,4,10,5,8,4,7,4,2,3,4,5,7,2,2,3,3,3,2,4,3,3,2,6,4,3,5,2,7,3,6,4,2,3,5,5,3,3,2,4,5,6,1,4,2,9,5,5,3,3,7,3,2,5,0,3,4,1,0,5,5,2,5,3,3,4,4,3,2,3,0,3,4,4,4,3,3,2,2,4,3,3,1,7,6,0,7,7,8,4,3,5,5,3,5,4,5,6,8,1,1,6,3,4,0,7,3,6,2,4,5,5,6,2,3,2,1,3,2,3,4,2,5,5,2,1,6,4,2,5,3,2,5,3,3,4,2,7,5,1,0,6,4,3,4,4,4,2,5,3,2,3,1,0,3,1,7,5,1,2,5,5,3,3,5,4,4,6,5,4,5,2,0,5,6,3,7,6,7,3,6,6,5,2,8,4,4,0,4,2,1,5,4,8,7,2,2,7,8,3,3,6,5,1,4,9,3,4,4,7,2,6,2,5,3,2,4,5,4,4,7,3,4,3,1,1,4,3,6,10,8,3,4,2,2,4,3,5,3,5,5,2,3,3,4,3,1,1,3,5,3,5,4,7,5,3,3,4,2,6,1,4,2,5,4,3,2,3,1,2,3,3,2,3,4,6,3,0,4,3,5,3,4,4,4,7,4,2,2,2,6,5,3,3,8,3,3,3,3,5,3,2,2,1,3,0,1,5,2,3,3,4,3,5,3,5,3,4,2,4,1,5,3,5,4,4,2,4,6,3,2,2,3,2,6,7,0,4,6,1,7,3,0,4,3,5,6,3,9,2,6,3,6,2,10,5,1,3,2,5,5,1,5,4,4,2,1,3,4,3,1,5,4,3,2,3,5,3,3,3,5,1,1,3,4,6,2,2,2,5,4,7,2,0,2,2,3,7,2,4,1,5,4,2,5,6,5,2,3,4,2,6,6,6,2,4,1,2,5,4,5,5,1,7,7,6,2,5,5,5,3,5,1,4,6,5,5,6,5,2,6,4,3,3,2,1,3,5,9,3,4,1,2,1,4,2,0,3,1,1,2,1,4,2,3,6,4,1,4,2,5,1,3,4,2,2,2,2,5,3,5,6,2,3,2,3,2,4,5,3,4,3,4,1,8,2,4,2,1,1,5,6,4,4,4,9,1,4,5,5,1,1,5,3,5,4,1,4,2,4,1,1,5,1,2,5,7,3,4,7,2,2,3,4,2,3,2,4,1,6,2,0,3,7,6,7,3,2,5,7,7,1,3,3,9,4,5,5,3,4,4,4,3,2,1,3,6,3,6,4,3,5,4,1,1,5,1,6,4,7,6,5,7,6,1,6,4,3,2,5,4,0,5,2,2,2,2,4,3,4,2,3,5,7,4,2,3,2,3,6,4,2,2,5,2,3,5,4,3,1,3,6,2,3,1,3,7,3,1,6,3,4,2,4,3,2,2,5,4,2,2,0,1,3,2,3,7,0,5,3,9,5,3,3,4,4,4,4,3,2,2,2,6,1,3,3,5,5,2,10,5,9,3,2,4,4,1,3,5,3,3,2,6,1,6,7,1,2,6,5,5,2,4,5,3,4,7,2,5,3,4,1,5,3,4,2,2,0,3,2,1,6,8,5,7,4,5,8,2,6,4,6,1,7,4,4,1,3,3,1,5,3,1,3,2,1,4,2,7,3,3,5,5,1,1,2,9,1,2,4,3,1,5,4,3,2,5,6,2,2,3,7,3,5,5,4,5,5,6,2,2,4,5,5,0,1,3,2,5,4,3,8,3,4,3,3,6,6,4,4,4,4,5,2,1,3,1,3,1,6,2,5,9,5,4,4,5,8,4,4,3,2,7,3,5,5,1,3,5,2,1,2,6,6,5,4,2,4,2,2,3,2,1,5,5,4,5,4,5,3,4,3,4,4,5,1,3,3,5,2,4,4,4,7,4,2,6,6,1,5,1,3.637,7.36143418784916,0
6,3,6,2,3,2,2,1,2,7,3,4,4,2,7,4,4,5,5,4,5,3,4,2,3,5,2,5,2,5,2,2,1,5,6,1,0,2,2,7,3,1,5,2,1,2,6,3,4,4,0,5,6,2,3,2,1,1,5,6,7,7,4,5,3,4,3,4,3,7,1,3,4,4,8,2,5,2,6,4,1,4,1,3,2,2,2,3,1,3,2,4,6,3,5,8,6,2,3,4,2,2,5,8,3,2,6,6,5,7,1,3,1,6,4,3,1,2,7,3,8,3,4,7,4,1,2,7,4,5,8,4,2,4,2,3,3,5,5,3,3,2,3,6,0,4,5,4,5,1,4,6,4,3,2,8,2,4,2,4,4,4,5,3,2,6,4,2,4,2,6,5,5,3,4,5,3,3,2,1,4,1,4,2,3,8,2,4,6,4,3,2,5,4,3,5,2,2,7,2,4,2,3,3,0,3,4,3,6,4,6,2,6,0,5,2,2,3,5,3,2,3,3,1,3,2,3,3,1,2,7,3,2,5,1,5,3,4,0,5,3,1,3,6,5,3,1,3,3,3,5,2,2,4,0,4,3,2,2,4,5,1,5,4,4,1,0,2,3,6,5,10,4,1,5,1,2,2,3,2,3,2,4,3,6,5,3,2,6,5,4,8,5,1,3,5,4,6,3,3,3,3,5,3,4,5,2,5,7,7,1,3,4,3,4,5,0,5,2,3,4,4,0,0,1,3,1,4,2,3,4,3,1,7,3,4,4,3,2,5,2,1,8,2,4,4,6,2,3,4,2,5,1,5,2,4,2,2,1,5,2,4,2,5,2,1,6,1,5,6,5,4,4,4,2,7,2,3,1,3,9,2,1,2,5,5,4,5,5,6,1,4,1,2,5,0,1,4,4,3,3,0,2,5,1,4,2,6,5,5,4,2,5,5,3,4,1,2,8,3,7,2,2,3,5,4,4,2,1,4,6,1,3,4,3,1,3,4,5,3,4,6,0,3,4,2,2,5,5,4,3,5,2,2,3,2,4,3,3,5,4,6,3,7,1,3,2,4,5,2,4,4,2,4,1,3,2,6,1,3,4,4,4,4,2,4,1,3,5,4,5,6,2,3,5,4,3,4,4,2,2,3,3,6,3,3,2,7,2,3,6,2,3,3,1,1,4,3,1,1,4,6,6,6,4,6,3,4,8,0,3,2,1,3,3,1,3,4,4,3,6,3,2,5,1,0,2,4,3,2,2,6,6,1,4,1,3,5,3,7,0,5,4,4,7,2,9,4,1,5,5,1,2,2,2,3,8,4,3,2,5,1,3,4,4,3,5,6,5,6,9,3,4,4,4,4,4,2,9,4,3,6,7,4,5,7,2,7,3,4,7,4,7,3,6,5,7,3,2,4,4,3,7,2,0,2,3,3,4,4,6,3,2,3,7,7,1,6,4,6,3,4,5,0,8,0,1,5,3,1,6,1,7,4,6,2,2,3,6,2,2,4,3,4,3,2,2,3,6,4,5,3,4,5,5,1,2,2,6,2,5,6,3,6,7,4,4,7,4,3,1,3,0,8,4,5,3,2,1,3,1,4,8,5,5,3,4,4,3,2,4,6,0,1,6,7,4,9,3,4,7,7,3,2,1,8,4,3,5,3,0,2,2,2,3,4,3,6,1,2,3,4,4,2,1,3,3,4,5,1,2,8,6,4,3,3,2,3,2,4,6,6,5,3,4,3,3,3,2,4,1,4,4,0,3,2,4,4,4,3,2,5,6,5,6,0,5,4,6,3,2,5,3,5,2,1,5,0,0,4,4,6,2,4,2,8,4,6,7,6,4,4,3,5,5,1,2,2,4,3,3,4,4,3,4,5,4,2,6,4,5,1,2,3,3,3,2,4,2,6,4,5,1,5,4,2,6,1,5,6,3,4,0,1,3,5,4,3,2,1,5,1,8,2,4,2,7,4,6,4,5,3,7,3,1,2,4,5,2,4,3,2,4,2,2,6,1,1,5,9,4,6,2,4,3,6,5,2,3,5,1,3,4,4,5,4,5,1,3,3,4,2,4,2,0,5,2,5,2,2,3,2,2,5,1,4,1,4,1,3,3,2,7,4,6,3,3,6,2,1,1,4,4,5,3,5,3,5,3,5,4,7,3,4,8,4,5,4,2,8,1,3,2,2,4,1,4,4,3,3,2,1,2,8,4,3,4,2,4,3,4,3,3,1,5,1,6,6,8,6,1,7,4,4,6,3,4,5,3,3,3.571,7.24016159922689,0
2,4,5,3,5,3,3,3,2,3,1,3,2,4,4,7,4,1,2,4,2,3,1,5,1,4,4,1,4,1,8,3,3,5,3,2,7,4,3,5,4,4,3,6,5,4,3,1,3,5,2,5,6,6,2,3,4,2,4,3,3,4,5,2,6,2,3,2,5,4,1,4,3,3,3,5,5,6,5,5,2,1,3,4,2,2,7,2,1,5,3,6,5,4,5,4,3,3,2,2,2,2,4,4,3,3,4,1,3,6,6,5,7,2,2,3,4,1,3,2,8,1,2,2,5,2,4,2,0,5,1,2,3,3,2,3,1,4,1,3,2,4,5,2,3,5,2,6,3,8,3,2,3,3,3,4,2,3,6,5,6,4,3,7,2,6,3,4,5,1,2,4,4,3,4,5,3,3,4,3,7,2,2,5,5,1,4,3,4,1,1,3,8,4,4,0,3,3,1,6,0,8,2,3,2,5,4,4,5,2,6,2,6,3,2,4,6,7,1,4,7,4,1,2,3,4,2,7,3,2,4,2,4,3,3,3,2,8,3,4,2,4,4,4,2,4,3,1,2,4,2,8,5,2,4,6,6,3,2,5,3,4,3,4,3,5,1,4,3,1,3,4,3,3,5,0,3,6,3,3,2,3,4,1,3,6,4,8,2,2,5,3,4,11,3,3,3,3,1,1,2,6,2,4,10,2,3,1,3,0,5,5,7,5,5,4,5,3,1,4,2,3,5,1,4,3,5,3,2,5,3,4,7,7,2,3,5,6,3,4,2,2,5,3,4,3,4,1,1,5,3,6,4,3,4,2,3,8,3,5,3,5,5,4,3,2,3,1,4,3,7,1,4,1,1,2,4,5,3,7,2,4,2,3,2,9,7,6,7,5,1,4,2,2,4,8,6,3,4,5,5,0,8,3,7,1,3,2,4,4,4,11,1,4,3,3,3,4,3,5,3,5,5,6,5,6,0,3,3,5,8,3,0,4,5,5,1,1,0,3,5,3,1,3,2,4,2,5,3,2,0,3,5,1,6,1,2,2,1,4,6,2,5,3,6,6,4,3,6,2,4,5,3,5,3,1,4,3,3,1,4,6,5,4,5,3,2,5,7,2,3,2,2,6,1,5,5,7,4,8,11,1,4,6,2,4,5,8,4,7,6,5,6,6,3,2,1,2,4,2,3,5,3,0,1,5,5,5,3,2,5,5,4,4,4,4,9,6,3,3,1,3,2,4,4,3,1,5,2,5,3,4,3,5,2,2,0,4,6,6,2,1,5,1,8,1,2,2,3,4,6,7,2,3,4,2,2,2,5,4,3,2,2,4,3,3,3,4,3,2,6,6,2,4,5,1,5,3,3,1,2,2,3,7,7,7,4,9,5,5,6,6,3,6,3,2,4,3,0,2,7,3,5,1,7,4,1,5,5,3,0,3,2,5,4,6,5,3,4,1,5,11,4,4,5,3,5,7,2,5,3,1,1,2,5,5,4,2,3,5,2,1,7,2,3,4,4,6,7,5,2,3,5,3,6,2,2,4,4,3,7,3,3,5,2,2,4,5,2,3,1,2,3,4,1,3,3,4,5,0,4,3,1,6,5,8,5,3,3,1,3,4,5,3,3,2,3,8,9,4,2,2,4,4,2,1,4,5,2,4,2,6,2,0,1,2,4,3,2,2,3,4,2,8,4,3,5,4,3,2,4,0,2,4,3,7,3,6,3,1,3,2,6,5,5,5,2,4,3,3,0,4,2,1,5,3,6,1,9,4,4,0,3,7,4,4,2,6,4,7,4,1,6,3,7,3,4,5,6,8,4,3,4,3,4,2,5,5,2,3,4,2,6,1,4,5,4,1,3,3,7,4,2,1,4,3,2,3,1,3,5,2,3,8,3,2,2,3,5,5,5,6,2,1,2,4,1,1,4,3,1,6,8,1,3,2,3,1,6,5,3,3,7,6,7,2,8,7,2,5,7,2,1,3,3,2,3,4,1,2,6,4,7,2,6,5,5,2,2,5,2,3,6,10,4,5,3,1,2,6,3,7,3,4,4,1,6,5,7,3,1,4,5,4,1,1,10,5,5,4,5,5,1,3,1,2,3,5,4,1,5,3,7,10,5,3,4,4,2,2,5,2,3,3,4,9,3,3,3,7,8,3,2,4,3,3,5,4,3,4,3,2,6,0,0,1,2,6,2,1,5,4,2,4,2,3,5,8,6,3,3,3,4,4,11,3,1,6,2,6,1,4,4,4,3,7,1,5,1,2,3.645,7.47015670055278,0
5,1,2,7,3,5,3,3,7,7,3,3,4,3,0,5,1,4,2,2,3,4,4,5,3,2,2,3,4,2,1,2,5,5,7,1,1,2,4,2,7,1,7,3,3,4,7,7,9,6,3,3,5,1,4,3,4,5,6,5,4,7,3,3,4,3,4,0,6,0,3,4,1,3,5,1,3,4,6,2,5,4,2,5,2,4,5,5,3,4,8,3,2,5,6,3,6,3,1,2,6,4,7,0,2,2,4,3,1,9,3,5,4,4,5,8,1,5,7,6,3,3,6,4,2,3,3,1,2,5,4,4,3,3,4,4,3,4,2,4,1,2,3,2,2,3,7,3,4,5,3,6,1,3,0,3,3,3,3,2,5,6,2,8,1,5,2,7,2,2,2,4,1,4,4,2,3,1,5,4,7,4,3,4,4,3,4,2,7,3,6,4,3,4,4,4,1,5,3,2,1,1,3,5,2,3,4,2,6,5,4,5,8,3,6,1,3,4,3,2,2,8,5,6,6,7,3,4,1,3,1,3,2,5,1,4,2,7,4,4,4,6,4,1,5,8,4,5,8,4,2,6,4,6,2,4,6,0,2,3,2,9,2,3,6,4,1,5,1,1,5,2,2,5,3,0,2,1,2,6,4,3,3,2,6,5,1,3,1,3,2,3,3,1,8,6,3,4,4,3,4,2,2,5,3,2,1,3,5,2,8,4,3,2,6,6,4,2,7,4,1,2,3,5,4,4,5,4,7,5,6,2,3,5,3,3,5,2,3,8,5,4,5,2,3,2,5,6,4,4,3,3,4,3,6,2,4,4,2,4,3,4,0,2,2,4,3,4,3,6,3,0,5,2,3,4,3,6,2,5,5,7,5,2,0,1,1,0,6,6,2,6,6,1,2,5,3,1,4,3,1,2,3,3,5,2,4,4,5,3,6,6,2,4,2,3,3,1,3,6,1,4,5,5,5,7,2,5,3,3,4,5,4,3,2,3,4,4,5,3,4,1,1,1,4,3,6,1,2,4,3,3,1,6,1,1,0,3,8,2,5,5,5,3,2,2,2,5,5,5,6,4,6,6,3,4,3,8,2,3,5,3,1,4,2,7,2,5,5,2,3,3,3,2,5,3,6,4,2,5,7,4,3,4,6,4,2,3,4,3,6,6,3,7,3,2,4,2,1,3,3,8,6,3,2,6,5,1,1,3,2,2,3,3,6,4,3,5,3,2,2,5,2,6,2,1,4,3,2,1,1,3,5,4,2,3,2,0,4,3,6,2,1,1,5,4,4,3,3,8,3,1,5,4,1,7,3,5,1,1,1,8,6,3,2,5,4,5,6,1,5,5,4,4,2,1,5,2,11,4,3,4,3,6,1,4,9,8,6,4,2,2,3,4,2,3,7,4,3,3,4,2,7,2,3,7,6,1,3,3,4,5,1,3,2,2,6,4,5,8,1,5,2,3,2,2,4,1,3,1,3,4,2,3,3,3,1,1,6,2,2,2,2,2,3,5,4,3,5,3,3,4,2,1,1,1,2,4,3,5,6,2,6,3,5,4,5,4,5,1,2,0,1,4,3,3,7,9,1,2,2,2,1,2,2,3,3,4,2,3,1,4,7,3,3,10,2,2,4,2,2,1,2,2,3,2,2,3,2,4,2,2,2,1,3,6,4,7,5,2,3,4,4,3,4,2,2,4,1,2,6,3,2,1,5,3,4,6,4,3,4,3,2,4,3,3,5,3,3,5,1,4,0,0,4,4,6,2,5,3,3,3,4,3,4,3,3,3,7,3,5,2,4,1,3,1,1,3,3,2,1,7,5,3,6,2,4,4,5,6,8,2,6,3,4,2,3,6,1,4,6,7,1,3,2,3,4,3,3,4,0,2,4,2,4,2,5,6,3,1,4,1,3,3,7,3,3,2,4,5,3,7,5,5,3,3,3,6,3,5,2,2,4,2,6,8,4,2,3,1,2,5,3,5,3,3,3,1,1,2,3,2,3,2,3,6,7,3,2,5,1,4,2,5,4,4,7,3,1,3,3,3,4,3,4,4,4,1,2,4,3,4,5,6,4,10,3,5,2,1,3,2,2,4,2,3,7,6,1,1,8,3,3,2,4,7,3,2,4,1,2,3,0,4,3,1,7,5,4,2,5,1,2,1,2,3,0,1,6,4,0,2,6,4,1,4,4,4,6,2,2,3,5,4,2,4,4,4,2,3,6,4,2,6,10,3,2,1,6,2,2,5,4,11,5,2,4,2,5,6,3.523,7.21020230723165,0
1,1,5,5,4,4,2,0,3,1,3,9,4,6,4,0,2,5,4,2,4,6,6,1,3,5,6,1,3,2,4,2,2,2,3,5,4,5,2,5,2,3,0,3,1,2,1,2,4,7,1,2,2,2,6,1,3,6,6,6,4,5,4,2,9,8,2,3,4,4,3,4,6,4,2,4,3,2,4,5,10,1,7,3,5,0,4,0,1,4,4,7,1,3,6,1,6,0,5,1,3,2,4,6,1,3,2,2,2,4,5,4,3,1,3,3,3,5,3,5,5,2,3,5,4,2,4,6,1,2,3,2,3,0,3,5,4,0,1,1,4,2,6,7,3,2,2,7,4,2,2,4,4,2,6,7,2,5,1,2,6,1,1,3,1,4,1,3,5,1,3,3,5,7,5,3,4,1,1,2,1,2,2,2,4,2,2,3,3,2,2,2,4,5,3,4,4,6,3,2,2,6,3,5,2,3,5,4,0,5,5,5,3,3,3,1,2,4,5,2,1,2,4,7,0,2,3,5,3,3,4,1,4,1,6,4,0,3,10,6,3,3,2,3,1,4,1,5,3,3,4,3,3,2,4,3,1,2,2,1,1,5,4,4,2,3,0,4,3,4,1,3,5,4,1,3,4,3,4,1,1,4,8,3,1,2,2,2,2,3,5,4,5,2,2,7,2,5,2,6,6,2,2,5,4,5,1,5,4,3,5,5,4,8,4,2,3,8,2,4,3,5,1,3,4,2,3,5,4,5,3,6,3,7,0,0,4,4,4,5,0,4,2,4,3,1,7,3,5,2,1,2,1,3,2,6,4,4,3,3,4,3,2,2,0,2,1,1,4,2,2,0,2,1,4,5,1,3,4,3,1,5,2,3,2,4,0,4,6,6,6,2,2,2,0,1,2,3,0,6,0,6,2,3,1,4,1,2,1,1,4,2,7,2,3,2,1,4,2,2,4,3,2,5,3,1,2,0,5,3,5,3,2,3,4,3,7,1,3,2,1,2,2,2,1,3,5,4,6,1,4,1,4,7,4,5,3,3,8,4,5,2,1,2,5,0,6,2,5,0,2,3,2,6,1,2,2,5,4,5,4,0,3,2,4,2,5,8,7,5,1,1,2,4,4,2,1,3,4,5,4,3,3,6,2,4,5,5,0,5,3,5,5,2,5,3,2,1,2,5,4,3,8,6,4,7,6,11,3,5,6,2,1,3,4,6,1,2,2,1,4,3,7,5,1,3,5,3,3,3,4,3,2,2,1,1,5,6,1,5,2,5,1,5,4,1,3,1,4,5,3,2,2,6,3,3,3,4,2,2,2,4,4,2,5,6,4,2,7,7,3,3,4,3,4,1,4,1,4,3,2,4,1,5,6,4,2,3,7,4,3,2,6,3,6,1,4,7,4,4,4,2,2,3,7,2,3,3,3,3,1,2,2,2,2,4,3,1,3,5,2,4,3,4,2,3,8,2,1,5,2,5,1,2,2,1,2,3,5,1,2,3,2,3,5,3,3,4,0,2,1,3,3,2,0,3,4,1,1,2,3,5,6,2,1,2,3,3,4,6,6,3,7,7,3,6,4,3,6,1,4,3,2,0,6,2,3,3,3,1,5,2,4,2,1,5,0,1,4,3,2,1,2,3,2,3,1,2,1,7,1,4,2,4,6,4,5,4,8,5,6,4,6,3,1,2,9,1,8,6,3,2,3,4,9,2,2,1,3,5,3,3,2,5,3,3,4,3,8,3,5,5,6,5,3,4,3,4,2,3,2,3,1,3,4,3,6,1,4,3,5,0,3,4,4,2,1,4,6,3,0,2,6,3,3,3,4,4,5,5,4,3,0,3,5,8,1,3,3,4,0,1,5,3,1,3,0,3,0,5,2,3,1,2,7,5,6,1,7,5,2,2,3,5,3,3,3,4,4,9,3,6,5,3,3,4,7,3,1,3,1,4,4,5,3,1,6,4,4,3,4,3,5,4,1,2,3,2,1,6,1,4,3,0,3,3,1,3,2,2,1,3,4,2,2,5,6,2,2,8,3,2,2,2,3,3,2,4,1,6,4,2,2,4,5,0,6,2,4,3,4,3,2,2,1,2,9,5,2,2,5,1,4,6,8,5,6,5,3,5,2,2,7,5,2,1,2,5,4,3,1,1,1,1,2,3,4,7,2,4,3,1,5,6,2,4,4,5,5,5,2,0,4,2,7,4,0,3,2,2,5,4,4,1,3,0,0,6,2,2,4,4,3,5,5,6,1,4,4,5,3.278,6.96480858509675,0
4,4,4,2,0,3,3,3,2,3,5,2,3,1,5,3,2,6,2,4,2,4,1,7,3,5,4,1,1,2,3,2,2,0,2,8,4,3,1,2,2,1,2,4,10,1,3,6,2,4,8,2,5,3,2,3,4,3,2,3,2,4,1,7,2,5,3,5,4,6,3,1,1,4,1,2,1,1,5,5,2,4,5,3,4,2,4,3,2,0,5,1,1,5,2,2,5,3,0,5,4,5,5,7,1,2,7,1,3,4,3,3,2,4,2,1,2,2,5,3,4,3,5,2,4,3,1,2,3,4,0,3,2,7,5,5,1,3,3,7,1,4,4,2,2,5,1,4,4,3,2,4,3,4,1,3,6,5,3,6,4,3,1,3,6,2,3,5,3,2,3,1,1,2,1,2,1,3,1,1,1,3,2,4,4,3,5,4,9,1,3,4,2,0,4,4,4,2,8,3,3,7,3,1,3,8,2,5,6,3,5,2,3,4,4,1,3,4,2,4,4,1,4,5,4,3,6,4,2,2,3,3,2,3,1,3,2,2,1,6,7,0,1,1,2,2,1,4,4,1,5,1,3,1,3,2,2,3,2,2,5,5,3,2,1,4,5,4,0,6,6,4,4,2,2,3,1,2,5,4,4,1,2,0,3,6,4,4,3,6,2,3,1,4,3,0,2,5,3,2,4,4,1,4,4,3,0,2,3,2,4,10,0,4,0,4,2,1,2,0,8,0,4,1,1,3,3,1,4,2,1,5,2,2,4,3,5,1,2,2,5,2,3,1,1,3,2,4,5,4,8,2,2,3,7,5,2,6,5,2,6,5,4,2,7,1,5,7,2,6,3,3,0,2,1,3,2,3,4,1,6,2,2,2,2,6,3,3,3,3,2,4,2,4,8,1,1,1,5,7,4,3,10,2,2,2,6,1,2,3,1,3,3,2,4,4,4,2,2,6,1,1,6,3,2,2,1,3,6,1,4,6,1,5,1,1,2,3,2,2,3,2,3,4,7,2,0,1,1,4,4,2,2,3,2,2,2,3,7,2,3,3,3,2,4,4,8,4,4,1,4,1,2,4,3,3,5,3,5,1,2,3,2,1,0,3,0,5,2,3,3,2,3,2,5,1,1,6,2,3,4,4,4,4,2,4,1,3,3,3,1,1,2,2,0,0,6,5,6,1,2,4,5,4,4,3,1,3,2,2,2,2,6,7,2,3,3,2,3,3,4,2,2,3,1,4,5,7,7,4,6,3,3,3,2,8,5,3,4,3,4,4,4,6,4,1,6,1,4,6,1,7,3,5,5,1,4,4,1,2,5,4,5,10,3,4,4,3,3,3,6,3,1,1,1,1,5,1,1,2,3,3,3,3,2,3,5,6,6,3,3,2,2,4,2,1,5,3,1,4,3,2,1,4,2,3,6,6,0,6,5,2,0,6,2,4,5,4,4,1,3,2,4,4,3,2,6,4,4,3,4,3,2,3,5,3,4,7,2,4,2,7,2,6,6,7,2,3,3,2,6,4,4,2,4,4,2,1,4,1,5,4,2,4,1,1,7,1,5,0,5,1,5,3,4,2,4,6,4,6,3,3,4,6,5,4,3,2,0,5,7,2,1,2,4,2,4,4,3,2,6,3,3,3,1,6,5,1,1,2,2,8,5,4,6,3,4,3,3,5,6,10,4,5,2,3,3,1,2,4,4,5,8,4,1,3,5,2,6,3,2,1,6,6,3,5,5,5,5,4,2,5,3,5,4,3,2,6,2,2,3,4,1,3,2,3,3,5,2,4,5,3,2,3,4,5,3,5,2,6,2,5,5,3,3,3,2,2,5,4,3,3,5,4,4,1,1,4,2,5,7,5,4,2,2,2,5,4,2,2,4,2,2,3,4,5,0,4,5,3,0,1,1,3,7,6,3,2,5,4,1,3,3,5,2,3,3,2,5,2,3,3,4,2,2,7,1,5,2,4,3,0,2,3,3,4,5,2,6,3,5,3,2,2,10,4,4,2,1,4,5,1,4,5,2,5,4,4,1,2,5,4,3,5,2,4,2,4,4,2,2,2,3,2,3,4,3,4,4,3,4,7,1,4,4,3,2,1,1,1,2,3,1,2,3,5,4,3,5,1,3,2,3,4,1,2,3,8,4,2,7,2,0,2,2,2,0,3,3,4,2,3,2,2,7,3,4,3,5,5,4,6,5,4,4,3,3,4,3,6,4,3,6,2,2,7,4,5,5,2,1,7,3,2,2,3,4,2,4,3,3.241,6.7701764360424,0
5,2,2,2,3,4,4,4,3,5,5,2,2,2,3,4,5,1,1,4,2,3,2,1,1,3,1,2,5,2,1,2,2,3,2,2,5,4,4,5,3,2,4,2,3,2,2,0,3,4,9,1,5,2,4,4,4,3,1,6,3,3,2,1,1,3,4,2,3,0,4,2,3,2,9,4,6,0,5,4,3,3,4,2,1,4,2,4,1,6,2,2,2,2,7,2,2,4,3,3,5,3,2,5,6,1,5,1,3,3,1,4,3,2,0,4,1,2,6,4,4,1,2,2,2,4,6,0,4,6,3,4,4,3,2,3,2,2,6,2,4,2,7,8,2,3,2,4,5,2,5,3,6,5,4,6,2,6,5,5,3,4,1,1,3,5,6,3,1,3,3,5,2,1,0,4,5,3,2,5,5,0,1,5,2,0,5,3,2,3,2,3,6,4,6,4,3,3,4,5,4,2,4,3,6,4,2,0,5,4,3,4,5,3,2,2,3,2,1,3,2,1,4,0,3,2,3,1,6,1,1,6,3,3,2,4,3,2,2,5,2,1,7,2,5,2,2,4,2,2,3,2,4,6,1,5,1,5,2,1,3,2,3,4,4,5,3,7,1,2,3,4,3,4,8,2,2,3,2,5,3,4,5,5,1,1,4,2,4,2,5,0,2,3,1,3,6,1,4,6,3,6,2,2,8,1,0,3,2,5,4,3,4,3,4,4,6,2,7,5,2,6,4,3,3,3,1,3,4,8,1,1,4,4,2,3,4,3,3,2,2,5,1,6,1,2,2,6,4,2,3,2,3,5,3,5,2,5,5,2,1,3,3,2,5,0,4,4,3,6,5,1,2,0,4,3,4,4,4,1,2,5,5,1,4,3,3,2,2,3,3,5,4,3,5,0,2,2,1,4,3,2,4,1,3,3,0,4,6,6,0,5,5,1,1,5,5,1,2,2,1,3,2,1,1,0,2,5,4,1,2,6,2,1,2,0,3,5,6,6,7,0,1,2,2,2,2,0,3,1,0,4,4,2,1,2,4,4,2,2,3,6,2,3,2,2,5,3,7,1,4,1,2,4,3,1,3,1,0,1,5,4,4,1,6,3,3,5,2,5,5,2,3,3,4,1,4,3,3,4,3,1,3,5,3,1,0,5,6,2,3,1,3,3,4,2,2,6,0,4,4,1,4,5,3,1,5,3,0,3,4,1,3,5,4,6,4,5,3,5,7,9,4,2,1,2,3,2,2,1,6,5,4,3,2,5,2,1,3,4,0,2,2,2,8,3,2,0,7,5,0,1,7,2,0,4,5,4,1,7,1,4,5,3,2,4,3,2,4,2,5,3,1,2,3,2,4,2,1,2,3,1,7,1,4,6,4,1,7,2,3,2,4,3,4,3,1,2,3,1,5,3,4,0,3,1,7,2,0,4,2,4,4,1,3,6,1,4,1,3,4,1,2,0,4,2,2,1,3,4,3,4,3,2,2,3,2,1,7,4,2,2,3,2,0,0,3,3,3,4,2,5,5,3,6,0,1,6,2,5,3,2,4,1,3,4,4,4,3,3,1,4,3,1,3,1,2,5,4,3,0,3,3,3,5,1,2,4,3,5,3,2,5,3,0,1,3,3,1,4,3,3,2,3,3,2,2,4,5,2,2,6,4,2,4,4,5,1,1,5,0,2,1,3,3,3,2,3,1,1,4,3,0,2,4,2,2,4,4,4,2,4,8,2,2,2,1,2,3,2,1,2,4,7,0,3,5,3,2,2,3,6,4,5,3,3,2,3,2,3,3,7,1,3,2,4,3,3,3,2,4,3,5,4,0,1,5,1,2,4,2,2,3,4,5,5,6,3,6,4,2,1,2,1,5,2,4,5,4,2,3,2,4,5,4,3,2,4,4,7,1,4,1,3,1,3,1,3,1,1,3,4,0,5,5,4,5,5,8,2,2,0,7,3,4,3,2,2,2,4,5,6,1,2,1,2,3,2,2,4,1,0,3,5,2,2,6,0,2,4,4,4,5,5,1,0,4,1,2,0,3,3,3,5,1,3,3,4,6,3,3,4,3,1,3,2,7,2,4,2,4,6,4,0,2,1,2,5,3,2,6,2,4,3,2,6,1,3,2,4,6,5,4,4,3,0,1,1,4,6,5,3,3,2,4,2,1,4,4,5,0,1,4,2,2,5,1,5,2,3,5,3,3,7,4,6,3,1,3,3,3,2,4,5,3,2,3,1,5,3,1,2,4,5,5,6,3,4,3,1,3.056,6.43370834384143,0
2,4,4,2,8,1,1,3,3,4,4,3,5,3,1,4,2,4,2,5,4,0,1,2,2,4,4,6,2,2,2,2,3,4,5,2,8,2,2,2,7,2,4,3,5,1,3,5,2,1,3,4,5,2,2,2,2,3,2,5,3,0,5,3,2,4,4,2,3,0,3,3,7,2,5,3,4,1,6,1,5,0,2,3,4,2,1,2,0,2,5,3,3,4,6,5,2,5,4,5,4,2,4,3,3,3,3,4,3,1,3,2,2,1,2,2,3,2,3,3,2,2,6,3,6,3,5,6,4,4,4,4,6,3,1,2,5,2,3,6,3,2,2,4,4,3,2,5,3,2,2,6,2,2,3,4,1,4,4,0,3,4,6,1,5,2,6,4,4,1,0,1,5,2,3,2,4,1,1,0,5,5,2,3,2,1,6,3,3,2,1,2,3,1,1,7,5,3,2,4,5,4,2,4,4,1,4,1,2,3,2,2,3,6,3,10,2,8,2,5,2,4,7,2,3,2,7,3,7,3,3,2,2,2,5,3,5,5,4,2,1,6,3,2,1,1,3,5,2,3,2,6,2,2,3,0,1,2,3,5,1,4,0,3,3,2,5,4,0,1,4,4,3,4,2,3,8,2,3,2,0,3,4,3,4,2,2,2,1,2,3,4,7,2,3,2,3,6,4,4,1,4,2,1,2,3,0,6,4,6,5,4,4,4,6,4,5,2,0,2,0,1,3,2,4,4,6,6,4,5,3,3,4,4,3,4,2,2,4,1,3,2,1,2,3,2,1,3,1,4,1,6,4,1,1,0,5,4,9,1,3,4,1,1,6,1,5,3,4,5,2,0,3,4,3,6,0,1,8,2,4,4,5,2,0,2,5,2,1,2,3,2,4,3,1,3,3,1,2,5,2,3,3,3,3,2,4,4,4,7,4,4,3,5,2,2,6,3,7,3,7,7,3,4,4,4,0,1,2,3,2,3,2,0,4,2,4,3,3,0,3,2,0,2,4,0,2,2,4,2,4,3,4,3,3,3,3,1,2,1,4,3,4,2,4,4,2,1,6,3,2,3,4,9,5,3,5,3,1,4,5,2,4,0,0,4,1,7,2,2,6,7,3,0,2,5,2,2,4,1,4,3,5,3,4,4,4,2,2,2,3,2,5,4,2,2,2,4,3,2,5,3,2,3,1,3,6,5,4,4,5,4,4,3,3,4,6,3,2,3,4,6,1,2,3,3,5,5,2,2,4,3,4,1,2,6,5,2,2,3,5,3,3,4,2,1,2,0,2,7,4,5,4,2,6,2,5,0,3,5,2,2,2,2,4,3,4,2,1,5,7,1,2,1,3,2,1,3,4,1,2,0,1,5,3,3,1,2,4,3,3,10,5,2,1,0,8,4,2,1,2,3,6,4,2,3,2,0,0,1,3,1,1,8,4,3,2,2,2,4,1,1,5,1,4,1,2,6,1,2,0,3,4,4,2,5,4,3,6,8,4,5,2,4,1,3,2,6,9,2,4,2,2,4,6,3,3,6,4,4,3,0,3,1,3,2,6,1,4,1,3,5,3,2,1,4,2,2,1,2,3,2,5,2,5,0,2,5,8,1,5,1,6,4,2,1,2,2,4,2,4,6,3,3,5,1,1,5,0,1,2,1,2,3,6,8,2,2,0,1,4,2,6,2,1,3,4,3,5,7,5,2,2,8,1,1,5,2,2,0,3,1,4,2,3,2,6,3,5,5,5,0,5,4,3,0,7,2,2,4,5,3,1,5,6,1,5,4,2,5,4,3,2,3,3,2,5,2,3,5,2,1,3,6,2,3,2,5,4,1,2,1,3,6,4,3,0,3,3,2,3,3,4,1,1,4,2,4,3,6,4,3,4,1,5,5,1,5,1,2,2,3,1,3,1,2,2,4,3,3,1,2,4,1,0,3,4,2,1,2,2,2,1,2,4,2,5,3,6,2,1,5,3,3,2,2,3,2,1,2,2,5,2,3,3,3,5,6,3,3,5,0,3,1,3,0,2,4,1,2,3,4,1,4,1,4,3,2,4,2,3,6,6,2,2,0,5,3,3,4,3,3,1,2,4,2,4,7,2,3,2,3,5,4,2,3,6,1,4,7,1,4,5,2,3,2,3,3,2,2,4,1,1,2,2,3,3,2,6,7,4,2,4,2,3,6,6,2,1,5,2,1,3,0,4,3,2,4,2,3,2,0,1,3,5,1,1,2,4,3,3,2,1,2,1,3,4,6,4,5,3.051,6.48825802655854,0
3,3,3,6,3,0,2,3,3,3,1,3,2,1,2,2,3,6,1,3,2,6,3,4,5,5,5,1,2,4,3,1,1,4,2,4,1,2,1,2,5,3,2,4,4,6,1,3,2,3,6,1,3,4,1,2,0,1,4,4,3,1,2,4,4,5,1,3,4,1,1,6,4,5,2,1,2,2,1,3,1,3,1,2,3,4,2,2,4,1,3,2,1,1,2,3,7,2,1,2,1,2,6,6,2,4,4,0,1,0,4,2,3,0,2,1,1,7,3,3,4,1,3,1,6,2,1,3,4,6,3,3,2,2,4,4,1,2,0,4,8,4,2,3,1,5,4,2,5,2,5,4,5,6,2,5,2,6,4,1,2,5,3,1,4,5,2,4,9,3,3,4,2,5,3,3,5,7,6,2,1,6,5,2,2,1,6,2,5,4,3,5,3,3,5,2,1,7,4,2,6,4,4,2,2,3,5,6,1,4,3,6,6,3,7,2,3,2,2,2,4,3,3,1,3,3,6,1,3,3,4,4,6,2,1,2,5,1,2,0,2,3,7,2,1,3,2,3,1,2,4,2,1,3,3,3,6,2,3,3,3,3,4,6,3,5,6,4,3,4,2,2,0,5,3,3,2,3,4,1,6,4,2,5,7,3,2,3,3,7,4,3,3,0,6,3,1,2,3,4,2,6,0,3,3,6,6,3,3,5,4,7,2,2,0,2,4,5,3,9,2,5,2,4,3,2,2,3,5,6,2,2,3,3,1,3,5,5,1,4,3,2,1,6,3,2,1,3,1,1,4,0,0,4,7,2,1,3,6,7,3,2,3,3,0,4,3,4,2,0,4,4,3,4,7,2,6,3,2,0,5,2,7,2,2,1,3,5,1,2,2,2,1,1,6,4,3,2,2,2,5,5,5,1,2,5,4,6,2,1,2,1,2,4,1,7,3,1,5,3,2,1,3,3,2,2,2,2,2,1,3,4,3,3,3,5,2,2,6,1,3,3,2,4,3,1,3,5,1,3,7,4,2,2,2,2,6,5,2,5,4,1,2,3,2,1,3,1,2,3,3,0,1,1,5,2,3,2,3,2,3,5,4,4,3,3,3,3,4,4,2,2,3,4,2,3,3,1,5,3,4,4,3,4,2,3,4,4,1,2,3,2,5,5,1,0,2,1,4,1,2,0,5,6,2,3,4,4,3,1,0,0,4,4,5,2,1,3,5,1,2,1,4,3,1,2,1,1,1,4,2,1,7,3,0,4,6,2,3,6,3,1,1,2,6,4,4,3,1,5,1,5,3,8,2,3,3,2,4,4,2,5,4,1,3,2,2,0,5,2,4,3,3,5,4,1,2,2,1,2,1,3,4,2,2,0,1,3,6,5,5,1,4,2,4,2,3,5,4,1,0,3,4,0,5,3,9,4,4,1,3,3,3,3,4,3,3,4,4,1,4,1,2,5,1,7,3,4,2,3,2,2,3,4,3,4,4,3,2,2,2,1,3,0,5,2,5,0,4,4,3,3,6,3,1,5,3,5,2,6,3,3,1,4,3,4,3,2,2,1,2,1,4,6,5,3,6,2,3,1,3,2,4,3,5,2,3,3,3,4,4,5,4,1,3,8,3,1,3,1,3,2,1,7,3,3,1,6,3,2,3,1,4,4,5,1,8,2,5,7,2,1,3,3,3,3,4,1,0,3,4,0,3,2,3,5,3,4,2,2,1,3,1,7,2,5,2,3,6,0,6,1,2,5,1,1,3,3,2,2,1,4,1,3,2,4,4,3,1,7,4,1,3,2,6,4,2,2,0,1,3,2,4,0,4,3,3,2,3,5,1,4,1,1,3,6,3,4,5,2,4,1,1,2,2,4,5,1,5,4,2,3,7,5,2,2,8,1,4,0,1,0,6,0,1,2,3,3,2,4,4,3,3,2,6,4,2,4,1,2,0,3,0,3,0,0,6,4,5,6,5,5,2,3,0,2,2,2,0,3,1,4,6,0,1,1,0,5,5,3,0,5,3,4,1,3,5,2,6,1,1,1,3,6,5,1,2,2,5,2,2,4,2,4,5,7,1,3,7,1,4,5,2,5,2,3,3,3,4,2,5,1,2,3,2,3,2,4,3,5,4,4,1,1,2,1,3,2,1,5,1,5,2,2,4,4,1,0,5,1,3,4,2,3,6,6,4,4,4,2,5,6,1,2,1,3,0,1,4,5,5,5,2,2,4,2,3,2,6,2,1,1,3,6,4,2,3,2,4,5,2.998,6.40356134604586,0
5,2,3,0,1,2,2,2,1,6,3,2,5,2,0,3,3,3,3,2,2,3,1,0,3,3,0,1,7,2,3,2,4,2,6,4,4,2,1,2,7,3,4,5,1,1,2,4,2,5,2,1,1,0,4,1,3,3,2,4,4,1,5,2,3,2,1,2,6,4,7,4,3,2,1,3,4,1,3,2,4,3,2,1,2,3,7,1,3,5,2,9,1,3,6,3,1,5,2,6,4,6,4,2,3,3,7,4,1,4,3,3,3,3,3,5,3,4,2,4,2,4,2,2,1,4,5,2,3,0,3,2,1,2,3,2,4,3,1,1,4,4,4,7,9,0,3,3,4,2,2,3,4,3,3,3,7,2,2,4,3,2,4,4,1,1,5,4,6,2,2,2,7,2,4,4,2,6,5,5,3,2,1,4,3,5,3,6,2,5,3,7,4,4,0,5,1,5,2,2,4,2,4,4,2,1,4,5,6,1,5,1,1,3,2,0,2,1,1,2,3,3,2,2,2,2,0,4,1,5,3,1,3,2,0,2,2,1,0,5,5,3,7,3,3,3,5,2,3,3,4,1,3,6,6,5,3,6,5,1,4,4,2,1,1,2,3,4,5,1,5,3,2,2,3,1,3,4,4,5,1,4,1,0,4,1,4,3,0,5,0,0,3,3,0,4,0,3,4,3,2,1,3,0,4,0,3,4,2,3,0,2,5,3,1,1,1,4,2,2,3,3,4,2,6,2,2,2,5,4,3,3,2,1,5,4,3,2,3,3,2,1,3,2,4,7,3,3,4,5,5,3,6,3,2,7,2,3,4,4,2,2,3,2,3,4,5,4,7,6,6,4,2,3,4,4,4,1,0,3,1,10,3,3,2,2,2,4,5,1,2,2,4,5,2,5,0,3,2,2,0,4,4,3,3,4,2,3,4,3,7,4,2,3,1,1,2,2,3,5,2,0,6,4,6,3,1,3,2,2,1,4,2,2,1,4,2,4,3,1,1,2,2,1,3,2,3,2,4,1,3,4,2,4,4,5,5,3,4,4,4,0,4,4,3,3,2,1,3,1,1,1,5,0,3,4,6,1,1,2,3,4,5,5,4,1,3,5,2,2,4,5,3,7,2,1,3,3,4,2,3,3,2,3,1,2,3,2,0,4,3,7,2,3,5,2,4,8,5,5,1,5,6,1,0,4,2,2,3,4,4,3,0,4,4,3,5,3,2,3,1,1,1,3,2,5,2,4,1,4,8,3,1,3,1,4,3,4,1,2,2,5,4,5,5,5,0,3,6,1,4,3,1,2,0,2,1,7,2,4,2,4,4,2,2,3,1,3,4,1,2,5,1,1,2,4,0,6,3,1,0,3,2,3,3,3,0,1,5,1,4,3,2,0,3,4,4,3,3,2,3,3,0,5,2,2,5,4,1,4,3,4,5,4,4,3,2,4,5,2,3,2,3,2,6,5,2,5,0,0,4,2,2,4,2,1,1,2,1,5,6,3,3,2,3,3,2,4,3,3,2,4,3,5,4,3,5,1,6,6,2,2,1,4,4,1,3,3,7,2,2,3,6,2,4,3,4,3,5,2,4,8,3,7,2,3,4,5,2,1,4,3,5,3,1,2,1,5,1,3,3,5,2,4,1,2,2,0,3,4,1,5,1,3,3,5,1,1,6,3,3,2,2,3,3,4,5,4,9,1,2,1,1,3,2,4,6,5,2,3,3,2,1,4,4,1,7,5,2,2,5,4,4,2,2,5,5,2,1,4,7,2,3,3,3,3,3,2,4,5,5,5,3,2,2,4,0,5,3,1,4,4,5,5,2,1,3,3,2,2,0,4,2,3,2,2,3,3,0,6,3,4,1,2,5,3,0,2,1,1,2,5,5,1,2,3,3,2,2,0,2,4,6,4,5,7,5,2,2,3,2,3,4,2,4,3,7,0,1,1,1,1,0,7,1,5,5,4,3,4,1,5,4,1,3,3,7,7,1,2,0,2,2,2,5,3,6,1,2,6,5,5,5,3,4,3,5,5,2,2,6,4,5,7,2,4,2,1,2,5,2,1,4,3,3,3,5,5,6,1,0,5,6,3,3,3,3,4,2,2,2,5,5,5,6,5,7,1,2,1,6,6,4,3,1,2,6,2,3,4,2,0,2,6,3,0,4,4,5,3,2,2,2,4,1,2,4,3,3,4,0,4,1,3,5,2,2,3,7,4,7,3,3,4,3,5,6,1,2,0,4,2,7,2,2,3,2,1,4,2,3.025,6.41266161994542,0
10,5,3,3,1,1,1,1,5,7,4,2,0,5,5,1,2,4,4,5,3,2,3,5,2,4,5,4,1,1,6,1,2,2,1,5,6,1,2,1,2,3,3,1,4,1,6,4,2,5,1,4,1,5,4,2,3,5,2,3,5,2,3,6,3,4,6,2,3,6,2,2,3,0,0,3,2,4,3,3,3,4,0,0,2,1,5,1,3,2,4,1,3,8,2,3,6,4,2,5,0,6,2,1,1,3,3,0,1,1,1,4,3,5,4,4,2,0,3,6,4,3,2,3,3,6,5,1,5,2,2,3,5,3,3,3,2,2,2,6,6,2,4,3,3,1,4,4,3,1,3,6,2,1,1,6,4,1,1,2,3,3,7,1,2,3,1,6,5,3,6,5,2,1,1,5,3,1,3,4,5,1,3,3,3,9,3,4,4,2,4,5,3,3,3,5,3,6,4,3,6,2,5,3,3,6,5,4,2,6,5,1,5,0,3,4,3,3,5,2,0,1,5,0,1,2,3,3,2,4,2,1,5,2,2,7,3,5,1,2,4,2,1,1,6,2,3,1,2,6,3,2,1,1,3,3,1,4,3,3,3,6,3,0,1,1,5,2,2,2,3,6,4,1,7,5,5,4,3,3,4,0,3,2,6,5,2,3,3,3,6,5,3,3,1,0,3,6,0,5,3,4,5,0,0,2,4,2,0,1,1,8,4,1,5,4,2,2,6,3,4,3,4,1,3,2,2,4,6,4,3,4,2,2,6,11,2,5,7,1,3,4,6,3,2,2,0,5,5,4,4,3,0,1,2,4,5,3,7,6,1,3,8,4,4,2,2,3,6,1,4,3,2,5,3,1,4,4,3,4,5,5,6,2,5,2,2,2,4,2,3,3,1,2,5,0,5,4,2,2,5,7,3,1,3,1,4,1,4,2,1,1,3,3,3,3,4,3,4,3,4,4,2,2,3,4,1,6,4,0,5,3,3,2,3,4,6,2,1,1,6,3,3,1,1,9,6,3,7,6,3,3,2,0,1,4,3,6,4,4,2,1,2,4,4,1,2,4,4,2,2,4,5,2,4,10,1,1,4,2,5,4,3,2,4,1,0,3,4,5,6,1,5,5,3,4,4,2,2,5,2,3,5,4,3,4,3,1,1,3,3,2,3,4,3,5,1,4,3,4,6,4,3,3,3,2,2,1,2,4,6,1,7,1,3,4,6,3,3,0,1,3,4,2,2,3,1,6,1,4,0,3,6,4,1,3,3,2,1,5,5,1,4,3,2,2,3,4,6,3,4,4,3,2,3,1,0,6,5,1,4,2,5,1,1,5,2,3,2,1,1,6,2,2,3,3,3,0,1,1,2,3,4,4,5,6,6,1,5,2,3,4,8,3,1,4,4,2,2,6,1,3,1,3,3,0,3,3,2,4,4,2,3,6,2,5,2,5,1,6,3,4,3,1,0,5,5,2,4,3,0,3,1,1,5,3,1,7,4,7,1,4,2,3,0,4,1,2,3,4,1,4,3,1,3,3,2,4,1,3,6,3,4,2,3,6,5,5,1,5,2,3,1,5,4,1,2,2,6,5,7,2,2,2,1,3,4,4,4,1,3,5,3,2,5,2,2,3,3,0,2,0,2,1,0,2,1,5,1,4,1,3,5,4,4,3,3,3,3,6,7,3,1,0,1,0,5,3,3,2,5,6,1,0,4,2,3,6,3,5,3,4,6,1,3,1,2,5,5,3,4,1,4,5,2,8,2,3,2,0,4,2,6,2,1,2,5,3,4,1,2,5,2,1,1,2,2,4,4,2,6,2,3,4,3,0,3,0,4,4,4,4,0,4,3,4,6,2,6,3,2,2,1,2,3,3,2,1,3,3,1,5,0,5,1,5,0,3,2,6,4,3,3,4,7,4,3,2,0,3,4,5,4,2,1,1,2,3,6,2,4,5,4,2,5,1,4,1,7,3,4,2,1,3,2,3,2,7,4,4,9,5,6,1,1,2,2,4,2,3,3,2,4,1,3,4,3,3,3,2,3,3,4,0,1,5,1,3,4,1,3,4,4,5,3,1,4,1,4,2,1,0,6,3,1,7,5,1,2,2,2,3,4,4,5,4,1,1,2,5,6,1,0,2,4,4,1,2,5,1,4,2,3,4,1,4,3,1,1,0,5,5,5,4,2,4,3,6,6,2,2,0,3,4,1,2,3,2,4,0,3,6,3,5,2,3,4,1,3,4,1,1,2,2,4,0,5,2,2,3,3.069,6.58798471093522,0
2,2,1,2,4,2,5,1,4,2,3,3,3,1,4,6,2,5,3,2,4,4,0,3,2,6,4,1,3,5,7,2,5,2,7,7,1,3,6,6,3,2,1,4,1,4,6,1,6,4,4,7,4,3,7,3,0,2,7,5,4,5,5,3,1,6,3,2,4,2,4,2,0,4,4,0,5,5,1,3,2,2,1,1,4,3,2,5,1,2,3,4,3,1,0,4,1,4,2,2,5,2,4,3,3,4,2,1,0,3,0,0,5,3,5,2,4,3,2,3,4,4,4,6,3,4,1,3,2,1,3,1,3,3,5,4,3,3,7,5,1,2,3,2,5,4,3,0,3,2,5,5,2,2,3,3,2,2,7,1,3,3,2,3,2,5,7,1,0,5,5,2,4,5,1,0,4,2,2,5,1,3,4,1,1,4,1,4,4,3,2,4,6,1,4,2,8,2,3,0,7,5,3,5,6,3,0,1,5,2,3,1,5,4,0,5,7,0,6,2,4,0,4,3,5,5,3,5,1,2,4,2,1,1,1,4,1,4,3,4,3,1,3,5,2,2,4,3,2,1,2,2,7,3,4,5,2,3,7,3,3,1,2,2,2,4,1,2,7,4,1,3,2,3,6,3,0,4,2,1,2,3,4,1,7,2,4,7,1,4,2,5,4,1,5,2,2,3,3,2,5,5,5,3,4,4,6,2,3,1,2,8,3,4,1,2,4,6,4,2,4,1,0,2,3,5,2,1,1,5,4,4,5,1,4,2,5,3,2,4,3,1,5,3,0,4,1,3,3,2,3,2,1,0,1,5,2,2,5,1,1,3,1,3,2,2,2,5,1,3,7,1,3,1,2,4,1,1,6,2,1,5,4,6,2,1,4,2,3,5,3,2,4,2,3,2,5,0,5,1,2,3,0,0,2,1,1,4,4,5,2,4,4,7,4,3,4,3,1,1,0,3,4,2,1,1,2,1,4,3,3,3,0,5,4,3,5,5,6,5,4,3,4,4,2,0,1,4,2,3,3,5,2,3,6,2,2,3,5,4,4,5,1,2,0,2,7,2,3,3,2,2,2,4,2,2,3,6,2,6,2,2,6,0,3,2,4,2,4,1,2,5,1,5,1,4,5,1,5,6,2,2,5,3,3,2,6,5,2,6,0,1,5,5,5,1,2,4,3,2,3,4,1,2,3,5,1,2,4,2,6,2,4,4,5,4,8,3,4,4,7,2,3,1,4,2,2,4,0,5,3,3,1,4,2,2,4,3,3,5,3,4,2,2,3,4,3,5,3,2,3,1,1,4,5,3,9,2,2,2,2,1,4,5,2,2,3,4,5,7,0,4,2,2,5,2,2,3,5,4,3,4,3,2,4,3,1,3,6,3,4,7,3,3,5,1,2,5,4,3,5,5,4,5,1,4,5,4,4,4,2,1,3,5,1,4,1,2,3,2,2,4,3,2,3,4,2,4,1,1,5,1,2,1,2,2,4,1,2,2,3,5,2,4,4,6,4,6,7,1,2,3,2,2,3,7,3,1,3,2,3,2,7,2,1,3,7,3,4,4,5,3,2,1,1,2,1,5,2,2,3,4,6,0,1,3,4,1,7,3,3,4,1,4,4,6,2,2,2,2,3,3,3,2,3,2,3,1,1,2,4,1,2,3,3,4,3,4,0,4,6,1,2,3,2,4,5,4,3,6,2,5,3,1,1,2,0,4,2,3,1,4,1,3,5,3,5,6,5,1,3,3,4,6,2,3,1,2,3,2,4,1,5,2,4,0,2,5,2,3,2,6,4,8,5,5,2,1,3,2,0,0,3,3,5,1,1,4,5,3,4,4,2,7,2,5,1,1,2,2,2,2,3,7,3,1,4,1,6,3,3,1,1,3,2,2,4,4,6,4,2,2,1,1,3,0,3,4,1,3,1,1,2,3,3,6,0,5,3,4,6,2,5,1,3,0,6,1,5,3,1,3,3,4,3,5,1,5,1,7,3,3,1,2,1,4,4,4,1,6,3,2,1,2,4,2,3,2,8,2,4,5,6,2,2,1,5,3,6,4,1,5,7,5,1,2,1,3,2,2,3,0,2,4,7,3,4,3,8,2,1,2,1,2,2,0,4,3,2,2,1,2,3,3,3,3,8,2,3,4,4,2,2,0,2,5,1,1,2,0,3,3,5,1,6,4,1,8,5,2,3,4,7,4,6,6,4,7,0,5,3,3,3,2,2,6,2,5,7,1,2,7,2,1,2,2,3,5,1,2,3.055,6.5143250917036,0
6,4,6,4,5,3,1,6,7,4,0,3,4,6,2,2,4,3,3,4,2,5,0,2,1,3,3,3,3,1,4,3,3,1,6,5,3,2,4,5,1,2,6,2,1,1,2,2,2,2,1,3,3,1,4,2,5,4,3,5,0,3,0,3,4,1,1,3,4,3,4,6,5,6,5,5,6,5,5,0,2,2,7,5,2,5,8,3,3,0,3,2,4,4,5,3,9,3,3,2,2,1,2,2,5,2,2,5,5,6,2,7,2,2,2,9,1,1,2,4,5,2,2,1,6,4,1,6,1,5,0,3,7,3,1,5,3,2,3,3,5,3,1,4,5,5,1,1,4,3,3,2,5,3,3,4,1,3,2,1,4,1,6,5,4,3,3,5,4,3,3,2,3,2,0,3,4,3,0,2,5,5,3,2,3,3,6,1,7,4,3,2,4,3,2,0,3,4,3,4,5,3,4,0,3,1,6,5,3,4,2,4,5,4,2,1,5,5,2,4,4,2,2,6,5,3,4,3,2,4,2,4,1,4,7,5,6,1,3,3,2,6,5,3,1,4,7,2,1,0,4,2,1,3,0,4,2,1,7,1,4,0,4,4,1,0,1,3,5,1,2,5,3,6,2,1,4,5,3,4,5,0,4,3,2,6,2,2,1,3,6,1,5,1,5,3,3,3,1,2,2,2,4,0,2,5,0,6,2,4,1,0,4,4,1,0,4,4,2,2,4,3,1,4,3,3,4,2,2,6,1,4,3,5,3,5,5,6,3,2,3,7,4,2,1,8,2,4,3,3,2,4,0,4,4,3,5,2,5,2,3,5,2,3,3,7,2,5,2,3,1,2,4,1,5,2,1,2,3,4,5,3,5,3,0,2,3,4,0,3,3,3,4,3,2,2,2,4,2,0,3,5,4,1,4,3,3,3,3,3,2,1,5,4,3,3,2,2,3,0,1,5,1,0,6,4,1,2,3,4,1,3,0,5,1,1,5,3,1,4,5,3,3,5,3,4,3,6,2,3,5,4,2,2,4,2,3,5,2,1,0,2,5,6,2,2,0,2,1,2,2,3,2,3,1,3,1,4,1,6,3,1,5,2,4,6,4,0,1,3,5,3,3,5,2,2,3,1,3,3,5,3,1,2,7,1,2,4,5,4,0,4,1,3,3,7,6,2,3,6,5,3,2,4,3,3,3,2,4,3,1,3,7,4,9,3,4,2,7,1,3,4,4,3,2,4,5,1,2,5,4,3,4,1,2,5,3,3,3,4,1,4,4,1,3,2,4,1,5,1,3,7,8,4,7,3,0,4,6,2,1,2,1,2,1,4,5,2,2,1,6,4,3,1,4,4,1,2,3,5,8,1,4,1,3,4,4,4,5,3,4,2,0,6,6,4,0,0,3,4,5,7,5,3,7,2,4,4,1,5,5,1,3,2,5,7,4,2,1,2,1,3,4,2,4,1,4,2,6,3,5,2,2,1,0,0,7,3,2,4,2,2,2,3,3,4,5,2,5,0,2,6,2,2,1,1,0,2,4,1,6,2,4,5,2,3,2,1,9,2,4,3,4,0,3,3,1,2,3,4,2,4,4,2,2,4,3,3,4,4,2,8,4,3,2,3,3,3,3,3,4,5,2,2,3,3,6,3,4,2,2,3,2,0,3,6,2,1,3,2,3,0,4,5,7,5,5,2,7,2,4,2,3,4,2,4,1,6,5,3,5,6,4,2,4,4,3,3,4,6,1,1,4,6,2,4,2,1,4,2,3,5,4,5,0,4,4,2,3,8,4,2,3,3,1,2,1,6,2,3,0,5,0,2,2,2,3,5,3,2,5,5,4,2,3,4,7,4,2,4,4,2,3,2,4,9,1,2,4,2,1,2,2,3,5,3,3,2,6,1,4,1,5,6,4,3,2,3,6,0,3,8,5,3,2,4,2,3,1,0,5,2,5,1,3,1,5,4,5,0,2,3,3,4,2,3,5,7,3,3,5,3,6,3,3,0,2,3,2,5,3,4,3,3,2,4,4,1,6,8,2,1,4,3,2,2,1,4,2,6,2,6,4,3,4,3,5,3,4,1,3,3,2,1,2,4,5,5,5,4,0,0,2,7,4,2,0,5,3,4,2,1,5,2,0,2,1,7,2,2,3,1,6,1,1,3,3,0,4,4,1,1,8,4,1,3,7,4,1,5,3,4,3,3,3,4,5,2,1,2,2,2,1,2,3,2,2,3,2,6,5,1,7,5,5,3,3,3,3,0,3.132,6.62924627286856,0
2,2,4,3,5,2,2,4,7,6,4,3,5,2,1,2,0,2,3,4,1,7,7,4,5,2,1,3,1,2,3,2,1,2,4,2,1,0,4,2,1,4,4,1,1,4,4,5,2,2,3,3,1,3,2,5,5,4,7,5,1,3,7,1,3,6,2,4,3,0,1,0,7,3,2,4,2,2,4,2,1,1,6,5,3,6,3,0,6,5,4,2,0,2,11,6,5,3,1,6,3,5,3,1,1,3,3,4,3,6,5,2,3,3,2,3,1,4,3,1,4,3,0,1,3,6,4,0,3,5,1,1,2,1,0,1,6,2,1,3,3,5,1,1,3,2,4,3,3,4,5,4,2,2,5,1,6,2,6,3,1,5,1,6,6,0,5,4,3,3,5,5,3,4,1,2,9,2,2,2,1,4,3,3,6,0,0,4,1,3,4,3,2,3,6,3,0,3,6,1,3,1,3,2,3,4,3,8,5,2,2,3,3,2,5,1,2,3,4,5,5,2,4,3,2,4,6,1,4,2,5,3,4,2,3,3,4,4,4,1,3,2,3,4,2,2,2,6,0,8,3,4,3,3,8,0,0,3,6,5,0,4,0,2,3,2,4,2,5,2,1,6,6,4,3,4,2,2,1,4,3,4,2,7,4,3,1,6,2,5,2,0,2,2,4,4,3,2,1,2,3,6,3,1,1,3,5,3,3,4,2,6,1,3,3,3,3,4,4,2,2,5,3,3,4,1,1,4,3,4,2,2,5,5,5,8,4,1,2,2,5,3,4,1,3,3,2,4,6,0,4,3,2,4,3,2,4,5,2,5,5,1,0,1,2,4,3,4,2,5,2,5,5,1,6,2,4,7,2,4,4,0,2,5,3,2,5,2,5,1,6,1,4,3,1,1,3,2,1,4,3,4,7,6,5,3,3,5,2,5,3,4,5,3,3,6,6,3,2,3,2,2,5,2,3,5,3,4,3,1,4,1,5,0,1,4,2,2,2,4,4,3,2,1,8,1,2,2,2,2,2,5,3,0,3,6,2,3,2,6,4,4,3,7,1,5,3,1,3,5,3,1,3,1,4,4,4,1,6,4,2,0,5,4,3,4,0,3,2,1,2,4,5,1,4,1,1,3,1,2,3,4,3,5,3,2,4,0,5,3,3,2,1,2,4,4,0,3,2,5,7,1,3,3,3,3,4,2,2,0,6,7,1,1,3,4,2,4,2,2,1,7,4,7,1,3,4,4,5,3,4,2,4,6,1,5,4,2,3,4,3,1,1,1,4,4,4,4,4,2,3,3,4,3,2,4,1,4,7,3,3,3,3,3,2,5,1,2,4,3,5,7,5,4,2,4,3,6,10,4,4,3,3,1,2,4,1,3,4,3,4,4,3,4,2,6,4,4,3,4,1,3,4,4,4,2,8,3,6,1,5,2,3,6,1,1,1,3,1,5,3,3,4,6,1,6,4,3,3,2,2,4,4,4,4,3,4,1,7,6,2,3,5,1,3,5,3,3,4,1,6,4,3,1,3,5,1,4,0,6,2,2,4,2,3,1,4,3,3,4,4,6,3,2,4,4,1,2,3,4,5,1,1,3,3,5,3,4,6,4,2,3,2,4,2,1,2,5,5,2,5,3,1,2,6,2,6,3,3,2,5,1,4,1,3,3,3,3,3,4,0,6,3,1,2,2,3,5,4,1,9,3,2,1,2,4,6,1,1,3,6,3,4,5,3,3,5,7,3,5,3,3,1,7,3,3,2,5,5,4,4,3,2,4,3,1,3,4,1,4,2,4,3,2,3,2,2,5,4,9,4,3,2,1,3,5,5,3,1,6,4,5,2,3,2,2,3,5,0,7,2,0,1,4,4,2,0,2,3,1,1,2,3,4,2,3,4,4,1,2,3,2,3,2,1,3,4,4,5,4,3,3,6,2,5,4,1,4,3,3,3,7,2,1,3,3,9,6,5,2,8,1,2,4,1,5,6,4,3,2,7,1,0,1,2,6,3,4,5,4,3,5,3,1,0,5,3,2,3,8,5,6,7,1,1,4,1,3,3,3,2,2,4,4,1,1,7,3,2,2,2,2,4,5,5,3,4,2,6,2,3,5,3,6,1,9,2,1,5,1,8,1,5,2,3,3,5,3,4,2,3,7,2,2,3,1,4,2,4,1,5,3,6,2,7,2,5,1,3,1,1,2,2,4,4,3,1,4,3,1,5,4,3,3,7,3,1,1,3,5,6,4,5,6,5,4,3,3,6,4,3.198,6.69976256400326,0
1,4,5,5,4,2,3,0,0,5,7,2,5,1,3,2,3,0,1,4,4,3,0,3,5,5,6,4,3,4,4,7,3,3,5,7,3,5,4,3,3,4,2,3,4,4,3,3,3,5,2,2,5,3,2,3,2,7,0,2,2,4,6,2,2,4,4,2,3,4,3,6,5,4,0,3,5,2,3,3,4,5,3,2,0,2,5,4,5,1,1,3,2,2,2,0,1,5,6,5,4,3,5,3,3,2,5,3,3,3,5,5,3,2,5,4,2,2,3,2,4,2,8,4,2,5,2,1,3,2,2,2,1,4,2,1,2,2,2,3,2,1,6,4,7,2,1,5,3,2,4,1,6,3,1,7,2,4,4,2,1,1,4,1,0,5,5,4,3,1,5,1,2,3,4,3,1,3,3,4,3,3,4,4,1,5,3,6,5,6,4,2,5,6,1,3,3,3,6,2,3,4,3,3,4,6,3,2,2,7,3,5,6,1,6,4,6,2,3,5,5,4,3,3,2,4,4,3,3,3,2,4,3,3,6,1,2,4,4,3,1,4,6,3,1,3,2,2,2,4,5,2,4,5,6,0,2,4,3,8,2,7,3,4,4,2,0,3,2,2,7,2,2,2,2,3,4,1,3,1,6,3,2,5,5,4,1,7,6,2,6,0,3,5,3,0,2,2,3,4,4,1,2,3,4,4,0,5,2,1,4,4,5,6,7,1,5,3,3,2,1,3,1,1,6,0,3,4,4,2,6,3,2,5,4,7,2,6,5,0,7,4,4,1,2,1,6,1,3,5,1,6,0,3,2,4,1,4,5,3,2,0,2,2,4,2,3,3,4,0,1,2,4,3,3,2,2,2,5,2,5,0,6,5,1,0,3,1,4,3,4,2,5,3,2,4,1,4,3,5,2,4,3,3,2,5,3,4,1,3,3,2,3,1,0,3,1,4,4,3,4,1,2,1,3,1,4,0,5,6,3,4,9,3,2,4,3,3,4,2,4,2,5,1,2,4,7,4,2,3,3,4,5,3,3,2,4,7,2,3,2,4,0,1,5,7,3,2,3,1,4,4,4,5,1,2,1,5,2,3,2,3,4,1,3,7,7,1,1,0,2,1,3,5,3,2,3,2,3,2,3,8,3,0,3,6,3,3,4,2,1,6,4,1,0,3,2,4,7,3,5,7,4,5,5,2,4,3,7,2,1,7,0,0,4,3,7,6,2,1,5,2,3,4,3,2,10,6,6,1,2,6,3,3,2,1,1,4,0,3,2,4,2,2,2,4,1,3,1,3,2,1,1,1,5,1,5,10,4,2,5,4,1,3,0,5,1,2,2,1,1,2,4,3,4,1,1,1,4,6,4,5,3,4,3,1,1,2,2,4,5,2,2,4,3,3,4,2,3,3,3,5,6,2,5,8,2,3,2,3,3,5,4,2,5,4,4,5,8,1,6,2,3,1,4,5,1,3,3,4,2,3,0,3,6,4,3,4,6,2,4,4,0,4,2,0,2,4,2,1,3,5,7,3,4,0,1,3,1,1,5,2,0,3,2,4,2,4,3,2,3,2,4,4,3,5,3,3,8,4,9,3,1,2,3,5,5,4,5,9,5,2,3,1,1,5,2,2,4,3,6,3,3,3,6,1,3,6,3,5,3,4,2,3,1,4,4,4,3,3,3,3,3,2,2,3,5,3,1,3,6,4,5,2,3,3,1,3,3,1,2,4,4,6,2,7,2,1,0,5,2,2,2,5,3,4,3,3,2,4,7,1,1,1,3,3,4,1,3,1,3,1,4,5,2,3,3,6,3,1,7,1,4,0,2,1,0,4,1,5,5,3,3,2,4,4,4,4,5,9,7,5,6,3,1,7,5,6,5,3,3,1,4,2,0,2,4,2,3,6,5,2,3,2,4,5,1,1,2,3,3,2,3,5,4,1,2,1,4,2,4,6,6,1,7,4,4,2,9,6,6,5,1,1,2,2,3,4,3,0,2,5,4,2,4,3,2,6,5,3,2,2,3,4,2,4,4,6,2,5,2,2,7,6,1,3,4,0,6,5,4,0,5,3,1,5,5,1,9,4,2,3,2,1,2,3,6,2,2,4,3,1,5,5,2,6,7,2,2,3,4,5,5,2,4,4,0,2,3,2,0,4,9,3,2,3,3,0,1,4,5,5,4,2,4,5,7,3,2,4,4,5,4,5,1,5,5,6,3,1,2,4,4,4,4,2,2,1,5,7,1,3,2,4,2,3,2,1,1,4,3.22,6.78100279428435,0
2,3,1,2,5,5,1,6,2,5,8,1,1,5,1,4,6,3,6,1,3,1,4,3,5,3,1,2,1,5,6,2,1,2,7,7,2,3,9,6,3,3,1,2,2,3,3,3,3,0,5,3,2,5,3,3,3,1,2,2,2,3,2,3,6,1,1,5,3,3,4,4,4,3,3,7,3,8,2,7,4,6,2,5,4,3,1,3,2,2,0,5,2,9,5,3,2,6,6,2,3,0,3,3,3,6,1,2,4,2,1,5,2,7,4,6,5,2,4,1,1,4,4,1,6,3,4,2,3,5,8,2,4,3,1,2,5,3,4,3,4,5,3,3,3,7,2,5,2,4,4,4,4,1,2,5,2,4,3,7,2,4,2,2,3,3,3,3,4,3,2,1,4,3,0,6,4,5,4,4,3,4,3,3,2,6,5,2,1,4,6,5,6,4,10,4,6,5,3,2,6,1,4,3,9,4,5,5,6,5,4,0,3,3,3,4,7,3,1,5,6,2,2,7,2,3,4,4,5,6,1,3,1,3,2,6,2,4,5,5,3,5,4,3,3,2,3,3,1,0,3,2,1,5,2,3,3,7,3,3,2,1,1,3,4,4,3,1,2,8,0,2,2,3,7,2,0,2,2,1,2,5,4,2,3,2,1,3,2,6,3,4,5,5,1,3,2,5,1,4,0,1,8,1,4,1,2,4,1,5,2,3,4,4,2,3,6,1,3,7,4,2,6,1,5,7,3,3,1,3,3,3,5,1,4,3,6,7,4,5,3,7,6,1,3,6,2,0,3,2,0,4,3,3,4,5,2,3,4,3,1,2,9,8,3,2,4,2,5,2,1,2,2,5,3,7,5,4,2,3,4,2,3,4,2,3,1,4,6,6,2,4,5,0,6,1,3,4,4,3,3,3,2,5,6,3,3,8,2,7,6,5,4,4,3,2,6,1,3,4,8,2,4,4,5,7,4,3,0,5,2,4,5,6,2,5,4,2,3,3,8,3,3,0,0,2,5,2,7,5,2,4,2,2,5,5,2,6,1,3,6,5,1,3,1,4,5,5,3,4,4,3,1,2,2,2,3,2,2,3,5,4,5,2,2,9,3,6,4,5,6,2,5,3,5,4,3,5,3,4,4,4,3,4,6,1,6,2,3,2,3,2,1,4,7,2,0,5,2,8,2,6,2,1,2,4,2,1,6,4,4,2,5,3,5,3,8,3,5,5,4,3,0,6,2,3,6,3,3,2,6,5,3,3,4,4,2,2,2,4,7,5,3,1,5,5,2,1,3,1,4,3,3,6,6,5,1,7,4,4,3,5,4,1,2,5,2,5,3,2,2,5,4,3,5,0,4,0,1,5,4,3,4,5,3,1,3,2,9,4,2,4,4,6,0,3,4,2,5,2,4,9,3,0,3,2,7,3,3,3,2,1,3,2,3,3,2,2,4,5,0,3,3,6,3,3,3,5,3,1,8,7,1,7,5,4,2,8,3,6,5,4,6,5,3,1,2,1,1,6,2,2,3,2,4,5,2,4,4,3,4,4,4,2,2,5,4,3,4,5,4,1,1,1,2,2,3,1,6,5,2,2,5,5,2,2,1,6,1,1,1,2,0,2,3,7,1,4,0,4,1,1,3,3,3,4,3,2,2,3,2,4,3,3,3,4,5,3,1,8,1,1,4,4,4,2,5,0,6,6,2,1,2,4,4,4,2,6,3,2,3,3,7,6,2,4,7,2,6,1,3,4,3,4,3,6,5,1,4,3,4,3,5,7,7,4,1,2,2,2,2,0,7,6,5,5,1,4,4,4,1,3,2,5,2,5,2,5,6,1,4,5,1,3,1,3,2,7,3,4,6,2,2,4,7,1,4,2,3,3,6,3,7,3,1,5,2,2,4,4,4,2,5,4,5,5,4,4,1,3,0,5,4,2,3,5,2,2,0,5,4,3,1,5,1,1,2,7,4,2,2,2,3,6,5,3,5,6,5,5,1,3,8,0,2,3,6,3,4,4,4,3,3,2,2,6,6,2,4,7,2,3,1,3,2,4,6,0,6,4,1,3,3,5,3,5,2,3,4,4,4,7,2,0,2,1,5,6,3,3,1,3,2,1,7,7,3,2,5,2,2,2,5,5,3,4,3,3,3,3,2,2,1,6,2,3,6,5,2,2,3,3,2,4,3,3,2,3,2,5,3,3,7,5,1,2,5,4,2,8,4,4,1,6,5,8,1,3,2,2,2,4,2,0,1,1,3,0,3,5,3.412,7.08079319301226,0
3,1,4,6,5,4,4,2,2,4,6,3,3,3,4,2,5,1,6,6,2,4,2,2,2,12,6,1,5,3,5,2,3,4,4,5,2,7,4,4,3,6,2,3,7,3,9,1,0,5,4,1,5,4,2,4,2,2,5,3,4,8,3,4,4,6,1,2,7,2,2,3,8,6,3,2,1,3,4,1,3,2,7,4,4,2,2,1,2,5,3,1,2,3,4,2,4,3,2,2,3,1,2,5,4,3,5,5,3,2,4,4,3,4,4,4,3,3,2,3,1,2,3,2,1,4,4,4,3,0,2,3,1,6,3,2,3,2,0,4,4,1,3,3,5,8,2,3,1,6,2,6,4,4,5,6,4,6,4,2,4,2,0,4,4,1,6,1,3,3,5,7,6,0,5,2,3,1,5,3,6,3,5,5,3,6,5,2,5,1,2,4,7,5,4,5,1,2,2,5,3,1,4,2,6,6,3,1,3,3,8,5,3,1,3,3,2,0,2,1,0,4,5,3,1,3,7,2,2,3,3,3,4,4,3,2,1,1,10,5,2,5,4,6,3,3,1,5,3,2,5,1,4,2,4,5,1,5,3,3,5,7,4,2,3,1,2,1,8,3,3,1,2,1,3,4,3,7,1,7,4,2,2,2,6,1,5,5,6,2,5,8,3,0,7,5,6,1,3,3,3,4,2,4,3,5,3,9,2,8,0,2,4,6,3,3,4,4,1,1,3,7,0,6,3,6,0,3,2,4,4,4,6,5,10,3,6,5,2,3,8,7,5,4,2,3,6,3,4,3,4,4,2,3,5,4,8,9,4,5,2,3,2,2,1,2,2,8,1,3,1,2,4,6,4,2,3,3,1,1,5,5,4,5,5,3,4,7,2,5,3,5,2,3,6,6,2,2,2,3,2,4,1,2,2,1,0,1,4,1,1,1,1,4,4,3,4,3,4,5,4,1,3,2,8,2,2,1,2,3,4,0,5,4,5,3,11,1,2,4,2,3,5,2,2,0,4,3,3,4,4,5,4,5,4,3,3,2,3,4,3,1,4,2,5,7,3,5,1,5,2,6,0,3,5,2,5,3,7,2,1,4,3,6,1,6,6,4,4,4,5,4,4,1,7,2,3,2,4,4,2,6,5,2,4,3,4,0,2,6,3,5,5,1,4,5,7,2,4,0,2,3,4,1,2,6,5,3,3,3,3,5,3,2,4,6,2,0,5,1,4,1,8,3,4,1,0,8,6,4,4,3,5,5,2,3,3,3,3,1,2,3,5,2,2,4,3,3,6,4,4,4,2,5,1,4,2,5,3,3,4,4,2,2,4,6,5,2,1,5,6,4,0,5,2,6,3,1,4,3,4,3,5,5,2,2,2,5,3,3,1,2,1,4,9,5,4,6,2,4,2,3,3,3,2,4,3,6,6,4,7,4,5,4,4,4,5,0,3,4,8,7,2,3,2,8,7,6,6,3,5,1,3,1,4,5,1,5,4,5,6,1,3,5,3,4,5,0,5,5,0,3,5,2,5,4,4,7,4,6,2,2,1,2,7,1,1,4,4,3,6,1,4,2,2,3,7,2,2,2,4,2,3,3,5,4,1,3,1,1,4,2,4,4,4,4,3,1,3,4,0,6,3,4,4,6,5,3,4,4,2,5,4,6,6,3,3,6,4,7,2,3,1,3,5,5,2,5,2,3,7,5,9,4,5,1,4,1,1,3,7,3,6,5,4,5,4,5,10,3,1,4,2,3,1,6,2,3,2,1,3,6,7,4,2,8,3,3,4,2,7,2,7,3,4,3,1,2,2,2,2,1,1,6,1,3,3,2,5,4,4,3,5,4,5,2,1,5,3,2,6,3,3,2,5,2,5,4,5,2,1,3,2,2,3,2,3,4,4,5,3,5,4,5,9,5,1,2,7,8,4,6,4,1,3,4,1,4,6,0,4,1,3,2,2,4,5,4,6,3,3,7,5,2,3,2,4,4,3,5,6,6,1,4,6,3,2,1,1,1,2,4,5,4,3,3,1,1,6,2,6,3,3,0,2,3,4,2,3,1,5,6,3,4,6,5,6,4,3,1,5,1,3,2,1,4,2,3,6,3,2,3,2,4,2,5,5,3,8,4,6,3,4,3,2,5,2,3,6,4,2,2,5,3,1,6,0,3,3,4,4,5,5,1,7,3,4,0,3,5,3,2,5,5,3,1,5,4,1,6,3,1,3,3,2,0,6,2,6,5,1,3,2,8,4,10,5,5,5,1,3.509,7.26360937008394,0
8,5,5,4,3,0,3,5,3,4,4,4,3,2,6,1,9,4,6,5,4,5,3,5,3,4,3,2,3,4,3,3,3,5,5,2,2,1,3,2,8,3,3,2,4,5,2,1,5,1,7,3,1,5,5,4,2,1,5,5,4,5,5,2,3,3,8,2,2,4,7,4,4,3,2,4,3,4,2,3,1,4,3,2,2,1,3,6,7,3,4,3,2,1,2,3,5,4,4,3,6,3,3,4,5,5,4,6,6,2,3,3,2,1,4,4,3,4,1,3,3,1,2,3,4,6,3,3,7,3,3,7,2,4,4,2,6,3,0,5,4,2,8,5,5,3,4,5,2,3,4,2,4,2,4,4,0,1,5,5,6,5,1,2,1,2,5,3,4,1,5,5,4,2,2,1,3,8,0,5,2,4,6,5,3,4,5,2,3,6,4,0,3,4,2,4,6,4,4,3,3,5,4,1,4,4,3,3,0,0,4,1,4,3,2,0,6,1,4,5,2,2,3,4,3,0,4,5,3,2,4,2,3,2,4,0,6,6,1,3,2,4,4,5,4,2,4,4,3,2,7,1,3,4,2,2,3,4,6,1,3,3,4,3,3,2,4,4,7,5,1,7,2,3,4,0,6,2,1,4,1,5,1,2,3,3,6,2,6,4,4,4,5,7,5,1,2,3,3,6,2,1,4,4,6,5,2,2,2,7,3,3,2,5,5,3,8,3,1,4,1,2,6,3,5,3,3,8,3,3,3,5,4,3,5,6,3,3,1,3,3,4,1,2,4,3,2,5,3,3,4,2,2,0,5,3,1,1,1,5,3,1,5,2,3,0,3,6,4,2,5,5,4,6,2,6,7,1,4,0,5,3,2,5,7,2,1,2,4,2,6,8,5,4,0,6,2,3,1,8,5,5,4,4,2,0,9,4,3,2,5,0,1,2,4,5,1,6,1,3,1,0,1,2,3,8,3,3,9,1,2,7,3,0,2,2,2,4,2,1,1,6,5,2,4,2,4,5,1,1,5,1,4,7,3,3,5,3,2,3,4,6,3,3,0,2,1,4,2,4,5,3,7,3,3,4,5,1,8,3,2,4,2,3,1,4,3,3,5,1,3,3,5,2,1,1,4,3,3,1,4,1,4,4,1,5,2,3,2,4,4,5,5,2,2,3,6,3,3,3,4,3,4,9,5,8,3,2,1,4,2,4,1,2,5,5,1,4,4,3,1,6,4,4,0,6,3,2,2,1,1,4,4,4,3,3,3,5,3,8,4,3,4,2,1,2,4,2,3,3,6,6,4,8,1,5,6,6,5,2,5,3,4,3,8,6,5,8,4,6,2,5,3,1,4,0,1,4,7,5,2,2,5,4,5,5,3,5,1,6,2,1,5,5,2,4,1,2,2,3,7,5,3,4,5,2,4,5,1,2,2,2,3,7,7,7,6,4,1,1,2,2,1,5,2,7,5,6,3,3,7,1,1,9,2,3,5,2,4,0,1,2,3,3,1,4,2,3,3,8,4,2,7,1,2,4,3,4,3,6,4,9,4,2,0,5,1,3,4,3,5,4,3,3,5,3,1,0,7,1,2,3,4,6,3,0,1,3,7,7,8,5,3,3,3,8,2,4,4,3,4,6,2,4,2,5,3,3,3,4,3,5,2,4,4,3,2,3,2,2,5,3,2,3,5,5,5,3,3,3,5,4,2,5,0,1,4,2,3,2,4,7,5,5,2,9,2,2,5,4,3,4,4,7,3,6,5,5,6,5,7,3,1,4,0,0,9,1,2,5,2,3,1,5,1,3,6,2,3,2,3,7,3,4,5,4,1,3,2,5,2,6,5,7,7,5,5,3,5,2,2,2,1,4,5,4,3,5,7,4,0,2,5,8,3,0,7,1,6,5,4,3,4,3,2,5,2,1,1,2,2,8,5,6,8,6,4,4,1,5,1,4,7,1,3,4,6,4,2,3,1,4,5,2,3,2,6,2,5,6,9,3,3,4,4,3,1,4,4,3,1,1,3,2,3,1,0,0,8,4,2,1,4,4,1,4,2,4,6,4,1,3,6,6,0,5,6,2,4,4,1,5,2,3,2,2,2,6,6,2,4,5,3,2,7,6,5,2,3,3,1,5,1,7,4,5,4,3,5,0,5,3,7,3,4,2,1,3,7,5,4,4,8,4,2,6,1,4,4,3,4,6,1,4,2,2,3,1,7,1,6,1,3,6,4,4,1,2,3,9,9,4,2,4,2,5,4,3,4,4,3.503,7.26378631928742,0
5,0,3,1,7,3,1,1,2,2,6,4,4,5,5,6,3,8,3,8,2,0,0,2,3,2,2,5,1,6,4,4,1,3,8,4,2,6,4,8,3,3,2,2,3,4,3,1,7,4,1,4,1,3,4,3,3,3,5,3,5,4,5,3,3,5,4,2,5,1,5,7,3,6,1,5,1,3,3,3,0,2,2,7,3,6,5,3,4,0,6,3,1,0,5,4,3,4,1,4,2,3,6,4,5,3,5,3,3,2,4,3,3,6,4,3,6,2,5,3,4,2,5,2,3,4,2,2,4,3,6,9,5,5,3,3,4,2,3,2,2,4,5,4,3,2,3,0,4,2,1,4,5,3,4,8,9,9,4,7,2,4,3,1,6,2,2,2,2,3,2,3,5,4,4,2,6,4,7,1,0,4,1,4,1,2,0,2,4,6,2,1,5,7,5,2,3,2,1,1,5,5,4,5,6,4,6,5,4,4,1,3,1,2,3,4,5,1,4,3,2,5,4,0,3,2,5,5,2,4,2,1,0,5,4,6,1,4,4,3,5,5,3,5,6,5,3,4,9,0,1,3,6,2,2,6,2,6,4,1,4,1,3,1,4,6,4,4,2,5,3,8,4,3,1,1,6,10,5,5,7,6,1,5,4,1,2,3,4,2,4,4,2,2,5,2,1,4,2,4,5,6,3,2,4,2,4,6,2,3,1,3,2,4,3,2,2,3,4,2,3,7,1,3,4,3,6,3,1,4,1,2,4,4,9,1,4,4,3,2,8,3,6,2,4,5,4,2,1,5,3,5,2,1,1,1,2,4,2,4,3,2,3,5,4,2,3,5,6,1,2,4,6,6,3,3,3,6,6,5,2,3,4,2,1,2,4,6,2,4,7,3,3,3,5,2,6,1,1,0,2,5,4,3,2,3,2,1,2,3,3,4,3,3,5,7,4,7,1,0,5,0,3,0,3,4,4,5,5,0,3,3,6,5,3,6,3,0,3,3,4,3,3,1,1,2,3,7,2,3,2,2,3,6,3,2,3,10,3,1,4,1,4,5,1,3,2,3,2,5,3,2,4,1,2,5,2,2,4,3,5,4,3,2,1,4,5,1,3,3,1,2,6,1,2,1,2,3,3,6,2,3,1,7,5,5,3,3,5,2,3,3,2,0,1,1,3,2,2,3,3,3,2,2,4,2,2,2,3,5,2,3,2,0,4,3,4,3,4,2,6,7,7,3,3,3,8,5,3,7,6,5,3,8,3,2,4,5,5,3,6,2,4,5,5,1,5,2,5,4,0,5,1,4,3,2,4,2,4,5,7,4,2,5,3,3,1,1,5,3,10,8,1,5,3,4,4,1,5,3,3,4,3,4,5,1,3,7,5,2,2,4,1,1,4,0,4,2,1,5,5,5,3,3,6,3,7,3,6,7,2,1,2,2,5,8,2,4,4,4,5,0,3,3,3,1,2,2,4,2,2,3,3,4,8,3,5,0,5,5,3,7,5,3,1,4,6,6,4,3,4,7,3,3,4,1,4,3,4,3,3,3,7,3,6,1,4,8,3,5,3,3,6,4,5,5,4,1,3,5,3,6,7,2,6,7,2,2,5,3,2,4,2,2,2,6,2,2,2,1,1,3,5,3,3,1,4,3,3,0,4,5,4,1,4,4,3,2,6,4,4,4,3,3,2,5,8,2,4,3,4,1,4,6,3,5,2,4,4,6,2,4,2,0,3,8,9,6,5,0,2,1,3,7,2,0,6,8,5,3,3,1,1,3,2,4,7,1,6,0,4,2,2,6,2,6,5,3,0,8,4,3,5,7,3,1,4,1,3,3,4,6,4,5,1,5,3,5,1,4,3,5,3,4,7,4,5,6,3,4,3,3,7,7,5,0,5,1,8,4,5,3,4,3,0,4,3,0,4,8,1,1,0,5,5,4,2,4,8,6,1,1,6,1,2,3,6,5,5,3,3,6,3,5,4,8,4,5,6,6,4,2,6,4,2,5,1,3,3,12,1,2,6,0,7,3,1,0,3,1,3,6,3,5,1,6,2,2,6,4,0,3,5,4,2,3,3,5,4,3,3,2,2,4,3,5,7,2,5,2,2,5,3,3,1,5,5,3,4,4,3,3,5,4,1,4,2,2,4,8,6,1,3,6,7,5,3,6,6,0,3,4,6,8,4,3,1,5,0,1,1,6,4,3,5,1,3,4,3,3,8,1,3,2,2,4,4,2,8,6,4,5,2,2,3,1,2,1,3,4,3.498,7.30654366371694,0
4,1,7,7,1,1,5,4,1,4,1,1,1,3,4,3,6,5,2,1,3,5,0,4,5,4,4,3,1,3,6,4,1,2,2,4,1,7,2,5,2,4,3,3,1,6,1,5,4,9,3,2,1,2,4,4,4,1,3,2,3,3,8,8,6,4,4,3,5,4,2,3,7,1,2,3,7,2,7,1,4,7,8,5,4,5,6,6,3,0,3,2,7,2,3,3,5,7,2,3,5,5,2,4,7,1,4,6,3,3,2,1,3,3,2,7,5,10,2,2,3,4,3,3,2,4,2,5,1,4,3,2,3,5,1,1,4,3,2,2,6,5,3,3,2,2,0,3,0,3,4,7,2,4,1,5,2,0,6,2,2,3,6,2,0,4,3,3,4,5,3,5,2,3,3,2,0,3,4,3,2,3,3,6,5,3,4,3,6,3,2,5,6,1,5,1,3,4,5,4,1,5,2,4,4,7,5,4,6,2,3,5,2,4,1,4,4,1,6,4,6,3,2,7,3,3,1,2,6,2,8,0,1,6,6,2,1,3,8,5,3,7,5,7,4,2,2,2,6,5,2,0,4,2,6,3,0,6,3,2,2,4,1,5,3,3,1,4,1,1,3,8,1,3,4,2,1,9,3,3,4,7,1,1,0,2,1,7,4,3,3,3,9,2,2,3,6,4,0,3,1,3,1,4,4,2,4,6,2,3,7,3,3,4,5,5,4,2,3,1,4,0,2,3,1,4,3,4,7,5,4,7,3,2,2,4,7,4,3,1,6,2,4,1,2,7,4,2,4,0,4,8,2,3,2,5,3,3,2,2,5,2,5,3,4,3,3,6,2,9,6,4,7,3,3,2,3,6,2,2,11,0,5,2,4,2,5,5,5,3,1,4,4,4,8,5,4,5,6,5,1,0,4,3,3,4,1,0,5,5,5,2,5,2,5,4,5,2,1,2,2,2,4,4,6,4,6,3,6,8,6,5,5,2,4,5,3,3,3,5,5,3,5,4,4,1,0,3,2,2,5,5,5,4,5,4,6,10,3,7,3,6,6,4,3,5,6,5,4,2,2,5,3,2,4,4,5,3,2,4,3,4,3,3,3,2,1,1,2,4,4,3,7,4,3,3,1,5,2,3,5,5,1,4,3,1,3,4,5,3,1,4,8,5,4,3,1,6,9,2,2,4,7,6,1,1,6,2,2,7,3,2,5,6,5,2,2,4,5,6,2,4,4,5,4,8,5,1,3,6,2,3,4,2,6,5,1,3,5,3,6,2,4,1,4,3,5,6,3,6,3,1,6,5,3,3,4,4,9,4,5,4,7,0,3,6,4,3,1,3,5,4,3,5,4,7,4,1,3,1,4,7,6,2,3,5,4,4,3,6,4,6,3,3,6,2,6,4,3,5,2,7,9,2,8,3,6,8,1,0,5,6,5,1,5,2,4,5,4,7,7,6,3,4,2,9,5,5,1,2,3,4,2,8,4,8,2,4,1,1,3,5,4,4,1,3,4,1,2,0,3,4,4,3,1,6,6,4,3,4,2,2,6,4,3,3,5,3,0,5,6,7,2,4,1,1,5,2,5,4,6,3,2,7,2,3,4,1,1,2,6,3,5,5,1,2,3,2,4,2,5,3,5,4,2,1,1,3,6,4,1,3,2,2,3,3,4,4,2,6,2,3,1,4,3,2,3,3,4,3,2,6,0,3,3,4,4,5,4,5,5,2,7,2,2,5,6,3,3,5,0,3,2,3,4,8,5,1,1,0,3,2,6,2,3,3,6,3,3,6,8,4,7,3,1,2,5,3,2,6,5,0,4,6,2,2,3,5,5,1,2,5,4,3,1,3,4,5,8,6,2,2,4,1,2,5,5,7,6,4,3,0,5,2,3,6,2,4,3,1,5,5,5,1,4,5,2,4,3,3,2,5,5,4,1,5,5,3,1,5,5,0,7,5,2,2,7,3,4,5,2,7,5,2,1,8,4,4,3,2,5,1,4,2,4,6,1,5,4,3,5,7,3,1,4,3,7,2,2,1,4,2,6,4,4,6,4,3,2,5,3,2,6,6,4,3,1,2,6,1,6,5,6,4,4,1,6,0,4,2,1,3,5,5,4,1,4,6,7,4,7,4,8,5,4,5,8,6,2,6,6,3,4,2,1,6,2,2,0,3,4,4,3,4,1,2,3,2,7,4,2,7,3,7,4,4,3,3,0,2,5,3,3,3,3,4,5,4,7,5,7,4,6,1,4,6,4,4,4,4,3.641,7.46773671216928,0
3,4,5,4,2,2,8,3,1,2,3,9,4,2,2,7,3,2,5,3,2,3,0,2,5,3,6,6,6,2,6,3,2,4,1,3,5,1,5,6,6,3,4,1,4,4,2,3,5,2,5,2,5,3,2,4,3,1,3,5,5,5,5,3,7,3,2,2,4,7,5,6,3,5,4,2,6,3,4,2,2,1,9,4,1,5,3,2,1,6,4,2,4,3,6,2,1,4,5,4,2,1,5,5,4,5,4,3,6,9,1,2,2,4,4,4,2,5,1,1,3,5,8,1,4,3,2,2,3,1,3,2,6,5,0,4,1,1,2,2,4,1,6,5,1,4,7,2,8,3,10,1,4,7,3,4,0,2,3,3,6,5,1,5,2,4,3,5,3,3,1,3,3,6,5,1,4,1,1,3,5,0,4,1,3,2,6,4,3,4,4,4,9,3,6,4,7,3,6,5,6,4,2,5,3,2,4,1,3,3,4,3,3,2,1,5,3,2,2,7,2,5,4,3,3,2,4,8,5,5,8,6,4,1,3,3,8,3,3,2,0,4,2,5,4,5,3,4,6,2,4,6,5,5,4,3,6,3,3,1,3,7,7,4,2,5,4,7,4,3,6,2,2,4,3,8,2,4,4,5,4,1,1,3,2,7,4,2,6,3,3,2,4,5,2,3,5,4,4,2,5,3,3,3,5,3,8,3,2,3,2,3,0,5,3,4,3,7,2,2,3,4,4,1,3,4,3,0,3,3,3,4,2,6,5,3,5,4,1,4,5,1,3,5,4,7,2,6,2,4,6,4,0,9,5,5,2,1,2,8,3,7,3,6,4,1,4,4,5,2,2,1,4,5,0,2,3,3,2,2,3,3,1,3,3,5,3,4,4,3,4,3,5,1,3,3,3,4,4,6,5,2,7,4,4,1,0,3,4,4,5,6,5,2,4,2,0,3,0,4,2,4,4,1,7,4,3,4,2,4,0,4,6,3,9,2,5,3,3,1,1,4,5,1,4,1,5,4,3,3,3,2,5,2,1,6,5,4,5,2,5,5,5,2,1,4,1,2,4,5,1,2,3,3,1,4,2,1,4,4,3,8,3,4,3,4,2,3,4,1,4,1,6,5,3,5,3,5,4,4,3,3,2,4,4,5,6,2,2,1,3,8,2,1,6,8,2,4,5,3,3,2,1,4,2,1,4,1,5,4,5,1,3,3,3,2,6,6,5,4,2,2,1,6,2,1,4,3,2,6,3,3,1,5,1,1,1,4,3,1,3,3,5,3,2,0,3,4,6,8,3,2,10,2,2,1,4,5,2,3,3,5,4,3,5,3,6,5,4,3,4,6,3,4,3,2,3,1,5,4,7,3,2,4,6,1,2,2,4,1,2,5,4,2,6,3,1,2,5,4,5,4,7,8,3,2,2,4,3,4,2,4,4,0,3,5,3,2,4,2,3,4,3,2,1,6,5,4,4,1,3,2,3,4,5,3,2,1,6,6,4,2,3,3,0,3,2,4,1,5,1,2,3,0,3,7,3,6,2,3,1,5,2,3,2,6,3,3,5,2,2,2,3,4,5,3,4,6,5,3,2,1,4,7,4,1,5,7,5,4,3,8,3,1,3,2,2,2,3,1,3,6,3,9,4,1,5,4,4,0,4,4,2,0,4,1,2,6,2,5,5,6,1,3,9,1,3,5,8,0,8,11,7,5,2,2,1,5,3,4,2,5,5,2,4,3,3,4,9,6,2,6,3,4,4,5,4,4,3,3,3,3,3,1,4,1,1,1,8,2,5,4,4,4,5,5,2,7,2,3,2,4,7,5,2,2,4,2,2,2,1,3,4,2,3,4,3,1,2,2,5,1,1,0,6,6,5,7,3,3,4,4,2,3,3,1,3,4,4,5,4,6,3,0,2,3,2,2,2,2,1,2,7,6,3,6,5,2,8,1,3,1,2,4,4,4,1,2,2,7,10,2,5,6,3,1,3,5,5,5,5,7,3,2,3,3,3,4,4,5,1,2,7,3,4,5,5,4,2,2,3,1,3,4,1,9,6,1,7,5,3,5,5,3,1,3,3,2,6,2,6,5,3,3,4,4,2,5,2,4,5,4,1,3,7,0,2,2,3,4,7,4,6,7,2,2,4,2,5,4,7,5,7,3,3,2,4,5,3,4,5,3,1,6,1,6,3,4,2,2,6,1,0,4,2,1,6,2,2,3,5,2,2,4,6,4,3,6,1,4,1,5,0,10,6,4,3,1,2,2,3.521,7.25488394888535,0
2,4,6,5,3,5,7,4,1,1,7,5,2,1,4,5,2,0,4,7,5,3,2,4,3,2,3,1,4,1,1,4,2,3,6,4,3,1,1,3,5,4,1,2,2,0,8,3,0,3,6,3,2,4,4,7,2,3,5,5,2,12,6,5,2,3,3,6,7,5,3,3,5,1,3,5,2,6,3,5,6,2,7,4,2,4,3,4,4,2,3,1,3,6,9,4,3,4,4,3,3,4,2,3,5,3,3,5,2,1,3,1,0,3,4,6,3,4,1,2,3,7,6,4,6,4,3,1,4,4,1,6,1,6,2,0,1,6,1,5,1,4,3,4,1,2,4,2,2,2,4,4,3,1,1,6,5,4,3,2,2,6,2,4,2,4,4,3,3,3,3,7,10,2,5,2,6,5,3,7,2,2,7,4,2,3,2,5,2,1,2,2,4,4,5,4,4,4,5,4,1,4,4,2,6,6,3,3,5,3,4,3,2,4,8,1,3,2,1,5,0,2,1,2,1,3,9,1,5,2,1,2,4,1,8,3,3,3,6,3,6,1,2,4,3,4,3,5,1,3,8,3,2,9,9,2,5,5,5,6,3,2,4,3,4,0,0,2,4,3,4,3,4,5,2,3,3,5,4,4,2,4,1,9,7,2,4,3,5,6,3,2,5,2,5,4,2,1,7,4,2,1,3,7,1,2,3,3,2,3,1,1,4,3,2,7,2,1,1,1,4,4,2,2,4,6,5,4,2,3,9,5,2,5,1,8,4,7,3,3,1,2,5,4,5,5,1,0,2,6,4,3,4,5,2,6,1,2,4,6,7,3,4,3,2,0,4,3,2,0,2,4,2,4,2,8,5,8,5,5,1,4,4,6,3,1,2,5,2,2,5,1,3,3,2,2,4,6,3,2,3,3,2,3,3,4,3,6,6,2,1,7,5,4,2,2,6,3,6,3,4,1,4,3,5,5,2,5,6,3,0,1,1,6,7,1,3,4,2,3,2,6,4,5,4,5,2,3,3,2,2,4,3,2,3,3,5,3,3,1,3,3,4,7,2,3,2,2,5,5,4,3,5,2,0,7,6,0,4,4,3,5,1,6,6,5,2,2,5,2,3,1,3,4,4,0,3,6,2,3,2,4,3,5,1,5,3,3,1,3,4,4,4,4,1,7,2,5,8,2,10,9,2,4,3,3,4,5,2,6,4,2,4,4,4,3,4,3,2,2,3,5,5,2,3,3,4,1,3,4,7,2,2,1,1,0,0,5,4,3,2,2,1,8,3,3,3,3,3,5,4,2,2,3,2,5,2,7,3,4,3,2,7,4,10,6,5,2,6,6,8,4,7,5,5,5,0,5,4,3,6,4,3,3,1,2,2,2,3,2,4,1,2,2,3,4,4,3,3,2,5,5,1,5,4,5,8,1,0,2,3,3,3,2,3,4,3,3,4,0,4,2,4,4,5,2,4,3,4,6,3,5,3,4,1,5,5,3,1,3,7,1,3,5,4,3,3,2,3,4,7,3,2,2,6,4,3,4,3,10,5,3,4,1,2,4,6,4,5,4,6,2,3,3,5,3,3,1,7,3,8,1,5,4,4,5,5,4,1,5,7,4,1,3,6,6,5,6,4,4,5,5,4,1,5,0,5,3,1,0,1,6,2,4,3,5,7,4,5,3,5,2,4,2,1,4,2,3,1,3,4,4,3,7,2,2,2,3,1,2,4,4,4,2,5,3,5,2,8,3,3,5,2,2,4,3,0,5,3,3,2,2,6,3,4,3,3,3,3,5,4,8,4,3,3,3,1,4,6,2,1,4,2,5,1,6,2,4,4,2,1,3,7,0,2,4,3,6,4,3,3,4,2,3,7,5,2,2,5,1,1,6,2,1,3,2,4,0,3,5,8,7,3,3,0,4,1,3,3,5,2,5,4,4,3,3,3,4,6,5,7,3,5,3,4,2,6,3,0,1,3,6,6,9,1,1,4,5,3,3,6,3,5,7,1,2,1,3,2,4,3,4,5,3,4,2,2,6,4,2,3,4,4,2,3,3,2,3,4,2,3,4,1,5,4,5,6,1,5,3,4,3,5,5,3,2,3,4,5,4,9,2,6,3,4,3,5,2,5,4,7,4,4,5,5,2,3,0,5,2,1,7,4,1,3,5,3,2,0,3,4,3,4,4,6,6,2,4,4,11,5,0,3,2,2,5,3,2,3,6,3,8,6,5,2,2,5,3,5,6,1,3,5,7,4,4,7,3,7,5,3.538,7.27959852056432,0
2,1,4,8,7,3,6,7,3,4,10,1,5,2,2,5,2,5,4,5,8,6,1,3,3,3,4,1,5,2,6,4,3,3,4,2,1,1,2,5,1,2,4,5,3,2,2,3,5,2,3,2,5,4,4,1,3,3,5,2,4,7,3,4,2,5,5,3,3,1,5,3,6,2,1,2,2,6,4,3,4,6,2,2,1,4,2,1,2,3,2,4,3,2,6,0,2,3,3,4,3,2,0,5,1,3,4,4,5,6,6,7,5,2,5,5,6,3,7,3,4,1,4,1,4,4,1,4,3,1,6,3,5,9,3,1,6,4,2,2,2,3,4,6,2,4,1,3,5,2,2,3,2,3,3,4,2,6,4,4,2,5,5,2,3,5,4,5,2,4,5,2,2,5,4,5,3,2,5,6,2,2,2,2,3,2,5,0,5,1,1,5,2,7,4,3,5,2,3,5,2,4,4,5,6,3,3,3,3,3,4,4,4,5,4,5,2,4,7,1,1,4,1,1,0,2,6,3,5,4,2,3,2,3,4,5,6,5,3,4,4,1,9,2,6,2,2,4,2,3,3,3,6,0,3,2,0,4,5,1,3,3,5,5,2,5,4,10,5,8,1,2,6,1,1,7,5,2,4,6,3,5,2,6,5,2,5,3,14,1,4,4,5,9,3,1,7,4,2,5,7,2,2,4,2,5,4,6,6,5,2,2,3,3,5,2,4,4,5,6,2,4,3,4,7,2,4,3,4,3,6,2,2,6,3,2,5,2,1,2,6,4,5,3,4,3,3,3,1,4,1,1,7,6,2,6,2,2,2,3,4,1,4,3,4,4,2,6,2,1,8,4,2,2,3,5,5,3,4,3,4,3,5,2,6,5,1,1,1,3,2,2,6,5,1,6,4,3,3,5,2,3,3,5,2,8,2,2,5,2,4,5,3,2,3,7,8,6,2,1,3,4,8,1,4,3,3,1,6,11,3,1,5,2,1,5,4,3,2,2,1,2,1,3,4,1,3,2,4,5,3,3,2,2,3,1,6,5,1,3,5,5,6,1,2,3,4,4,4,1,2,9,6,6,4,3,4,4,2,3,1,5,4,2,4,4,5,5,3,1,1,4,4,3,3,5,7,4,5,5,2,3,3,3,2,2,4,5,3,3,1,4,3,4,4,4,6,5,3,2,4,4,4,6,1,2,3,2,3,9,2,4,1,6,5,2,3,6,2,4,5,5,2,5,7,5,1,1,2,1,3,2,4,4,0,1,2,4,2,1,4,4,8,4,7,3,2,4,4,1,1,5,5,5,4,4,1,2,1,5,6,3,2,4,4,3,8,5,5,3,8,7,2,6,4,2,3,2,5,4,1,2,6,3,8,4,4,1,2,4,2,1,7,2,2,4,8,2,3,5,5,5,3,5,6,5,4,6,3,3,7,2,8,3,4,3,4,4,4,7,4,5,2,3,1,3,6,4,4,4,1,5,4,5,4,6,2,2,5,8,5,6,4,2,1,5,4,5,5,2,2,1,5,3,4,2,6,7,3,8,1,5,3,0,2,6,1,4,4,1,3,3,2,0,6,5,2,3,4,1,3,6,2,4,4,6,4,4,3,2,3,8,2,4,4,3,4,2,4,2,1,5,10,5,8,1,5,4,5,3,5,4,2,2,6,2,3,2,1,6,2,3,1,0,1,4,2,4,2,1,2,3,5,4,2,3,3,1,7,3,5,3,7,2,0,6,1,2,3,2,3,5,2,2,2,3,4,2,3,1,5,1,3,4,1,6,2,7,0,2,7,3,5,1,2,4,5,4,4,9,4,1,2,2,4,4,0,3,3,5,8,7,5,2,2,4,3,3,3,6,4,2,5,3,7,4,3,4,3,3,3,2,8,2,8,4,1,3,2,5,6,2,4,1,2,4,4,4,1,3,1,1,3,5,5,4,2,2,8,4,3,1,3,2,3,8,2,4,2,4,5,4,5,2,6,3,2,2,3,4,6,1,3,2,2,5,1,0,4,7,4,4,1,1,7,6,2,7,6,3,4,6,3,6,2,2,2,5,7,5,2,1,4,9,2,3,2,7,7,2,4,6,5,0,1,3,2,2,5,1,1,6,5,2,6,4,2,6,6,4,0,0,4,7,5,4,6,2,1,8,2,1,3,6,2,4,4,2,4,2,6,4,6,8,3,8,3,4,0,3,2,4,2,5,5,4,6,4,3,2,3,1,5,4,8,3,3,4,2,2,1,3,2,2,7,5,4,1,5,1,3.569,7.37008637102606,0
4,4,5,4,6,4,0,3,2,5,7,2,2,3,1,3,5,3,1,1,2,2,3,7,7,2,3,1,4,4,7,7,3,6,3,3,2,1,6,6,6,5,5,2,1,2,4,4,4,7,3,1,2,5,3,2,5,5,5,5,4,5,3,1,5,4,4,4,9,3,3,2,5,4,3,3,6,3,4,7,3,10,3,7,7,3,3,6,5,5,3,4,3,0,8,3,5,6,1,4,7,2,3,6,5,1,6,0,9,1,3,3,5,6,5,5,3,6,0,2,4,7,4,2,5,3,6,1,1,3,5,1,3,3,3,7,3,5,4,5,2,2,5,4,4,7,3,1,0,4,5,2,4,2,7,5,2,3,8,2,6,4,7,3,5,5,6,3,8,5,5,2,4,1,2,2,2,5,2,7,6,2,6,2,2,5,2,7,1,4,4,4,1,2,4,2,2,4,7,6,8,7,3,1,3,5,6,3,2,4,4,4,4,6,2,2,3,6,6,5,3,4,1,3,5,2,1,4,1,0,4,2,4,0,2,3,1,1,3,4,5,3,5,4,4,2,3,3,4,5,4,6,3,2,0,0,1,1,1,5,0,6,4,3,2,3,3,4,4,1,3,2,2,6,1,3,2,2,3,3,5,4,1,3,7,2,4,2,3,4,6,1,5,5,4,6,5,5,8,4,2,2,4,2,4,3,2,7,1,0,4,4,4,4,3,9,2,2,4,4,1,5,1,4,6,5,9,5,2,0,7,5,4,4,4,4,4,7,5,0,9,5,4,4,1,4,3,1,5,6,5,2,2,6,2,0,4,5,5,2,4,2,5,6,2,3,5,1,6,2,6,5,5,4,1,1,2,4,0,0,7,2,2,6,5,6,6,1,2,5,1,10,1,3,3,7,1,3,3,1,2,1,8,5,2,0,1,4,4,5,3,3,4,7,4,4,1,2,3,1,7,1,3,2,13,4,1,3,7,1,1,4,4,4,3,7,0,4,4,3,3,1,2,2,0,3,3,4,5,3,2,4,5,5,4,3,3,3,5,4,5,1,3,4,3,3,4,4,3,5,4,4,5,3,4,9,3,1,7,2,8,4,4,6,7,5,4,5,1,3,2,1,4,6,4,4,4,4,2,5,4,3,6,3,3,0,2,2,4,2,3,8,4,1,4,2,0,1,6,2,7,1,2,5,2,2,4,1,2,8,4,4,4,1,4,2,4,3,4,1,3,3,5,2,2,5,1,5,2,7,1,1,0,7,2,2,4,3,3,5,3,3,4,6,6,1,3,3,6,3,1,4,3,2,3,4,6,4,4,4,2,6,2,4,4,6,0,4,4,3,3,1,2,4,3,5,5,3,4,2,3,5,7,7,7,2,3,7,6,8,9,5,4,5,7,2,2,4,3,3,4,7,2,4,2,4,3,5,3,2,6,2,2,1,5,7,2,3,2,6,5,4,7,4,5,3,4,4,3,5,0,1,4,4,4,7,1,5,4,3,2,7,3,6,7,7,6,4,0,5,4,2,3,3,5,5,2,1,8,0,4,3,1,4,4,2,5,5,3,3,1,5,0,2,2,3,4,4,3,1,2,8,4,6,4,4,4,5,4,3,2,1,5,2,2,4,3,3,2,3,5,5,5,4,3,6,8,3,6,5,3,2,4,4,1,3,2,7,6,3,5,6,1,4,1,3,1,5,2,6,6,5,2,3,6,1,3,2,6,5,1,5,5,0,1,5,5,3,3,5,2,3,4,11,3,3,2,5,3,2,6,10,1,4,5,1,3,2,5,2,3,4,6,2,4,4,3,6,6,2,3,4,7,2,4,5,3,4,3,6,2,3,2,7,4,4,6,3,4,1,5,5,3,3,7,5,5,3,5,7,3,4,2,0,2,2,6,2,2,1,8,2,7,1,3,4,6,0,1,4,6,5,0,5,2,2,4,5,4,3,2,2,0,5,1,3,5,2,7,3,2,3,3,1,5,7,3,5,3,0,3,3,6,1,5,3,3,7,3,3,1,2,7,3,3,3,5,3,2,3,3,4,9,3,3,4,4,6,4,2,3,2,2,2,3,4,6,4,3,6,6,8,2,1,2,4,7,2,3,4,1,2,3,5,4,1,2,5,8,3,4,5,2,2,5,5,3,2,12,4,6,3,6,3,8,5,7,4,6,3,5,2,6,1,3,2,4,5,7,7,5,5,2,2,4,3,7,3,1,2,4,0,1,6,3,3,2,5,6,3,3,2,2,3,5,6,5,2,3,0,3.665,7.58734139284203,0
2,5,5,3,0,6,4,5,6,4,4,8,4,3,1,1,4,3,2,1,3,1,3,4,2,6,5,7,2,7,8,5,6,2,3,2,5,1,3,4,12,5,4,1,2,8,4,3,1,11,7,1,3,4,3,3,2,0,1,2,7,6,5,7,1,1,3,5,6,6,10,3,6,2,4,1,2,2,6,3,3,4,5,2,4,3,6,4,6,4,4,8,5,2,5,2,3,5,7,0,2,8,6,3,3,4,4,8,3,2,2,3,4,5,3,5,2,5,2,1,5,3,7,2,2,4,4,2,7,2,4,4,4,1,4,4,6,7,2,4,5,8,6,0,1,3,4,5,2,0,8,7,5,3,0,5,2,3,5,3,0,3,5,2,2,5,7,7,6,3,4,3,6,2,5,2,6,2,3,4,1,4,5,5,3,7,5,7,2,5,8,4,7,3,3,0,5,3,4,3,6,5,6,8,9,1,5,4,2,3,5,3,2,6,8,7,8,7,5,4,4,4,7,8,3,4,4,4,8,4,5,1,5,2,2,0,6,4,7,3,2,3,6,1,4,3,1,8,4,2,1,2,5,8,2,6,4,1,3,6,4,4,0,7,5,4,2,1,4,2,4,6,3,4,5,3,10,6,7,2,4,2,2,3,5,7,3,5,1,3,8,3,2,6,1,2,6,2,6,2,3,3,7,8,1,2,2,4,2,4,3,3,6,4,6,7,6,8,0,1,2,5,3,2,6,6,4,4,2,4,2,3,4,6,4,8,6,11,4,3,3,1,2,4,6,5,1,6,1,3,5,6,3,3,2,2,3,1,3,3,7,1,3,3,3,2,4,4,3,3,3,4,4,6,3,3,3,5,2,6,2,10,3,3,0,8,5,1,2,4,5,6,5,2,2,6,5,14,6,2,4,3,2,5,2,4,2,3,4,2,2,3,6,2,1,2,5,4,0,5,1,3,8,5,7,2,2,5,6,6,1,5,1,3,1,3,5,1,2,4,2,4,2,2,7,4,3,3,8,5,4,6,5,8,4,7,1,7,3,4,4,4,7,4,3,2,3,4,3,5,4,3,4,5,0,4,3,5,3,6,10,4,2,4,1,2,3,3,5,1,8,6,3,3,3,2,6,4,0,3,5,3,2,4,5,3,5,3,4,3,4,4,7,0,4,4,3,2,6,1,2,10,5,2,4,1,5,3,1,2,6,2,3,2,3,2,3,3,5,4,2,1,5,6,4,1,6,7,3,3,3,4,5,3,3,3,4,5,3,2,7,4,6,3,3,1,4,11,4,5,2,3,7,8,2,2,3,2,1,6,2,3,2,3,1,2,4,2,4,1,3,2,7,4,1,8,3,1,4,4,2,4,5,4,6,4,4,5,4,2,7,4,3,2,6,2,4,5,4,1,3,6,3,5,4,5,3,9,0,3,3,3,2,2,5,3,3,5,6,6,8,0,5,4,5,4,3,3,1,2,1,2,3,7,2,5,3,1,2,7,2,2,4,3,5,2,3,3,0,4,2,5,6,5,3,7,5,4,3,3,3,6,4,1,4,5,2,5,6,2,4,6,6,4,2,3,5,5,6,2,4,3,7,6,3,6,6,2,5,3,1,4,3,8,6,7,7,2,3,3,3,3,3,6,4,7,2,3,2,5,3,4,3,5,7,6,6,2,4,6,2,3,5,2,7,4,4,1,3,2,7,8,4,4,2,4,3,5,4,2,1,3,5,3,3,7,3,1,4,5,4,4,3,2,2,5,5,4,0,5,5,5,3,3,5,3,1,2,8,2,10,3,4,4,7,3,6,5,3,4,5,3,0,3,8,3,4,3,3,4,3,6,6,4,8,1,5,3,5,5,3,8,4,2,1,2,3,4,2,5,4,3,6,4,3,4,5,2,4,2,6,4,3,2,2,3,3,2,3,6,3,5,2,3,6,5,1,8,4,3,5,1,3,4,2,4,6,2,5,1,8,6,3,2,5,1,4,4,5,4,3,6,3,5,4,4,1,2,2,3,6,7,4,4,2,3,5,2,1,4,7,4,2,9,4,4,0,2,4,6,4,3,5,1,3,2,5,4,6,3,6,2,4,2,5,3,4,8,4,6,0,1,3,5,6,5,2,2,6,4,4,2,5,4,4,4,3,1,4,2,5,3,3,3,3,6,6,1,2,6,6,3,1,7,4,5,4,4,4,1,1,5,2,7,6,2,4,4,7,6,4,3,6,2,4,5,5,3,4,4,5,2,4,3,2,2,8,4,5,4,3.867,7.8586007332916,0
3,3,10,5,5,5,5,4,6,5,6,3,1,3,4,4,4,4,2,6,4,3,6,6,3,2,4,5,1,2,2,7,5,5,7,1,2,4,3,2,6,5,5,4,6,4,4,5,7,6,7,1,3,6,3,2,6,4,5,3,2,4,5,6,6,6,3,3,4,2,5,4,3,5,7,2,3,1,4,6,5,1,5,8,2,6,5,4,5,2,2,1,5,3,4,5,4,5,7,7,3,3,5,6,5,2,1,2,6,5,2,0,2,3,3,6,1,2,3,0,5,4,3,4,6,3,4,3,5,5,3,5,4,3,1,3,4,6,2,3,4,2,4,6,6,4,1,5,8,6,6,1,4,3,4,4,0,4,5,1,1,3,2,4,2,4,3,4,4,2,0,5,10,7,6,2,3,5,3,4,5,3,6,7,5,6,5,5,4,2,2,3,5,2,6,6,5,8,9,3,3,1,7,3,4,5,2,5,5,6,4,5,3,9,3,7,4,6,6,5,2,3,3,4,1,1,8,4,4,3,2,4,1,6,8,1,5,3,3,1,4,3,6,9,5,5,3,1,1,2,2,5,2,3,3,5,1,2,7,3,6,3,6,3,3,2,4,4,8,4,2,8,4,0,4,1,3,4,7,5,4,6,0,6,5,1,10,1,5,6,4,8,5,3,5,7,4,7,4,4,0,5,3,3,3,5,2,1,0,2,7,3,3,4,3,3,2,6,1,1,3,7,3,2,3,5,6,5,5,6,4,3,1,6,4,5,2,6,6,4,6,5,6,6,3,4,5,2,4,6,2,4,2,6,4,4,2,9,5,5,8,2,4,1,2,7,2,4,7,0,5,3,3,3,7,8,4,2,5,4,3,5,2,0,3,9,3,9,6,6,7,0,3,0,3,3,5,4,1,4,2,3,5,7,1,2,6,2,8,2,3,5,2,1,3,6,1,2,6,3,5,7,5,4,6,3,6,6,6,3,4,2,4,4,10,7,2,0,3,3,4,2,3,4,2,2,4,1,2,7,3,4,4,3,6,4,9,5,5,2,4,5,4,6,5,2,2,4,7,3,3,2,2,8,7,5,6,3,3,0,3,3,2,8,2,4,3,7,3,3,4,8,5,3,2,1,5,3,7,6,2,5,5,5,3,2,3,4,4,3,3,7,1,1,1,5,4,6,3,5,3,7,0,2,3,2,5,2,6,7,5,3,8,4,3,2,4,9,4,2,4,6,5,10,5,5,5,3,4,4,2,3,4,3,3,2,5,3,2,3,8,1,3,0,4,6,5,3,4,3,1,2,5,3,4,2,3,4,2,4,8,1,5,3,8,2,5,1,7,5,6,9,4,5,4,5,2,1,4,3,3,4,7,3,6,1,3,7,5,2,1,5,5,3,3,4,6,2,2,3,5,5,4,8,4,4,4,2,7,4,2,4,6,3,2,3,3,4,4,3,8,6,4,3,2,8,8,6,2,2,3,3,7,3,4,1,6,3,4,1,5,2,6,3,3,3,5,5,3,9,1,5,2,3,5,6,2,2,3,9,0,4,3,3,3,8,1,1,2,5,6,5,1,4,5,2,1,0,4,7,1,4,6,4,4,6,6,6,5,3,3,5,2,5,2,6,3,3,3,1,4,1,7,4,6,2,4,5,0,2,1,5,5,3,4,3,5,6,4,4,4,4,4,3,10,4,1,5,6,3,4,8,5,2,3,1,5,4,4,5,4,0,6,3,2,2,3,3,9,3,6,4,4,3,4,2,3,5,3,3,6,1,4,7,8,4,2,0,6,7,4,8,3,3,4,2,3,3,4,3,0,2,7,6,5,4,4,4,5,2,2,5,5,4,3,8,7,2,1,3,6,2,3,2,4,5,5,2,3,1,2,2,7,6,4,4,4,3,3,3,3,4,8,1,0,7,0,6,2,4,3,1,6,3,3,5,2,4,8,5,7,3,4,3,4,4,2,5,2,8,5,5,4,5,7,3,7,1,6,7,8,3,2,1,2,4,2,4,1,1,4,3,5,3,1,7,8,6,2,6,1,4,4,5,4,7,3,5,2,4,1,5,5,6,4,2,2,1,2,3,2,1,4,3,3,3,5,4,8,0,2,2,7,3,4,3,6,3,6,2,7,3,5,2,3,3,2,5,7,6,5,5,0,7,1,5,3,4,2,4,5,5,5,4,7,4,7,6,2,10,5,1,3,4,3,4,3,4,5,2,9,2,3,6,6,6,3,6,4,4,2,5,7,3,8,4,2,3,5,1,3.959,7.93032200518529,0
3,7,2,4,4,2,2,4,2,8,4,9,6,3,2,7,8,4,3,3,1,2,4,3,5,6,6,10,3,1,4,3,5,5,6,6,4,5,4,2,3,4,4,3,1,8,5,3,0,6,1,2,6,10,8,4,5,6,9,4,6,2,4,5,2,4,4,5,3,6,0,4,1,2,4,4,5,4,6,4,8,4,4,4,2,3,2,6,5,6,6,2,5,3,4,6,3,1,4,2,1,3,4,5,4,2,4,3,0,7,4,6,1,8,8,2,7,5,3,5,4,4,3,1,7,2,4,5,0,3,6,2,3,4,2,5,1,6,5,2,2,5,4,10,3,3,2,4,2,2,3,2,8,3,7,5,5,4,3,2,5,8,5,4,2,6,4,5,3,6,7,1,6,7,6,3,9,5,3,4,4,6,8,5,1,4,7,6,4,1,1,2,3,5,4,5,6,3,5,6,4,4,3,4,3,5,4,5,5,5,4,3,5,4,6,6,7,6,4,5,3,5,3,5,0,4,4,6,8,5,4,3,6,2,4,5,6,7,4,4,6,2,6,4,2,6,4,6,3,8,4,6,7,3,8,4,8,5,3,2,4,3,5,7,3,5,4,5,5,0,1,6,5,4,1,5,2,6,3,6,8,2,4,7,4,8,3,4,7,2,2,7,3,9,5,6,8,3,13,7,2,2,3,12,3,5,3,8,2,2,2,7,1,7,5,7,5,9,8,1,1,5,3,3,8,7,10,6,4,3,9,6,4,5,3,6,4,3,4,3,6,7,2,2,9,8,4,3,3,7,5,3,6,6,4,7,4,3,2,3,4,3,3,2,2,4,6,5,4,0,2,5,4,3,3,4,3,1,4,6,4,5,5,5,5,8,3,6,4,5,6,6,5,3,5,2,3,3,2,6,5,6,9,5,2,1,5,3,6,4,3,3,6,3,3,3,5,2,3,4,5,4,5,4,6,9,1,3,4,5,5,5,7,6,7,5,10,9,2,4,8,3,4,3,4,5,2,3,7,1,5,5,4,8,6,4,6,3,4,3,5,4,5,5,4,1,5,4,2,5,9,4,9,2,4,8,6,3,2,6,8,1,4,6,7,1,5,4,4,1,1,5,4,5,3,6,1,6,6,5,4,4,8,5,0,5,3,3,6,7,2,3,4,2,10,5,3,10,7,5,5,6,7,3,3,2,4,5,5,6,4,0,3,3,3,2,3,3,5,6,3,3,4,4,5,8,3,4,4,4,1,4,5,8,2,4,4,6,4,3,3,4,5,5,3,2,7,3,6,4,4,5,6,3,2,2,3,1,4,4,0,2,5,5,9,7,7,1,5,4,8,1,6,7,4,4,3,6,3,2,2,2,5,5,5,4,7,11,4,3,5,6,4,2,3,2,2,6,6,5,7,3,5,4,6,0,2,6,5,6,5,3,8,5,3,3,3,1,7,7,9,6,2,3,5,4,6,1,2,3,5,5,5,4,3,5,7,2,8,6,3,6,3,1,2,7,4,3,5,7,6,3,2,1,3,4,5,4,3,8,8,5,3,2,3,2,2,5,6,3,6,5,4,6,3,2,3,3,2,4,3,4,8,5,6,2,2,7,4,3,3,5,3,3,4,7,1,3,4,3,7,4,7,4,6,2,8,1,4,4,5,3,3,2,6,6,9,9,1,7,1,4,3,4,6,8,1,3,7,1,2,1,3,1,9,3,3,5,6,1,6,3,1,3,4,7,4,8,5,5,4,4,2,8,3,6,4,8,4,3,6,5,2,3,2,5,3,7,6,3,3,2,1,3,6,2,8,5,2,3,2,2,4,4,2,8,4,3,2,5,2,4,6,4,4,1,3,3,7,4,6,2,5,3,4,5,6,5,5,10,4,3,2,3,6,9,8,2,5,2,2,5,5,3,2,6,4,1,5,6,10,8,6,4,2,5,3,3,5,6,5,5,6,4,3,8,1,4,3,4,4,1,5,2,5,3,4,1,6,5,5,5,2,3,2,2,6,5,7,6,2,4,6,2,2,2,4,9,9,5,3,1,4,5,6,3,2,4,4,1,1,6,4,6,3,1,6,6,4,4,7,10,4,5,2,1,7,5,3,6,1,5,4,4,5,3,1,4,4,3,12,3,5,6,5,7,3,3,6,3,1,7,3,7,5,2,4,6,2,0,8,4,4,6,5,6,1,5,1,4,6,4,5,4,4,2,7,3,3,3,5,2,3,4,3,9,2,3,4,4,1,2,6,3,5,4,5,3,5,3,4.301,8.42204615599242,0.179953844007585
5,5,5,1,5,4,2,4,1,7,8,2,4,3,5,4,2,2,6,7,6,3,1,4,5,7,4,7,5,5,3,5,5,5,4,4,3,1,2,8,3,4,8,6,3,3,4,7,6,5,2,2,3,2,5,3,3,4,3,5,3,5,3,5,4,2,2,6,6,6,7,6,7,9,9,4,0,4,5,4,14,5,4,5,1,6,6,2,1,4,1,8,4,3,8,6,6,6,4,4,5,6,3,6,5,7,3,5,6,4,2,3,1,5,5,4,2,3,7,1,5,5,4,2,5,4,6,3,6,3,9,4,7,5,5,2,7,7,5,6,7,3,5,4,3,4,2,5,2,5,5,1,2,4,4,4,2,4,2,3,4,5,5,4,3,7,3,4,4,4,5,5,1,5,5,4,7,2,1,4,7,3,5,5,2,2,2,4,4,3,4,4,4,3,6,3,4,5,5,6,3,6,4,4,3,9,7,3,5,6,4,4,7,5,3,8,3,4,7,3,4,2,3,5,2,3,7,3,3,3,5,5,10,3,4,4,6,2,3,6,5,2,5,5,3,3,1,2,3,2,4,11,8,2,3,3,1,5,4,6,8,4,3,7,4,3,6,3,4,5,4,11,0,4,4,4,3,6,4,6,2,2,1,6,5,4,3,4,5,2,5,5,6,3,6,7,3,6,4,2,3,5,3,4,2,3,7,4,6,3,4,6,6,2,5,3,4,8,5,5,5,7,7,3,9,7,2,4,3,4,3,9,4,1,4,12,3,3,11,2,6,4,3,6,7,3,7,5,3,5,6,4,5,3,3,1,5,3,3,2,6,2,4,3,0,3,8,4,3,5,3,3,4,3,3,7,5,5,0,3,7,3,1,4,4,4,5,9,4,6,4,3,5,3,5,7,3,4,2,4,3,4,2,11,5,3,4,7,6,4,2,4,5,1,4,4,4,2,6,5,0,2,2,0,6,4,1,3,4,2,5,3,2,2,3,7,5,3,4,1,3,3,3,3,4,3,2,2,5,3,3,2,3,3,8,2,3,3,5,3,6,1,6,6,4,3,3,7,4,7,3,3,3,2,5,6,6,2,3,8,8,3,1,2,8,3,6,4,5,6,5,7,3,6,4,5,4,5,6,4,4,6,5,4,3,3,7,3,6,5,6,6,8,3,7,2,7,4,4,7,5,2,8,2,2,5,5,2,6,4,7,5,3,7,9,3,5,0,4,3,3,5,2,1,3,1,6,7,1,3,5,4,2,7,7,3,1,2,8,8,2,5,7,9,6,2,8,5,2,3,1,3,3,3,4,5,3,4,4,3,3,7,6,1,4,5,2,3,3,4,2,5,3,3,5,2,3,1,5,5,6,4,2,4,6,6,2,6,2,7,2,3,2,6,3,3,2,1,4,7,3,3,4,2,3,2,8,4,3,2,4,3,4,4,7,6,7,3,2,4,3,8,3,6,5,2,6,6,2,2,1,7,6,5,3,7,0,1,3,7,4,1,3,1,3,4,7,4,0,5,3,4,5,3,6,4,2,4,6,6,0,3,6,4,4,5,0,5,3,3,4,5,8,7,4,2,3,5,3,1,6,9,3,5,6,8,7,5,3,4,5,8,5,5,4,6,4,5,2,3,3,4,5,5,6,2,13,4,3,3,5,2,3,6,7,4,5,4,6,2,3,3,4,2,3,4,6,6,3,8,7,3,3,4,3,4,3,8,9,5,7,4,5,4,3,7,2,1,7,6,3,9,5,5,4,3,2,7,2,1,4,7,2,9,2,3,2,8,4,3,1,3,3,0,4,6,5,2,5,5,3,5,4,8,3,4,4,2,7,5,5,3,3,5,8,1,4,7,7,4,3,8,2,3,3,1,4,5,2,3,6,4,8,3,6,2,1,3,4,2,1,5,8,1,3,4,10,3,0,4,5,2,7,5,5,8,4,6,4,1,4,2,6,3,3,1,4,2,5,7,4,3,3,8,5,3,6,7,4,3,6,6,4,5,3,5,7,10,5,3,5,9,6,6,9,4,5,6,0,4,1,4,2,5,6,1,3,8,8,2,3,2,11,4,5,3,7,5,3,1,3,7,3,4,4,6,5,4,3,2,4,3,2,9,4,4,5,8,5,4,4,8,5,4,4,4,4,4,3,9,2,5,4,4,2,3,5,6,4,3,4,1,3,4,5,3,5,4,5,8,3,1,3,5,6,7,6,8,1,6,5,3,4,6,3,4,3,2,7,2,3,5,5,3,5,2,6,3,4,1,4.251,8.28414150369024,0.217858496309761
3,2,4,10,7,4,5,7,0,3,5,3,2,2,6,6,4,1,5,2,6,5,3,1,6,4,2,3,5,4,6,6,8,5,5,6,4,1,7,5,5,5,3,4,2,3,5,3,4,5,7,5,7,5,6,7,2,4,6,5,3,11,5,6,5,4,5,5,6,5,3,4,4,4,3,6,2,6,3,5,8,5,8,1,1,3,8,3,3,4,5,3,1,6,3,4,4,9,6,2,5,4,6,6,8,2,6,3,5,2,6,2,9,4,4,3,2,10,8,5,3,6,8,2,3,2,4,2,4,6,2,2,7,5,4,2,4,6,5,4,3,7,9,4,3,3,2,5,8,3,4,7,5,9,10,6,5,4,8,5,3,1,3,4,3,9,4,5,4,3,6,5,7,2,4,0,6,7,5,5,2,4,7,6,3,5,5,7,7,4,3,4,3,3,5,5,3,6,4,7,6,1,5,2,3,4,7,5,8,5,6,1,2,5,5,2,11,3,2,4,3,4,4,5,2,6,1,2,2,2,6,4,3,4,2,4,6,4,5,4,1,1,5,4,7,6,4,1,2,7,5,7,8,4,6,4,3,3,3,5,2,7,5,7,3,6,10,7,4,5,0,5,6,3,3,5,5,3,3,3,5,2,4,6,1,6,3,1,3,3,9,6,5,3,5,7,4,4,3,1,4,4,7,7,4,10,4,3,7,6,6,4,4,3,4,3,2,3,6,6,2,3,2,4,5,5,4,3,1,1,1,3,1,3,4,6,6,7,5,10,4,0,4,3,5,5,4,4,2,6,4,2,3,4,8,5,1,3,3,9,5,4,6,4,2,6,2,7,1,1,5,1,2,1,3,8,6,1,7,7,3,6,5,3,8,6,3,8,3,2,3,3,5,3,2,4,0,4,2,4,0,4,6,4,6,2,1,4,2,6,3,5,4,5,4,5,1,5,6,3,2,4,5,1,7,2,3,5,7,3,6,5,8,2,4,6,4,4,7,5,4,6,4,4,3,8,7,3,5,3,9,5,8,3,5,5,5,7,4,4,3,5,5,3,3,3,3,6,4,4,2,9,2,3,5,5,2,4,9,1,6,3,2,4,3,5,5,6,3,3,8,1,2,7,4,3,6,3,3,4,6,6,3,4,7,2,5,7,5,1,6,3,5,6,5,3,4,4,3,3,3,3,2,7,3,6,2,4,6,3,5,3,4,1,4,1,5,4,5,3,2,2,3,3,6,2,5,4,6,2,4,5,4,5,4,1,4,4,6,2,4,4,4,4,6,5,4,4,2,2,3,4,2,3,3,4,8,4,4,5,6,2,3,6,5,5,6,4,7,4,2,6,9,5,2,9,4,1,2,4,6,2,5,7,9,4,5,3,8,3,4,3,4,3,5,4,4,4,1,4,8,4,4,4,2,5,3,5,6,8,6,4,8,2,6,0,6,2,1,6,2,6,4,2,4,3,5,9,2,6,5,3,6,5,9,4,3,2,10,5,3,6,7,4,1,8,2,3,6,2,3,5,5,3,7,3,4,2,3,4,3,5,3,7,5,6,3,7,3,5,1,5,4,3,2,3,3,3,7,4,4,3,4,10,2,5,5,1,4,7,5,4,2,4,4,4,3,2,2,1,2,1,1,4,6,5,6,3,4,7,3,4,4,6,9,3,4,3,4,1,5,8,3,3,5,3,2,6,2,4,5,7,7,4,1,3,3,1,3,2,5,6,5,2,6,3,2,5,4,2,9,5,3,1,4,3,8,8,4,3,2,4,4,6,5,6,3,4,5,3,5,11,4,1,6,4,4,6,1,4,2,1,2,8,5,3,9,5,4,9,7,5,0,5,6,5,4,4,4,2,6,6,6,3,6,3,6,3,2,4,5,6,6,3,1,3,10,4,2,3,5,5,5,6,2,3,3,5,4,3,6,5,6,6,7,4,1,5,2,3,1,1,3,2,2,6,2,4,3,4,7,4,5,4,5,1,5,3,6,7,5,3,4,3,8,5,6,5,6,1,6,2,5,1,2,2,4,7,2,7,7,3,4,3,7,3,8,2,3,4,6,3,4,5,3,6,3,3,4,7,8,6,8,8,1,1,4,4,2,4,2,5,3,3,3,2,3,3,4,3,3,6,6,1,5,3,3,2,6,5,4,7,6,2,5,7,3,6,6,5,3,2,1,3,1,4,5,6,4,4,5,4,1,6,4,8,6,5,2,3,6,2,6,7,4,2,4,3,6,6,4,5,2,1,4,3,4,3,7,5,4.267,8.22104474525106,0.312955254748938
5,4,1,2,5,3,4,1,11,5,3,9,1,4,7,6,3,3,6,7,2,4,5,4,3,4,4,3,7,6,9,8,5,10,5,3,12,6,3,3,4,6,1,2,5,6,5,4,6,5,4,5,12,9,1,4,7,2,5,4,3,5,2,3,6,2,3,5,5,6,7,1,8,6,8,3,6,3,6,2,5,3,7,9,6,1,2,2,7,6,2,6,3,4,9,5,7,5,6,8,1,3,5,7,5,4,3,6,5,6,5,5,3,4,8,9,4,3,8,1,3,3,4,5,1,4,4,7,4,4,0,5,6,5,5,10,4,10,6,8,8,3,8,6,3,5,1,3,2,2,4,5,4,2,7,7,5,6,5,3,7,4,6,7,5,3,8,7,5,4,3,7,7,3,4,3,3,6,5,5,5,4,4,7,6,4,3,4,3,4,6,1,5,4,4,4,4,3,5,6,5,4,6,3,6,2,4,4,8,7,8,4,4,6,4,6,4,6,6,1,6,6,2,2,3,3,5,5,4,5,4,2,2,5,4,4,7,5,2,1,6,2,4,2,4,8,3,4,3,6,3,4,3,4,2,4,3,1,10,4,4,1,2,3,5,1,1,3,9,7,2,4,3,1,4,7,11,3,6,4,2,6,2,6,3,4,2,4,4,8,7,8,4,2,2,2,7,6,8,4,5,2,7,6,7,6,5,7,1,4,2,5,1,4,4,7,4,5,1,3,3,6,8,5,4,5,4,8,3,9,7,5,4,2,5,2,7,8,6,5,6,4,5,5,6,7,11,2,3,5,3,1,7,4,5,3,2,5,6,3,5,3,4,5,5,4,2,6,3,1,3,5,5,6,3,8,3,3,1,6,3,9,4,10,2,6,4,4,3,6,8,2,8,6,5,4,10,4,6,4,6,3,7,2,3,1,7,1,6,2,4,5,4,2,2,6,4,3,5,7,4,8,6,5,8,6,2,3,6,3,5,4,1,4,3,4,6,6,4,4,4,7,8,6,2,3,1,8,7,4,5,7,4,5,6,1,5,6,4,4,4,2,7,2,2,3,5,8,5,6,5,4,2,3,0,6,4,4,5,1,1,5,4,4,4,2,4,3,2,3,4,9,3,5,3,3,4,5,4,5,6,4,3,9,4,3,3,4,2,3,3,5,4,7,5,5,3,8,11,2,5,1,3,4,6,5,6,1,2,10,7,4,3,3,3,9,7,3,2,7,3,3,4,5,3,10,8,7,4,2,1,1,2,5,4,3,1,2,5,6,2,11,5,4,5,5,3,3,3,5,1,4,9,3,3,1,8,3,5,2,5,0,2,0,1,6,7,4,10,5,5,7,5,3,4,5,4,1,2,4,5,8,5,4,8,5,6,6,5,2,5,4,3,0,2,2,11,3,4,7,4,5,2,2,10,2,3,3,2,5,4,3,3,5,3,4,4,2,7,5,8,7,6,5,3,3,7,4,2,4,4,3,7,5,3,5,2,10,6,6,6,3,3,2,5,1,2,7,5,14,2,4,1,6,7,6,5,1,4,5,3,2,4,9,7,3,3,10,4,3,1,3,3,6,2,1,3,8,4,7,3,3,6,5,1,7,1,7,0,2,4,4,3,8,6,8,7,3,4,5,6,4,5,4,6,3,4,3,3,7,3,7,4,4,6,7,1,2,3,3,1,5,2,5,9,1,4,0,4,2,5,6,7,4,5,0,4,5,3,3,5,6,9,4,4,6,11,5,6,7,4,3,5,4,3,5,5,6,0,2,4,8,6,3,3,5,4,0,3,6,4,5,8,5,10,5,4,8,4,2,5,4,4,4,7,8,3,4,3,7,3,5,10,2,7,3,6,2,4,4,5,4,3,5,3,4,4,3,3,3,6,5,5,11,6,5,6,4,9,2,1,3,3,5,6,7,7,5,3,2,2,4,7,5,4,1,3,10,3,6,2,7,3,3,3,4,4,2,3,8,3,7,4,3,4,3,3,3,1,7,4,5,2,4,2,4,7,4,6,0,6,4,4,2,2,6,9,6,4,5,3,3,5,7,2,6,9,2,3,6,2,4,4,2,3,6,3,4,4,5,5,3,4,3,5,3,4,9,4,2,3,3,5,7,9,7,2,5,5,1,5,2,5,3,2,0,5,1,8,5,3,0,4,2,3,7,3,2,5,2,8,2,4,7,2,3,5,3,2,4,6,4,2,3,7,2,5,4,5,2,3,1,2,9,1,9,7,1,3,6,4,3,2,2,4,5,7,3,6,3,4.443,8.79653225377793,0.0894677462220717
5,9,5,4,6,6,3,5,6,5,4,8,6,3,5,4,3,4,8,4,6,5,3,5,3,1,7,4,5,3,4,6,6,2,6,5,4,6,3,3,5,6,5,2,4,7,1,5,5,6,2,5,3,9,4,4,3,2,7,3,4,0,7,6,5,5,4,3,2,2,3,6,5,3,7,4,2,5,6,5,5,1,1,4,3,3,4,3,3,2,4,4,1,3,5,3,8,6,4,4,6,6,2,7,5,1,3,7,6,5,2,5,4,5,6,8,3,1,2,4,8,7,6,3,3,6,4,1,3,4,10,8,2,6,3,6,5,3,5,0,7,2,4,4,5,9,4,2,2,6,3,2,7,3,8,2,2,2,3,6,2,2,5,4,1,1,6,1,4,5,3,3,6,6,4,4,5,3,4,2,7,5,4,6,7,4,8,6,6,2,2,5,10,4,3,4,5,9,3,4,6,4,4,2,6,4,6,2,3,2,6,5,3,9,4,7,4,7,5,3,5,4,6,4,5,6,5,4,4,5,3,5,2,4,6,3,6,5,7,7,5,5,10,2,4,3,5,7,4,9,2,9,7,4,4,5,5,4,3,4,7,3,12,5,4,5,5,5,8,5,3,7,5,7,2,5,5,5,2,7,9,4,3,2,6,6,4,7,10,1,8,6,5,2,3,6,4,5,5,3,1,7,3,9,3,6,4,5,1,3,4,8,4,4,5,7,4,3,5,8,4,2,6,2,2,5,11,8,3,3,7,8,3,5,5,9,4,8,8,6,3,2,6,6,0,7,6,5,6,2,7,7,9,5,5,5,7,3,4,11,5,2,8,1,2,10,8,2,5,7,5,2,9,4,5,6,4,8,6,9,6,3,4,7,7,6,4,0,5,3,4,6,10,1,2,2,3,4,6,4,5,2,8,10,3,6,2,7,6,7,3,3,6,4,3,6,7,5,4,0,3,4,3,4,4,7,5,6,3,6,3,9,7,2,3,5,7,5,5,8,6,2,4,4,3,4,4,1,6,2,1,5,4,6,4,2,5,8,5,6,11,3,7,3,8,10,9,3,1,5,6,3,6,3,7,5,6,6,1,2,2,5,0,5,4,4,7,3,5,4,5,2,6,2,7,5,6,7,5,3,4,7,3,3,0,4,3,1,4,8,4,7,6,2,2,1,5,7,6,5,2,2,5,4,4,3,6,4,3,4,7,3,6,7,3,5,4,5,5,3,1,4,2,9,7,1,5,5,6,4,1,2,6,9,3,2,7,4,4,4,4,2,3,6,6,7,4,5,4,6,3,5,5,2,2,2,5,4,6,2,10,5,7,2,7,4,13,5,6,3,6,5,3,5,3,3,6,3,6,2,6,3,7,4,7,6,4,8,7,3,7,2,9,7,3,6,2,5,8,2,3,3,7,3,5,4,2,7,4,3,5,2,4,11,5,8,3,1,8,4,2,4,1,4,5,3,8,4,11,5,6,2,8,3,7,6,1,2,3,5,4,4,5,7,6,4,0,4,2,6,3,8,2,7,2,7,2,4,0,5,7,5,2,3,4,3,5,7,4,1,8,3,3,5,4,5,5,5,4,4,5,4,5,5,4,3,4,4,10,7,8,2,4,10,5,7,3,3,3,1,0,2,7,5,6,6,3,3,9,3,3,4,8,6,4,6,11,6,3,3,3,5,6,2,8,5,4,3,3,7,3,4,3,5,7,2,7,3,7,3,3,4,4,7,2,3,8,2,2,3,5,7,5,5,5,5,6,6,5,6,4,4,2,8,7,3,4,5,4,2,6,3,2,2,5,3,4,3,3,5,4,4,5,2,3,2,5,6,2,6,5,5,5,5,5,4,6,2,3,3,6,3,2,4,3,2,5,4,7,5,4,8,3,4,6,6,8,1,3,6,5,3,9,3,4,4,7,3,2,2,2,1,6,2,7,4,10,9,4,6,3,4,5,3,4,7,7,6,1,1,7,5,5,4,7,8,7,5,4,7,6,1,6,4,1,7,6,7,4,2,2,3,7,2,5,5,6,9,5,5,1,4,2,3,6,4,3,2,4,2,3,6,5,1,2,0,11,2,4,4,5,3,8,5,6,10,2,2,6,5,1,6,3,6,4,3,4,4,3,5,9,7,7,3,6,1,5,6,7,4,0,4,4,4,5,2,8,2,8,6,5,6,5,6,5,1,8,7,2,6,3,5,2,4,3,4,5,6,5,7,4,4,4,6,7,2,4,3,3,3,7,5,6,2,4,4,3,2,7,4,4.59,8.82313019304052,0.356869806959483
5,4,1,1,9,3,7,3,4,3,4,5,2,3,5,7,10,3,4,8,5,5,5,5,5,3,6,5,2,4,4,8,4,1,6,5,8,2,2,1,6,7,6,6,1,3,2,5,5,8,4,4,6,2,3,6,1,8,4,8,7,6,6,1,2,0,5,5,4,3,4,6,3,5,4,2,2,8,6,6,6,7,8,7,6,5,11,6,6,3,7,8,6,4,3,8,5,2,2,6,6,6,5,9,4,6,2,3,6,3,1,3,4,10,5,9,2,4,5,6,2,2,5,3,6,4,5,4,6,2,6,8,4,5,8,4,3,2,9,2,4,5,4,9,3,5,4,3,4,4,6,1,4,3,3,5,1,3,4,11,5,6,4,3,2,8,4,3,1,6,12,7,3,5,7,2,8,6,5,8,5,7,6,4,1,5,6,3,1,5,3,5,3,5,4,4,2,3,11,7,5,2,6,5,3,9,8,2,4,7,2,10,5,5,4,6,8,5,5,4,4,4,0,3,1,9,8,6,3,2,0,6,5,5,6,2,4,3,5,5,2,2,1,2,6,5,6,4,1,1,2,9,2,5,8,3,2,6,5,1,3,8,2,5,4,3,9,4,6,4,8,3,1,4,6,3,7,3,5,6,3,1,4,6,6,7,7,6,12,5,6,3,5,3,3,5,2,1,5,4,1,4,5,7,6,7,4,10,7,3,4,3,6,3,3,4,3,4,5,3,4,3,6,3,5,5,5,3,6,3,2,5,6,6,5,7,4,5,3,6,5,6,4,4,2,8,6,3,6,7,3,2,5,3,3,6,2,6,3,5,9,4,5,4,2,7,3,3,6,4,5,7,2,4,9,10,12,4,3,8,2,10,3,5,0,5,6,7,6,6,7,3,3,1,2,6,4,5,8,2,2,2,6,6,3,3,5,1,5,6,5,3,3,5,6,4,4,5,4,4,1,5,9,4,5,5,2,6,4,6,6,1,9,5,3,7,3,3,2,0,5,8,5,3,7,8,4,2,5,4,2,8,5,4,7,5,9,5,7,4,9,4,4,6,2,4,3,9,1,7,4,7,4,2,3,6,3,4,2,6,10,5,4,4,2,3,3,6,5,3,7,6,4,7,8,3,9,4,7,4,4,6,1,5,8,4,4,2,13,5,4,0,6,3,9,3,4,7,7,10,2,9,3,6,4,5,4,5,2,4,4,7,4,6,4,3,8,6,7,2,4,1,4,5,5,5,4,3,3,5,3,2,2,3,5,4,6,5,4,4,7,5,7,8,3,2,4,10,1,3,5,4,6,4,4,4,2,5,2,6,3,3,6,1,9,7,4,3,4,3,10,7,5,6,5,2,7,3,2,3,6,2,3,3,7,3,11,7,4,3,5,6,2,2,4,5,8,4,7,2,5,5,2,7,3,5,5,5,6,4,3,6,7,6,5,9,5,5,5,6,4,4,5,4,3,6,4,3,1,4,7,3,8,3,3,4,2,1,5,3,5,1,3,7,3,9,4,3,2,4,2,2,4,1,3,5,3,3,4,1,6,3,6,4,3,5,6,4,3,5,8,8,4,7,8,3,4,7,3,4,3,4,6,4,2,3,3,5,6,4,3,6,3,4,4,0,3,6,7,2,3,8,6,4,4,0,7,5,3,3,6,1,3,5,9,0,5,6,3,2,2,10,7,4,8,2,2,2,7,2,4,4,6,2,8,3,6,5,8,7,4,2,4,4,2,5,1,5,5,3,5,4,2,1,4,3,2,7,3,6,6,3,4,6,5,5,5,8,5,3,5,7,4,3,4,3,3,3,10,3,7,5,2,10,6,7,4,3,3,7,9,5,6,1,3,6,6,4,6,0,3,9,4,3,3,2,2,1,5,5,4,2,3,1,9,4,3,4,4,1,5,7,4,2,3,7,2,2,3,4,8,2,5,5,2,4,2,2,5,5,3,3,2,2,5,2,1,6,4,7,3,0,5,5,7,5,4,2,7,6,5,3,1,4,3,4,4,6,1,3,5,4,3,5,2,4,5,8,5,4,2,4,4,4,2,3,5,9,4,6,5,3,3,2,3,4,3,5,3,3,5,7,6,3,8,1,4,5,3,4,4,4,3,3,6,2,3,4,3,3,6,3,4,5,8,3,3,3,5,7,2,6,4,7,3,5,3,6,3,3,8,3,5,7,5,9,3,6,3,3,1,4,3,7,5,2,7,4,2,6,6,6,3,6,2,7,3,3,6,5,4,8,2,3,8,3,7,2,7,2,4.51,8.78111327977246,0.238886720227544
9,1,7,5,5,2,7,4,4,5,3,6,4,0,5,4,5,2,5,4,7,3,6,2,4,6,1,4,1,6,3,9,4,5,6,3,3,3,1,3,8,8,7,2,5,3,4,4,5,9,9,5,5,5,0,4,3,0,7,5,5,4,0,5,4,4,6,7,8,7,6,4,2,5,6,9,5,7,7,5,4,4,6,5,6,1,9,3,9,4,0,4,6,2,2,2,7,11,3,3,0,3,5,5,4,6,3,3,4,1,5,6,9,5,5,6,3,4,3,1,5,11,0,5,7,2,6,8,7,5,7,3,6,2,1,7,3,1,9,3,4,2,4,3,1,3,4,4,7,3,4,2,2,1,9,7,1,7,5,3,4,4,2,2,3,8,6,2,7,2,5,6,3,4,7,3,5,7,8,4,5,4,5,4,2,4,4,3,5,5,8,1,2,4,5,5,4,3,3,4,9,6,5,4,7,9,3,11,4,4,2,2,2,5,8,7,6,3,5,1,5,3,5,5,0,5,3,8,2,4,5,4,9,3,4,4,3,5,3,4,6,4,1,6,4,2,3,3,4,7,6,4,6,6,5,5,5,7,5,1,5,6,0,1,4,3,2,3,3,10,2,8,6,5,3,5,1,3,4,3,6,6,2,3,8,4,1,2,7,8,6,6,4,5,6,5,6,3,7,7,6,1,7,7,3,4,5,10,4,5,6,7,7,8,8,4,0,1,7,11,7,1,4,4,2,4,4,7,3,2,7,4,4,5,6,4,3,3,6,4,3,3,8,2,2,5,5,4,4,5,4,1,6,3,8,5,4,4,2,10,5,6,4,2,4,2,4,3,4,1,5,6,4,3,4,2,5,1,3,4,3,4,6,6,6,4,6,3,3,2,7,3,7,5,4,3,2,2,7,6,8,5,8,3,5,2,9,6,4,7,1,5,5,2,6,1,4,6,0,4,3,4,5,3,0,4,4,5,6,10,2,2,2,3,7,6,6,4,5,6,3,2,7,5,4,6,2,4,7,1,1,3,7,6,5,6,2,7,3,4,3,4,8,5,3,2,2,7,4,3,4,10,6,2,5,11,4,6,6,8,1,1,5,2,6,4,3,4,2,4,3,3,4,3,5,2,3,3,7,4,3,5,6,3,3,7,4,3,4,8,12,5,5,5,5,5,3,4,10,3,2,3,5,3,5,7,1,7,8,4,6,0,6,4,6,7,6,4,4,6,0,3,3,4,4,3,7,4,5,5,1,2,7,7,4,7,6,2,4,1,8,6,3,4,6,7,2,7,9,7,4,3,6,2,3,4,10,6,8,4,5,7,4,1,7,5,7,2,5,5,1,4,7,0,4,6,1,4,1,2,5,6,3,6,10,7,3,8,6,3,5,5,7,4,3,4,5,3,5,6,5,8,6,4,4,9,5,3,3,5,2,3,5,3,5,4,5,5,3,4,2,11,2,4,6,1,2,2,3,5,4,3,5,2,8,1,7,3,10,8,2,6,2,3,6,9,5,6,2,7,4,1,7,2,8,4,6,3,4,7,4,4,5,1,4,2,2,6,4,3,3,5,6,3,5,4,3,4,3,3,4,3,5,4,1,3,3,10,7,5,5,8,5,4,5,6,1,7,1,5,1,2,3,5,6,4,4,4,7,5,1,6,4,4,4,6,7,8,1,6,2,5,5,3,2,5,6,2,2,2,4,3,3,2,8,3,7,5,8,1,2,4,3,8,6,2,4,4,8,8,6,2,2,9,6,5,6,4,4,4,4,3,2,4,3,3,8,4,6,9,3,5,5,2,4,4,4,4,3,3,4,0,3,2,5,0,6,4,2,8,5,4,6,2,5,6,4,3,6,2,2,3,8,3,7,2,1,4,3,3,8,1,6,2,5,4,3,2,4,0,4,3,7,5,1,5,6,8,2,7,7,4,2,7,8,0,0,4,4,8,4,4,5,3,2,5,2,5,6,5,3,7,5,2,9,5,4,5,7,6,7,3,9,8,3,5,4,9,10,6,4,2,5,2,2,5,6,6,1,9,5,2,4,7,5,5,7,6,4,2,3,2,8,6,3,6,4,7,2,1,4,5,6,7,6,4,5,8,2,5,2,5,6,3,4,2,3,8,5,8,7,5,2,9,6,11,2,6,7,5,3,4,4,3,5,4,4,7,3,2,9,3,5,4,5,5,3,2,2,6,4,0,4,7,3,5,4,1,1,5,0,3,6,2,4,1,6,3,3,9,8,4,4,6,4,1,3,1,7,4,4.46,8.82043810418866,0.0995618958113411
2,4,2,5,6,8,3,6,2,3,7,4,4,3,3,2,3,5,6,3,4,3,2,4,3,5,7,5,7,5,2,5,4,4,2,7,6,7,7,6,3,7,0,9,3,5,6,1,3,6,4,1,3,6,3,4,3,1,6,7,4,6,8,5,5,9,6,5,5,3,6,5,3,4,10,3,5,6,6,4,5,7,6,3,5,3,5,4,5,10,3,1,7,4,3,5,5,4,3,5,6,5,4,7,7,1,7,4,5,7,7,3,3,3,3,5,4,5,7,3,3,4,8,1,4,6,2,3,1,4,3,5,8,3,3,8,5,4,8,3,1,3,8,5,5,10,2,4,4,6,3,4,1,6,8,5,8,2,4,8,4,3,1,3,0,4,5,1,8,5,11,4,7,2,8,3,2,4,6,3,1,7,7,10,4,3,4,6,4,5,3,4,4,3,3,4,3,1,7,3,4,3,7,6,7,4,5,7,3,5,1,4,7,7,8,1,6,6,4,7,5,4,5,2,1,4,8,5,7,1,4,6,2,6,6,12,5,1,4,4,3,5,3,4,6,6,5,3,7,1,3,6,9,4,3,5,4,4,5,2,4,4,6,6,2,2,7,1,4,8,0,4,2,4,5,6,5,3,2,1,6,3,4,6,5,1,4,5,6,2,8,3,2,1,4,6,7,3,5,3,1,0,4,5,1,8,5,7,1,5,14,8,5,1,4,3,3,3,1,4,5,4,4,7,6,6,2,5,6,6,2,5,6,3,3,4,5,7,4,4,5,5,3,5,4,8,2,4,5,4,5,4,5,5,5,4,0,5,2,6,2,4,2,3,3,6,2,2,4,1,4,5,3,8,2,9,8,2,5,2,2,7,2,8,4,6,7,7,3,8,3,5,2,3,5,5,5,6,2,3,8,5,6,3,5,4,2,1,2,2,3,5,4,4,5,7,6,3,5,8,1,6,3,4,5,7,5,10,5,5,3,7,8,2,4,3,7,3,4,5,4,11,7,3,7,5,8,4,6,4,9,4,4,5,4,4,4,5,4,2,6,4,5,6,10,4,3,4,3,6,4,5,7,4,3,7,4,6,1,1,10,3,3,4,2,9,3,8,6,4,4,1,5,3,5,4,3,4,6,3,5,3,5,3,3,4,4,4,4,2,1,3,3,3,9,10,7,6,2,2,4,3,6,4,5,5,4,7,2,2,5,5,4,2,4,2,3,3,5,9,2,4,6,9,3,3,4,8,6,6,3,1,2,7,4,6,5,3,3,6,3,3,5,1,5,5,3,8,0,3,4,2,7,5,7,6,5,2,9,2,3,8,5,2,5,3,8,7,3,2,2,3,6,6,5,2,5,2,2,3,7,7,3,6,7,4,5,4,2,3,4,2,3,3,4,6,4,3,7,6,6,3,1,4,3,4,1,3,6,6,6,5,5,3,7,1,1,3,6,5,6,5,7,3,3,4,8,1,8,5,2,1,5,6,0,5,2,6,7,3,7,7,5,3,6,4,4,5,6,3,2,3,4,4,7,4,6,4,1,4,4,0,8,8,5,8,2,5,2,4,7,6,5,5,7,2,5,5,8,7,0,3,5,3,2,4,2,5,1,6,4,4,2,5,7,9,5,1,4,3,4,10,7,4,6,5,5,4,1,2,3,5,6,0,6,5,4,4,4,1,5,9,4,3,10,4,3,6,5,6,5,9,8,7,7,4,7,1,3,5,1,4,5,5,6,6,4,3,6,7,3,8,4,4,5,7,8,6,3,3,6,9,5,2,2,1,4,4,2,4,3,5,7,3,5,10,6,5,6,4,3,8,3,7,6,7,3,3,3,3,9,8,3,6,4,3,8,4,7,4,11,8,2,5,5,5,4,4,7,1,6,8,4,5,5,6,6,9,6,4,6,5,5,7,3,7,8,6,2,4,4,3,6,4,13,4,6,6,5,6,5,3,1,2,2,10,0,5,5,3,2,3,4,5,3,5,8,3,5,1,8,2,6,6,2,8,6,6,2,2,2,2,4,7,8,6,6,10,2,7,2,1,4,4,4,3,8,5,3,2,3,8,4,5,3,2,3,6,3,4,6,3,4,7,3,3,5,3,2,10,3,10,2,4,5,3,3,4,4,6,3,5,5,2,4,3,5,7,8,4,5,4,4,5,10,4,8,4,5,9,1,3,3,3,4,3,5,12,4,6,4,4,4,5,8,1,4,3,4,8,4,4,5,8,1,6,5,4,6,2,3,3,7,2,6,3,8,3,6,6,4.542,8.81686424133935,0.267135758660649
7,3,2,7,4,2,8,5,3,5,2,3,7,3,4,3,3,6,5,7,3,4,3,6,3,6,4,5,3,3,6,6,4,4,2,3,3,4,7,5,2,9,2,5,3,4,5,6,3,5,4,5,7,9,7,5,9,2,4,7,3,11,9,3,3,7,3,2,7,6,4,8,6,3,8,7,5,5,5,4,5,2,6,7,3,6,3,2,7,6,5,5,4,3,4,6,11,4,8,6,2,6,1,7,4,1,7,6,9,5,2,5,6,5,5,6,5,5,5,3,10,3,8,5,5,5,2,5,9,1,7,5,3,4,4,5,3,3,3,2,9,2,6,1,5,7,2,3,4,2,4,9,4,6,3,3,3,5,3,6,4,4,9,5,4,6,9,2,1,3,3,1,5,2,8,2,8,5,5,6,4,6,2,3,7,4,3,5,2,5,4,5,6,5,3,4,6,6,9,6,7,7,5,3,6,6,4,4,6,2,4,4,6,6,5,4,7,6,5,5,6,9,3,8,4,7,3,5,4,0,4,5,4,7,2,5,5,11,2,4,7,4,4,4,5,5,6,4,2,5,3,8,4,4,7,3,6,9,3,3,5,4,6,4,4,2,5,5,5,8,6,7,5,5,2,7,2,5,6,6,3,2,1,6,6,3,0,3,2,7,4,6,3,2,7,7,4,3,5,3,6,5,6,9,3,7,4,5,2,1,3,3,5,0,2,2,5,8,3,4,7,2,8,4,4,8,5,2,8,4,6,8,10,7,3,8,6,9,5,9,5,2,2,6,3,5,8,7,2,4,4,5,4,3,4,6,5,6,7,2,3,5,7,2,3,4,5,7,3,5,6,1,4,2,7,5,3,0,4,6,3,4,10,5,7,9,4,4,1,6,1,5,9,7,3,5,5,4,5,10,3,9,10,7,6,1,2,1,7,2,3,1,4,2,3,7,1,4,5,5,6,3,4,2,7,4,7,7,6,7,4,6,4,2,5,3,7,5,5,4,7,3,4,4,4,3,6,1,7,6,8,8,5,8,9,0,1,2,4,5,5,1,11,1,5,3,3,2,1,4,6,8,6,2,4,8,4,9,6,3,8,6,3,7,1,3,4,3,6,6,1,8,7,3,10,3,6,7,5,5,3,6,3,6,4,5,2,3,8,8,3,7,7,3,6,4,3,6,6,3,4,4,4,6,6,4,7,3,7,5,4,4,6,6,6,5,5,2,5,7,2,4,1,3,5,4,7,6,5,5,2,4,5,5,4,4,4,4,3,7,6,4,2,7,3,6,7,5,0,5,4,3,4,0,3,7,7,6,1,3,5,2,3,6,7,10,14,8,10,1,4,6,6,7,4,5,8,3,5,5,4,3,1,3,7,5,8,7,2,2,8,5,4,4,5,8,6,4,2,2,3,11,8,10,6,9,7,5,6,8,7,4,4,3,3,0,5,4,4,5,10,4,6,5,6,2,5,3,2,3,6,6,4,5,5,3,9,5,8,6,8,7,8,1,6,2,7,3,3,9,3,6,5,2,6,2,4,3,8,7,2,8,4,5,4,5,3,4,5,4,5,5,5,3,2,5,5,6,7,7,1,1,10,4,1,7,7,7,5,3,6,4,4,5,4,1,7,1,5,4,2,1,5,2,6,7,7,5,1,3,4,4,3,4,5,4,4,2,5,4,1,5,5,5,8,1,1,0,6,2,2,2,6,3,3,3,5,5,8,8,2,3,8,2,6,5,4,7,12,1,7,9,7,6,3,8,4,8,3,4,4,4,5,8,7,3,6,4,5,7,6,2,1,5,4,8,1,5,7,3,7,5,5,5,6,6,3,1,4,2,5,6,5,1,8,7,5,4,4,2,5,3,2,4,6,4,6,3,2,4,5,3,1,8,5,6,5,5,4,2,3,1,5,4,3,6,4,4,1,3,4,4,3,3,5,8,5,5,9,4,2,8,5,2,5,3,3,6,5,4,5,6,4,7,7,2,5,5,2,5,5,8,4,3,6,7,3,5,6,5,3,4,3,4,10,5,8,5,1,3,6,6,2,4,3,4,8,3,3,4,5,3,1,8,5,4,9,2,5,4,4,4,8,4,3,5,3,8,6,2,2,5,3,5,6,6,4,4,4,3,8,6,2,5,2,3,8,1,8,10,3,10,4,1,4,4,7,6,9,3,8,7,6,5,8,5,5,6,7,9,5,4,5,5,6,2,2,6,5,6,4,8,1,7,6,10,4,1,5,2,9,5,4,4,7,1,6,5,2,6,4.743,9.06470569355454,0.421294306445461
7,3,3,6,6,4,6,3,1,7,5,6,2,1,4,6,6,3,7,4,4,1,4,6,9,5,3,4,3,3,6,8,5,5,4,3,6,3,7,4,4,2,9,6,2,5,3,4,6,8,2,6,4,6,5,9,4,5,10,4,0,3,7,9,2,4,5,5,5,0,3,4,4,4,6,7,3,4,3,0,7,4,9,6,3,5,7,3,8,4,4,4,7,5,5,6,2,7,3,3,6,3,7,3,3,5,1,7,8,3,5,4,6,6,7,3,2,4,3,2,8,4,5,6,5,6,6,4,6,6,3,3,5,4,7,5,4,5,10,2,7,4,5,7,5,4,4,5,4,8,5,8,3,3,4,2,5,5,6,3,3,3,7,5,2,1,7,7,5,4,5,6,8,6,2,5,2,5,8,10,2,8,6,7,5,5,1,5,5,3,8,1,6,8,4,7,4,6,4,4,5,1,5,6,4,2,2,5,4,3,6,3,6,6,1,5,4,5,7,5,3,7,3,6,4,8,3,2,2,2,9,2,5,3,6,3,3,2,2,4,5,2,3,2,4,1,5,5,5,5,1,7,7,7,8,4,5,6,6,4,4,5,3,1,4,9,5,4,5,5,3,9,4,2,4,2,6,4,5,4,5,3,4,10,5,7,2,2,2,7,8,3,7,4,9,5,4,2,7,4,3,3,8,11,1,11,7,8,3,10,3,6,6,1,4,3,7,6,3,1,6,5,4,3,2,3,3,5,0,1,2,4,6,7,5,5,4,7,2,7,2,3,6,4,4,9,4,6,8,3,3,4,6,5,2,3,8,8,4,5,14,8,5,3,2,5,12,5,6,4,4,8,4,4,7,7,7,1,5,5,6,6,7,3,6,7,7,5,4,3,1,6,6,3,5,4,9,2,4,6,3,7,7,4,5,2,5,6,5,5,2,5,5,6,3,2,3,5,9,5,6,2,6,7,8,4,7,6,6,2,6,1,2,5,3,11,3,4,5,3,3,2,1,5,3,1,5,3,1,5,6,3,4,7,14,5,7,3,3,6,2,7,7,3,3,3,4,7,5,6,4,5,7,5,5,6,1,3,5,3,7,6,3,3,10,3,5,2,5,5,5,5,3,2,5,7,2,4,6,7,6,6,8,10,5,5,7,3,5,5,4,6,8,3,4,5,2,5,6,1,4,5,7,3,14,4,4,10,2,8,6,0,5,7,4,4,9,2,3,3,3,7,3,6,0,3,6,4,6,0,5,3,5,5,6,5,4,5,6,6,3,5,3,4,3,3,4,10,8,8,5,3,4,2,0,3,8,3,6,3,7,7,6,3,9,7,10,7,6,9,5,3,5,6,5,1,6,1,4,2,5,1,3,6,8,7,8,4,5,3,1,10,2,1,2,4,5,2,10,4,8,9,3,2,3,8,3,9,5,2,5,0,4,4,7,6,5,9,9,3,7,3,4,5,1,5,5,7,7,4,2,5,9,4,8,4,4,2,7,2,2,1,8,5,5,7,5,4,4,6,7,2,6,6,5,9,4,3,6,5,2,1,3,4,7,4,6,4,5,6,4,9,6,9,6,7,1,7,4,11,3,10,3,4,2,5,1,4,4,4,8,7,7,8,5,6,4,2,6,1,4,4,6,6,5,3,2,3,3,9,5,4,4,4,12,3,3,6,2,2,5,4,5,5,4,5,1,6,9,3,2,2,5,8,3,2,6,6,3,3,4,5,4,5,2,3,2,0,7,1,4,7,7,2,4,1,1,3,5,7,7,4,2,7,3,7,9,7,4,5,7,3,5,4,5,2,3,3,6,4,3,6,6,2,5,4,1,4,5,4,1,6,5,1,4,4,2,7,3,9,4,6,4,3,11,3,3,2,5,3,5,5,4,4,5,3,1,2,8,2,5,4,6,5,9,3,13,2,5,6,4,4,5,4,3,5,6,5,2,4,2,5,5,4,5,9,5,7,8,5,5,4,7,5,8,6,7,3,3,8,1,4,2,1,5,4,8,5,5,5,2,3,5,6,8,5,8,9,4,2,4,3,4,3,5,8,4,4,8,5,4,1,5,4,3,2,8,6,1,3,2,7,5,3,8,3,6,1,7,6,3,3,4,4,4,4,4,3,4,2,4,3,7,5,2,5,5,4,7,8,4,6,4,3,4,5,10,5,5,3,6,3,7,4,4,8,4,5,6,4,2,5,3,7,7,7,6,7,1,3,3,2,4,9,3,2,3,7,3,6,6,8,4,3,5,3,4,4,6,2,4.715,9.12078521757283,0.309214782427165
6,4,3,1,9,4,5,2,5,8,8,6,1,2,5,5,3,2,12,1,5,5,4,6,4,9,5,7,1,3,3,7,4,3,5,7,5,2,4,1,6,4,5,3,3,7,7,4,9,11,3,2,11,4,1,7,1,4,9,4,3,11,3,5,3,5,1,8,2,5,8,5,5,4,6,11,5,5,4,5,4,3,9,5,5,1,4,5,4,7,5,8,4,4,6,5,3,5,6,4,5,3,3,5,6,6,7,3,3,3,6,8,4,3,7,13,7,8,4,5,6,8,4,1,2,5,4,6,5,2,2,2,3,5,3,6,4,4,1,2,5,4,5,6,4,3,4,4,2,6,3,5,7,5,7,8,1,2,8,2,5,7,6,3,5,5,3,2,3,5,9,7,9,3,5,3,3,9,8,6,8,3,6,5,5,5,5,5,4,3,4,7,6,6,5,3,5,6,6,6,7,7,5,3,8,5,2,3,4,4,2,3,4,6,9,1,8,4,2,4,7,4,5,6,3,6,4,3,4,10,4,2,5,2,4,5,3,3,4,3,5,4,4,2,4,4,9,8,3,3,2,7,7,8,2,4,8,9,5,4,4,3,3,6,3,4,5,6,4,7,3,4,3,7,1,5,6,3,1,7,7,2,2,3,3,5,4,3,8,5,8,10,2,3,3,6,6,6,8,9,5,6,5,5,5,5,2,6,7,5,6,3,3,4,3,6,2,5,2,5,6,6,4,5,7,5,3,2,0,2,4,10,3,9,1,4,3,3,3,7,2,2,9,4,9,7,6,4,3,4,7,2,11,4,7,5,5,5,4,5,6,6,6,4,5,2,3,7,6,3,4,4,4,5,4,6,3,6,5,8,4,9,4,9,6,9,4,5,4,5,3,5,8,3,6,4,4,1,5,2,4,5,6,5,1,9,5,3,3,8,4,5,3,4,6,5,6,2,1,6,2,3,2,4,9,0,4,10,4,10,8,4,5,4,1,5,5,5,0,3,6,5,4,4,4,6,6,5,10,5,6,7,7,2,4,4,5,4,7,5,9,5,5,6,3,9,5,5,8,5,6,10,4,0,2,5,3,6,7,5,7,9,3,3,6,6,8,6,4,0,8,9,5,5,7,6,3,6,3,5,5,6,8,5,6,6,6,4,9,3,7,5,3,3,8,6,1,8,6,6,2,9,4,6,7,8,5,4,3,6,5,4,2,7,5,3,5,6,8,5,6,2,3,9,5,5,2,9,4,6,1,4,8,2,4,8,4,2,4,7,4,5,3,7,8,6,6,5,7,1,7,3,5,9,2,6,2,4,4,3,7,6,9,6,5,6,5,1,6,4,9,7,3,3,3,10,3,3,0,4,5,5,5,5,4,2,2,5,5,1,6,5,3,6,4,4,3,3,5,7,6,10,1,5,3,1,7,4,4,6,5,7,9,3,2,6,4,3,2,4,5,4,3,1,2,9,4,5,2,4,1,5,5,4,4,6,6,5,4,5,5,5,4,8,4,7,8,8,9,3,4,3,4,7,4,1,5,7,3,2,8,4,5,6,4,3,2,4,4,0,7,7,4,8,7,6,6,1,4,2,3,7,2,5,1,4,6,7,6,4,4,6,3,6,3,6,4,2,2,4,2,3,4,10,1,7,3,7,4,10,1,4,4,6,2,4,7,4,6,6,5,9,5,5,14,6,8,3,6,5,5,5,6,5,3,5,12,3,8,3,3,4,5,6,2,4,4,3,7,6,5,5,4,7,3,5,10,4,7,5,6,6,4,1,4,5,3,2,3,3,6,6,3,4,6,8,8,3,8,5,2,8,4,10,4,6,8,8,5,3,5,6,6,7,2,6,5,4,5,9,6,3,7,5,4,3,4,4,4,2,5,1,0,4,10,5,5,8,7,4,3,3,3,4,2,5,4,6,3,5,5,4,3,5,5,4,8,3,6,5,4,2,3,2,3,6,1,4,5,3,4,4,9,2,3,2,7,7,6,4,5,3,2,3,4,8,3,2,5,6,2,2,5,9,6,9,5,7,6,7,4,4,3,3,4,3,9,6,4,5,3,3,2,7,0,5,5,6,5,5,5,4,10,5,3,7,8,6,4,2,3,5,3,7,3,3,0,2,5,3,4,4,3,3,5,5,4,10,6,4,3,8,5,7,6,6,12,6,4,9,8,6,8,2,5,7,6,3,5,5,7,4,4,6,5,7,6,7,5,4,4,5,8,5,4,3,5,2,3,3,5,7,8,2,6,3,4,6,4,1,4.832,9.16029629651558,0.503703703484423
6,2,5,9,3,5,9,2,4,2,3,6,6,2,5,3,7,4,3,6,5,4,5,2,5,2,4,3,4,1,5,10,1,4,6,5,4,7,1,4,3,6,4,2,2,11,1,6,3,3,7,7,5,6,3,5,3,1,7,4,4,7,7,4,3,5,11,11,3,3,4,3,5,5,3,5,2,6,4,2,7,8,6,5,5,3,2,10,12,6,2,7,6,1,5,9,9,2,3,3,6,5,8,5,5,7,4,5,7,6,2,6,4,2,8,4,2,3,5,3,2,4,6,4,7,6,2,7,6,5,8,6,8,6,3,12,5,3,4,4,7,4,5,5,2,5,10,3,3,6,2,5,3,6,7,5,1,3,10,2,4,3,5,4,3,9,4,7,3,4,10,3,4,6,5,1,6,6,2,3,4,6,6,1,3,5,3,8,4,4,7,5,9,7,6,5,10,5,6,4,6,8,8,8,5,8,4,6,4,3,1,3,4,6,5,8,4,3,4,7,5,4,6,7,3,2,7,2,8,4,3,6,3,7,5,2,3,5,3,1,3,4,2,6,3,4,6,5,8,9,5,6,6,3,4,6,5,4,1,10,5,6,6,5,5,5,5,8,7,7,8,3,3,6,4,7,4,5,5,4,6,4,6,5,8,12,5,5,8,8,11,5,2,5,8,3,6,6,7,2,2,8,11,7,4,6,4,3,2,4,4,5,8,15,1,6,4,5,5,1,11,3,8,5,4,3,5,1,4,5,8,5,7,6,6,5,7,8,8,5,3,4,7,6,7,3,6,7,3,4,4,3,3,4,6,3,3,6,3,2,7,6,5,2,3,8,1,3,6,6,5,3,3,3,7,6,8,3,4,5,4,6,4,5,8,6,8,7,5,5,5,2,7,6,2,2,3,4,10,2,2,6,9,6,3,2,3,4,6,5,3,2,3,4,1,3,4,3,4,5,2,4,4,3,3,8,6,4,6,8,5,7,8,4,4,4,6,0,9,5,16,5,7,4,3,2,2,5,8,6,5,0,6,9,6,6,4,8,7,4,16,3,5,8,6,6,5,5,3,6,5,2,3,5,3,9,0,7,8,5,6,4,4,3,3,2,4,3,2,2,6,4,0,7,6,3,5,3,3,3,3,3,8,2,4,9,3,4,6,6,4,2,8,4,5,8,4,7,3,3,7,2,7,4,4,1,3,6,3,5,5,5,2,5,6,4,6,3,5,7,3,7,13,8,5,4,1,9,7,5,3,1,6,7,3,8,6,5,6,7,3,1,2,5,4,4,3,3,4,6,8,4,4,5,2,9,4,4,5,2,8,7,4,2,5,9,7,5,3,4,6,9,4,6,3,4,4,1,5,4,6,7,5,4,8,3,3,3,11,1,4,10,3,4,7,2,5,2,2,4,8,3,5,6,8,4,8,5,5,4,7,2,2,3,5,6,2,3,10,11,6,1,4,7,3,3,8,3,5,9,4,3,6,2,1,4,6,3,8,5,4,14,6,4,2,3,13,6,7,3,3,4,5,4,4,3,5,2,4,3,4,1,4,5,7,3,6,8,7,3,11,5,3,12,4,8,3,6,4,5,7,7,2,8,4,1,7,5,4,6,4,9,3,6,7,5,4,6,3,2,5,4,2,6,5,3,6,2,7,3,2,6,5,3,5,3,5,6,2,2,4,5,3,4,8,5,7,3,8,5,4,2,4,7,5,5,0,4,4,3,4,4,5,6,5,6,5,5,4,3,5,7,6,4,5,4,3,7,4,5,2,6,2,4,4,2,3,4,6,9,6,3,6,5,4,4,4,1,7,4,8,8,7,5,8,6,5,2,5,6,6,7,6,4,7,5,5,5,5,6,3,5,5,7,3,2,3,4,5,7,9,7,2,4,5,4,4,2,6,3,7,4,6,3,2,3,5,4,3,5,4,7,5,4,4,4,2,8,6,7,5,6,2,6,6,4,5,2,8,5,4,4,3,9,7,8,5,3,4,6,2,9,3,5,7,4,6,11,4,4,6,1,5,6,9,3,7,4,4,4,4,4,6,3,12,7,3,6,2,6,4,5,6,11,6,2,3,5,4,4,4,7,5,6,2,5,6,4,6,8,3,7,5,3,3,4,6,7,1,4,7,3,6,4,4,14,4,3,4,10,3,8,1,5,3,6,5,4,6,7,6,4,8,3,4,2,6,4,5,4,7,4,5,4,2,2,7,1,5,7,3,1,3,5,2,5,8,6,6,4,4,8,7,6,2,4,1,4,8,5,4.896,9.41697888786317,0.375021112136833
6,1,5,3,5,9,4,3,2,4,4,2,5,8,2,6,6,6,3,9,3,4,7,8,3,1,5,4,5,5,2,11,3,8,7,8,5,4,4,5,6,4,5,6,1,4,3,1,5,2,1,3,4,6,3,3,4,1,4,8,3,6,6,6,3,4,1,5,9,1,5,4,2,5,6,10,11,6,4,5,5,7,4,6,7,4,9,3,3,2,9,6,4,4,7,2,2,6,4,4,5,2,4,9,0,4,7,5,5,6,5,6,9,3,4,8,5,6,1,5,5,8,6,6,6,6,4,4,3,7,6,1,3,3,3,6,2,1,4,6,9,3,7,10,2,2,1,2,7,2,4,6,8,5,9,4,7,4,6,6,9,9,3,2,2,6,5,4,3,3,7,7,4,6,5,5,1,8,3,5,5,5,7,10,4,4,5,6,4,0,4,7,4,3,6,6,1,3,9,5,4,4,6,3,8,5,4,7,6,6,4,2,6,7,4,5,7,3,6,4,5,3,3,3,4,5,1,4,2,6,8,4,5,4,6,4,4,5,7,1,8,5,4,1,9,4,4,2,7,3,1,6,5,12,7,2,4,6,1,6,3,6,8,5,3,6,4,8,5,7,2,2,2,7,7,7,8,2,1,2,4,2,3,4,4,2,1,1,6,4,5,6,4,5,7,6,5,0,9,1,2,5,5,4,5,3,7,3,7,4,2,4,4,3,1,2,2,3,2,5,4,6,6,3,1,7,8,4,11,4,5,10,6,9,5,6,9,6,9,3,2,6,4,5,3,3,4,4,6,3,4,2,6,4,6,0,3,6,6,0,7,6,6,5,3,9,6,2,6,2,2,8,7,8,4,5,7,8,6,5,1,6,6,5,11,4,3,7,2,2,4,6,5,5,6,7,4,4,4,5,2,2,7,5,3,6,5,2,1,5,1,4,7,1,10,3,6,4,3,4,5,3,2,6,7,3,6,11,7,5,11,4,6,4,7,5,5,7,9,1,6,7,4,5,5,3,7,6,3,8,4,3,8,5,5,2,4,1,10,4,6,5,4,3,6,2,5,11,7,7,5,8,5,2,4,3,0,3,4,5,4,5,2,3,2,4,3,6,2,5,7,9,11,8,7,6,4,7,8,6,4,1,3,5,6,6,3,4,4,4,14,7,6,4,8,3,4,3,5,2,6,4,4,5,6,2,3,6,6,4,4,3,8,6,6,5,6,6,5,7,4,8,2,6,4,7,8,8,5,2,3,2,8,2,4,3,3,5,4,4,6,2,3,5,7,3,8,7,8,9,7,9,8,5,10,7,5,3,6,5,3,3,5,6,4,4,2,3,4,7,6,3,5,6,2,3,5,5,6,1,4,3,1,2,10,6,6,6,8,3,4,7,5,5,4,3,4,3,4,3,6,7,3,9,4,10,5,3,5,7,7,6,9,4,3,3,6,4,1,6,7,2,4,5,3,5,3,5,3,6,5,4,3,2,4,5,4,3,3,5,9,6,5,3,7,2,1,5,4,7,4,2,7,1,3,5,4,6,7,12,6,1,7,5,8,2,3,8,5,3,7,9,3,6,4,1,10,6,4,6,6,5,7,2,2,7,6,4,5,8,6,3,6,6,4,8,2,5,6,6,4,8,3,3,5,5,2,6,2,4,3,3,4,7,2,2,1,8,4,4,0,9,7,5,3,3,2,6,5,8,2,3,3,5,7,1,7,2,6,3,1,5,1,5,7,7,5,2,4,7,9,3,2,8,5,12,6,7,3,7,7,10,4,1,7,5,5,3,9,5,6,3,5,6,7,6,4,3,9,3,4,2,2,6,12,8,4,2,4,2,5,6,8,4,1,6,5,4,7,4,3,2,5,6,4,7,6,9,3,3,2,5,4,3,2,4,6,5,1,3,10,5,8,4,3,8,6,7,3,5,2,3,2,2,6,6,2,7,3,8,4,5,2,3,7,6,7,3,4,4,5,3,6,2,8,2,7,2,5,7,6,4,1,4,5,2,2,5,8,4,5,4,4,4,5,4,9,5,4,5,8,4,5,6,4,3,3,7,4,5,4,9,6,3,3,3,8,4,1,4,2,5,7,8,6,0,6,5,6,5,7,3,2,6,4,10,5,5,2,5,4,6,7,4,3,11,3,4,12,11,5,5,10,3,5,2,5,1,9,4,6,1,7,8,4,8,6,1,5,6,4,4,5,2,7,4,7,5,5,8,2,3,5,8,11,6,6,9,7,3,2,7,6,2,1,4,8,4,7,3,4.833,9.35989801334458,0.306101986655418
5,3,4,3,5,8,7,9,4,4,9,6,4,3,4,5,3,3,3,6,4,6,2,7,1,0,5,5,4,2,9,4,1,1,5,3,5,4,5,3,9,3,1,2,3,8,5,11,7,7,4,5,4,5,7,4,2,7,5,8,8,3,5,4,6,6,6,6,4,3,7,9,1,4,9,6,5,5,2,3,5,4,5,4,7,7,6,6,8,11,5,5,3,5,6,3,3,13,8,4,4,5,4,6,4,4,5,8,12,5,5,5,4,4,10,6,3,7,8,7,6,10,7,3,10,4,4,3,4,5,1,4,3,3,12,8,4,4,7,0,6,3,7,3,6,4,6,4,4,4,6,4,6,4,5,1,1,3,8,2,6,6,1,5,5,6,4,9,8,2,6,5,2,6,7,4,5,6,6,5,4,6,1,5,9,7,4,4,2,5,3,4,5,6,0,6,4,10,4,0,5,5,2,5,8,6,5,4,2,7,6,4,6,4,5,7,3,3,4,4,5,5,5,10,2,7,8,6,7,2,7,3,1,9,3,3,4,6,6,6,8,4,3,3,5,7,7,3,2,9,4,4,6,7,4,4,9,5,2,5,3,3,4,1,7,6,5,4,3,9,3,3,3,3,2,5,6,5,6,3,4,2,4,5,2,2,3,3,7,7,7,6,7,2,7,7,4,5,3,5,2,6,7,6,4,1,2,2,3,4,5,7,6,4,4,2,2,3,6,1,2,5,4,5,7,6,6,3,4,7,11,9,3,6,6,7,2,8,2,7,5,4,6,2,1,3,5,6,8,2,7,3,6,8,4,4,4,7,3,6,3,4,2,2,1,5,8,2,3,6,1,3,5,4,7,6,5,5,3,3,5,3,8,6,5,9,4,7,3,2,5,0,8,2,6,9,3,6,5,5,4,6,4,6,7,3,5,6,7,4,3,5,5,6,2,3,4,9,3,4,5,4,2,5,5,9,6,9,4,1,13,3,3,8,5,4,7,2,6,7,7,5,5,7,5,2,8,7,5,3,8,4,4,5,9,2,3,4,9,2,7,8,7,8,6,5,3,6,2,6,4,9,10,4,4,9,2,8,9,3,3,5,7,10,6,3,14,2,4,5,4,9,8,3,9,7,5,1,6,4,1,5,2,3,3,3,5,4,6,4,3,6,7,2,8,4,4,6,3,7,5,2,8,6,10,3,3,10,5,8,8,3,6,2,5,4,13,6,3,4,2,4,8,3,3,5,8,5,7,5,3,2,6,7,1,6,3,5,6,4,7,4,4,4,8,4,5,5,3,6,7,3,7,4,4,2,9,6,3,5,5,7,3,3,4,8,9,5,3,8,5,5,4,9,1,7,6,4,7,2,5,1,4,6,7,1,6,3,2,6,5,4,6,3,6,6,3,2,3,4,7,9,7,3,6,8,3,4,2,2,6,3,3,3,6,7,8,9,3,3,9,4,2,3,2,7,4,4,4,3,6,8,6,5,2,7,5,3,4,4,1,7,5,1,5,3,6,6,3,2,3,3,8,2,4,6,5,5,3,4,8,4,5,0,8,7,2,1,2,5,7,9,8,4,3,1,6,2,6,1,3,5,2,3,2,8,7,6,6,4,9,7,2,8,6,5,2,2,4,3,6,2,9,6,4,5,8,5,4,3,2,5,5,9,5,5,2,5,2,2,3,2,2,2,3,3,1,4,4,5,6,4,8,8,4,5,7,3,2,4,2,5,4,2,5,4,5,2,4,5,3,6,7,3,2,4,9,4,3,2,8,5,2,6,6,7,3,6,3,5,5,2,5,4,4,7,7,4,7,6,8,4,2,6,2,4,1,2,8,4,9,5,11,3,3,6,7,6,2,6,6,3,3,4,0,7,5,7,3,2,7,3,1,3,6,7,1,6,6,3,7,6,5,1,6,7,5,7,1,2,1,3,8,3,7,5,4,10,7,9,3,4,2,1,3,8,6,6,5,3,2,2,2,0,10,7,5,5,6,5,5,10,3,1,4,7,7,3,2,7,1,5,4,4,9,6,6,6,3,6,6,3,1,6,6,6,3,6,4,5,3,4,7,2,4,2,4,8,3,5,7,7,8,5,7,5,4,10,7,3,8,5,7,2,7,4,2,3,8,3,6,8,2,4,3,5,3,3,4,4,7,5,11,4,5,6,3,6,9,7,4,2,7,5,7,3,4,3,4,6,4,5,4,2,5,3,8,6,2,5,6,7,5,7,4,3,5,5,6,4,4,7,3,4,4,0,7,4,4,3,4.832,9.29760395694696,0.36639604305304
4,4,3,4,8,1,3,4,2,9,6,6,3,5,3,2,4,7,7,4,2,4,7,6,4,3,4,7,5,5,2,8,4,7,8,4,6,0,3,5,3,5,7,6,5,9,9,5,3,5,2,7,5,2,1,5,7,3,2,5,2,3,9,10,3,4,3,6,2,3,2,4,1,2,7,9,6,6,5,3,5,3,7,5,5,7,2,2,8,10,6,8,12,2,2,5,8,7,7,4,9,4,5,3,8,6,7,5,5,4,3,4,4,4,5,4,7,6,2,3,6,4,4,4,5,6,3,3,4,5,6,4,6,4,6,2,4,1,7,4,5,6,4,3,2,4,3,6,4,7,3,7,3,5,8,2,4,1,8,4,3,3,9,3,2,5,3,5,1,7,13,6,12,3,7,0,2,8,8,2,5,7,7,7,6,2,7,2,3,4,6,4,5,7,5,4,7,2,4,5,5,4,4,3,5,6,5,3,8,9,2,3,4,4,7,1,3,4,4,9,4,8,3,6,4,4,4,3,6,5,4,8,5,7,6,4,5,5,4,8,1,4,5,5,4,2,5,5,1,4,5,8,6,4,5,2,1,4,8,7,6,1,5,5,8,4,12,8,3,12,3,5,3,8,5,4,6,6,2,8,4,4,6,5,7,5,4,6,7,5,5,1,6,2,3,5,9,2,3,6,8,5,6,4,9,7,4,4,4,3,10,6,5,7,2,7,4,0,2,3,5,8,9,3,8,5,1,8,2,6,2,1,5,7,3,9,2,2,4,4,1,4,5,6,6,4,5,9,2,2,5,2,8,7,4,6,4,5,5,3,6,4,3,5,6,4,6,6,4,6,4,5,8,2,6,4,8,2,6,6,6,7,6,5,5,7,6,7,5,4,2,7,7,8,4,3,7,7,7,5,5,6,7,4,4,4,2,2,1,3,4,5,8,5,7,2,8,1,2,5,2,4,6,7,10,7,1,7,6,5,5,4,6,6,2,2,10,7,8,4,6,6,4,4,1,4,3,4,6,6,8,10,3,5,5,6,10,5,3,5,7,3,10,5,6,6,6,6,5,8,1,5,5,6,3,5,4,6,4,8,4,7,12,3,4,8,5,4,2,1,2,12,6,3,8,7,7,4,3,6,1,3,4,4,4,7,7,10,3,4,3,8,6,4,3,5,1,3,6,5,4,8,5,5,7,5,4,7,4,6,6,4,3,11,4,1,5,2,1,5,10,6,3,5,4,2,3,8,3,4,4,6,8,5,6,2,3,3,3,6,4,6,3,6,3,4,6,6,5,3,6,8,3,4,2,3,7,5,5,7,3,6,4,0,5,7,5,4,1,4,9,5,8,2,8,6,7,2,10,6,6,3,4,7,1,3,5,2,9,2,2,10,3,4,5,2,7,5,4,2,6,3,6,5,8,2,7,7,6,8,7,2,3,3,5,4,3,6,4,5,6,4,5,7,2,6,6,8,4,7,3,2,2,0,5,6,5,6,5,3,7,5,8,3,5,2,3,7,9,5,7,8,5,5,4,7,3,4,9,6,3,6,5,1,7,4,7,3,3,3,11,4,5,9,1,3,2,0,4,4,8,9,4,3,3,9,4,5,4,4,5,4,2,6,5,6,4,7,5,7,2,4,6,5,2,4,0,5,9,9,5,3,5,6,5,4,3,6,4,5,0,6,3,10,2,5,5,2,11,6,7,4,3,7,8,6,6,4,5,3,6,5,4,7,8,8,4,5,8,3,7,3,4,5,7,3,7,4,6,7,4,4,9,5,4,2,4,3,5,9,3,5,5,5,2,4,5,8,5,2,3,6,4,9,6,6,7,2,5,3,5,7,3,1,4,3,4,3,3,10,2,4,8,6,6,3,2,2,3,4,7,4,5,4,5,4,5,4,5,7,5,6,8,5,2,2,4,2,3,4,5,5,4,7,4,4,6,4,6,7,2,11,2,11,4,7,4,6,2,4,6,4,12,5,5,7,6,7,2,5,1,2,5,4,4,9,3,4,6,6,1,2,7,6,5,2,4,3,5,5,5,3,5,5,6,5,5,3,4,2,2,3,1,6,10,1,8,8,4,6,4,2,3,4,5,5,3,6,8,3,6,4,4,8,3,9,7,8,3,1,4,0,2,2,4,8,7,2,5,11,1,2,5,3,4,5,8,1,3,3,8,6,8,5,3,4,11,5,8,4,9,7,6,12,1,4,2,6,2,11,6,6,7,3,2,2,7,3,5,6,6,11,5,2,7,5,3,5,4,4,4.889,9.36788987371882,0.410110126281185
4,6,3,2,4,6,5,4,6,6,4,8,3,1,9,9,10,4,6,6,1,6,9,6,4,6,5,7,2,1,9,8,6,9,4,5,5,7,6,4,5,1,5,3,3,5,2,4,6,3,7,7,6,7,5,4,11,3,5,4,3,5,6,3,3,5,5,7,2,5,5,8,5,7,6,7,3,1,3,5,5,5,9,6,3,5,9,4,7,9,2,10,6,3,7,2,4,9,7,5,8,4,7,4,6,7,4,7,11,0,6,7,10,4,8,5,4,5,7,1,8,7,7,5,7,10,5,11,5,7,3,9,5,6,6,10,3,7,3,2,2,4,4,4,8,6,11,1,5,7,7,3,4,6,10,5,4,6,3,5,7,5,7,3,6,5,8,4,5,4,8,5,3,7,7,3,5,9,8,3,6,4,4,5,5,5,2,4,1,4,2,1,7,3,5,5,10,13,6,1,8,5,5,5,10,2,3,5,6,2,6,4,6,10,5,1,3,1,5,4,2,3,6,6,7,0,4,6,5,7,7,5,3,9,6,3,6,7,1,2,8,2,3,6,8,10,14,7,2,4,6,3,5,8,2,11,7,6,3,0,5,2,6,3,6,7,3,3,1,2,5,3,5,3,3,6,9,6,2,7,3,8,2,3,7,6,2,5,4,6,8,10,3,3,6,5,7,3,7,6,5,2,2,8,6,7,8,4,0,6,4,4,7,6,6,5,6,5,2,6,6,5,4,4,7,7,6,6,4,0,6,6,4,3,8,7,9,7,4,6,1,5,4,8,10,6,6,2,5,3,5,3,7,8,6,6,8,4,5,2,3,4,3,7,4,3,4,6,7,2,1,5,4,3,11,4,6,5,5,3,3,10,4,2,4,5,7,8,4,4,10,4,6,5,5,3,1,3,5,6,7,5,6,5,6,7,2,0,7,8,3,1,7,2,5,8,5,5,3,7,6,3,8,9,7,3,4,7,6,8,7,2,4,6,3,4,11,7,5,2,7,7,5,3,6,5,5,3,3,5,5,8,6,2,5,6,4,4,7,8,6,4,8,6,5,4,5,5,4,5,3,6,4,6,5,6,4,0,11,4,4,4,3,7,1,1,7,7,5,6,4,4,4,4,5,9,5,4,5,1,5,8,10,2,6,5,7,6,3,6,6,4,2,6,5,8,1,7,5,7,3,0,4,1,7,3,3,6,5,5,8,4,6,5,6,6,4,4,2,5,5,5,3,8,5,3,3,6,5,5,5,5,4,4,8,2,4,3,4,9,4,2,6,9,9,4,10,10,7,6,11,3,2,5,6,7,5,5,9,3,5,8,3,6,6,6,9,8,0,6,1,8,4,5,3,6,10,4,4,3,2,5,2,5,2,2,5,2,6,2,8,8,7,8,3,2,9,2,5,3,6,5,3,6,11,4,10,5,4,3,8,5,8,5,5,1,5,5,7,7,7,7,4,6,2,6,5,5,3,8,9,5,8,6,6,3,4,5,6,2,5,7,7,3,3,6,5,6,5,9,6,2,7,2,2,2,3,3,4,5,4,3,6,10,10,3,3,4,1,7,4,4,7,5,5,6,1,1,6,3,1,6,4,7,2,8,4,4,2,4,5,8,9,3,4,7,2,1,0,7,1,4,8,6,2,4,7,7,2,4,3,2,2,6,8,3,2,4,6,2,3,7,3,4,6,6,6,4,9,3,5,6,6,7,3,6,10,7,10,2,5,4,6,2,4,0,7,4,8,4,5,6,2,8,5,2,6,5,3,4,8,7,3,2,8,2,5,3,4,4,6,5,2,6,3,6,4,3,4,7,7,5,7,7,5,6,4,3,6,4,5,3,4,3,4,5,8,7,4,3,1,3,11,5,8,3,2,8,9,5,6,6,2,3,4,7,4,4,7,4,3,8,6,3,3,3,5,3,6,7,5,6,4,3,8,4,5,6,5,0,7,6,6,6,7,6,1,7,2,6,4,2,6,5,5,2,6,9,2,4,5,5,4,5,5,8,4,9,6,2,0,4,2,4,7,3,6,4,4,4,3,9,2,6,5,5,6,7,5,9,3,5,5,1,4,5,6,7,4,4,0,5,6,6,2,5,3,2,3,6,7,5,2,5,6,4,5,2,7,1,6,2,4,6,6,4,5,7,3,6,0,8,10,5,4,3,9,2,8,9,11,2,9,6,5,4,5,3,8,6,5,7,3,5,3,6,6,7,5,6,4,4,5,6,3,3,9,3,4,7,7,4,7,4,3,4,1,5,3,6,5.036,9.54996468346436,0.522035316535642
3,2,3,6,5,12,4,8,3,1,5,9,3,1,4,7,5,4,4,4,4,6,3,6,4,2,9,5,6,6,6,6,4,5,8,6,5,4,5,7,3,5,4,5,8,7,5,2,7,3,5,6,6,7,2,4,2,3,7,6,2,4,5,8,2,7,7,6,2,7,8,7,3,6,8,8,2,6,5,5,6,5,3,3,5,3,2,5,1,8,7,8,2,5,7,9,7,7,6,7,6,6,7,7,4,8,7,4,6,9,6,3,5,4,4,5,6,4,2,3,5,4,9,2,3,6,4,6,5,6,7,4,2,2,8,13,3,2,2,9,10,5,5,5,5,2,8,5,6,4,2,5,6,6,7,5,6,1,6,1,7,11,4,5,3,5,4,5,2,5,7,6,4,4,11,8,3,6,4,7,1,5,7,4,3,3,7,4,3,8,7,5,6,1,3,2,7,8,4,6,13,6,4,5,7,7,4,6,4,6,2,4,3,3,6,6,9,0,2,4,5,5,6,6,4,4,4,5,5,3,3,4,1,4,3,5,6,5,6,1,6,7,6,8,4,5,6,7,2,9,3,7,7,6,5,5,11,7,5,4,6,5,5,6,4,7,3,5,4,2,7,3,2,4,13,6,4,4,1,6,3,4,1,4,9,6,7,3,7,8,4,6,6,1,6,3,7,5,11,6,6,5,3,5,3,9,7,2,4,5,6,1,7,4,1,4,4,4,3,5,7,7,6,5,4,2,1,5,3,5,3,5,5,7,5,4,2,4,6,13,5,6,7,7,7,4,2,3,3,4,8,9,3,9,7,8,3,7,5,4,4,4,4,3,1,7,6,3,6,4,6,7,6,7,6,4,4,7,5,7,7,8,6,8,7,7,6,10,2,3,4,5,2,3,0,2,7,3,2,4,1,5,5,5,4,4,4,5,6,7,5,4,7,4,4,7,5,9,8,2,8,5,3,2,4,3,3,9,4,4,10,6,7,3,3,2,6,8,4,6,5,4,5,5,3,1,8,9,9,9,6,3,4,3,7,1,3,3,8,4,12,3,8,3,5,2,1,3,6,0,7,4,6,3,5,4,2,11,8,6,2,2,5,4,5,7,6,3,7,6,8,5,7,5,3,4,5,3,4,8,3,4,3,9,1,7,7,5,4,10,7,3,6,3,5,8,6,6,7,4,6,5,4,5,8,6,7,6,4,4,10,6,8,5,5,4,6,2,7,7,2,6,7,3,5,5,4,7,2,3,5,6,5,3,8,1,4,5,6,3,6,6,2,6,6,5,3,6,4,5,6,6,8,1,7,5,2,3,9,8,3,7,2,4,8,7,4,4,3,4,7,5,6,1,4,4,3,4,8,4,5,5,4,6,1,4,7,4,9,4,7,9,3,6,5,4,3,4,8,6,5,9,7,5,7,6,3,6,5,3,6,3,8,1,5,6,6,3,6,8,3,3,5,7,4,4,8,4,2,3,7,4,3,4,4,4,6,6,5,5,6,10,2,6,6,5,5,5,7,2,3,3,7,2,6,5,3,5,5,2,3,4,7,4,7,3,8,3,7,1,4,7,8,4,10,5,3,4,9,2,5,5,0,7,4,7,5,8,6,8,8,7,4,5,5,2,1,3,3,4,6,3,2,7,6,3,7,3,6,5,7,4,3,3,5,3,4,4,3,3,6,6,3,2,5,2,2,2,9,7,6,3,6,8,4,3,3,7,6,5,2,5,3,2,4,6,4,7,2,6,4,8,8,6,4,3,5,10,2,7,4,7,2,5,5,2,5,6,8,8,1,3,2,7,6,4,8,5,9,7,4,12,4,6,9,2,6,5,6,3,6,6,7,3,3,3,0,4,3,10,5,3,9,6,7,8,4,2,5,4,5,4,3,4,7,6,2,2,3,8,7,6,9,1,6,3,4,4,3,10,5,6,5,7,7,4,4,8,8,7,5,6,7,2,6,10,5,3,6,1,8,6,2,1,8,3,2,5,4,6,6,6,2,2,3,2,4,5,4,4,4,4,2,5,5,4,6,6,5,1,3,6,3,3,5,7,6,7,7,5,5,4,7,2,8,5,7,4,5,8,5,9,10,6,6,11,10,9,5,3,4,5,7,2,6,4,4,7,6,6,7,3,3,3,8,6,5,5,7,7,5,9,4,6,4,2,3,8,2,3,4,3,5,2,6,10,3,5,3,2,8,5,6,3,2,7,4,3,1,2,5,7,8,4,6,8,2,4,5,6,8,7,6,2,3,2,5,4,7,5,5.028,9.37555045750829,0.680449542491707
4,5,4,6,3,6,3,8,2,7,6,6,3,5,5,6,7,3,6,5,2,6,7,4,6,4,6,5,6,3,7,7,3,5,6,4,4,5,5,3,8,6,3,4,6,6,2,2,7,4,5,5,2,5,1,6,2,4,11,1,1,3,6,11,4,1,4,6,8,3,5,7,1,1,7,8,5,5,0,4,4,6,1,2,7,7,5,4,8,4,9,5,3,2,5,7,5,7,7,8,5,6,7,7,5,2,1,4,11,3,5,4,7,5,8,1,7,2,6,4,7,7,6,3,8,8,5,6,5,3,5,5,4,7,5,7,5,9,2,6,5,5,3,7,3,3,10,4,4,3,4,5,1,7,5,0,5,3,8,4,8,8,2,1,2,7,5,4,6,5,10,3,8,9,6,3,2,3,3,5,7,5,6,5,8,1,9,2,6,5,3,5,5,4,4,3,9,7,8,4,4,3,9,4,7,5,5,7,5,6,4,2,4,2,4,5,6,2,5,8,7,6,4,3,5,4,3,3,3,8,4,4,0,2,5,3,5,8,5,3,3,4,2,4,3,6,5,5,9,3,2,5,8,9,4,3,6,3,4,5,2,3,2,4,3,1,5,7,3,4,1,4,5,7,8,6,5,3,4,1,2,2,5,6,0,5,3,5,5,6,7,3,4,5,6,4,5,4,6,9,2,6,2,7,5,5,4,2,7,4,0,6,3,4,3,2,6,3,9,7,3,7,8,3,5,6,4,2,2,4,3,8,9,5,6,6,7,6,7,4,2,4,3,4,5,9,3,8,8,2,11,3,1,9,2,6,5,4,3,9,3,3,5,6,8,2,8,7,4,9,4,7,3,3,6,5,10,4,6,3,8,9,3,10,8,1,5,6,4,1,2,3,9,7,6,6,5,3,5,6,10,1,6,5,7,5,3,4,4,8,10,0,7,4,4,10,4,6,11,6,5,3,2,12,4,6,7,8,5,8,8,2,6,3,4,6,6,5,6,3,4,2,4,7,2,3,7,10,3,9,6,2,6,8,12,3,9,1,8,2,4,3,6,4,9,6,6,9,3,5,11,2,4,6,3,6,5,6,2,3,2,4,9,3,3,6,7,1,6,4,5,3,10,7,8,7,4,2,5,6,3,4,4,3,5,2,3,4,4,7,4,6,8,8,4,7,2,7,5,2,2,2,5,4,8,4,4,15,1,6,6,7,10,7,5,4,2,4,2,9,3,8,7,2,10,8,4,2,1,2,5,5,4,2,4,5,4,10,7,9,1,3,4,5,5,4,4,6,4,2,3,4,9,6,9,5,8,6,8,1,7,2,7,4,8,4,8,6,1,6,3,7,4,7,4,4,8,5,8,7,7,6,2,3,8,6,5,7,6,6,8,5,3,2,4,3,6,2,2,3,2,4,7,2,6,5,3,4,6,5,4,5,4,7,3,6,6,3,8,5,3,3,2,5,1,8,4,7,4,3,2,5,4,5,5,7,6,4,6,4,4,8,1,4,5,6,5,4,4,5,5,8,2,4,5,5,4,2,6,6,4,4,4,3,6,1,5,5,2,5,8,6,5,5,8,1,5,4,5,5,3,5,9,5,6,6,5,2,4,5,6,4,3,4,10,6,4,1,2,5,5,5,10,9,9,8,3,4,5,7,3,4,7,6,2,4,4,5,1,6,7,4,3,5,6,3,5,4,7,2,9,4,5,7,3,4,4,8,9,4,6,6,1,2,5,5,5,4,7,3,4,5,3,2,8,6,7,9,5,5,5,6,3,7,4,5,0,5,4,7,6,3,6,4,3,4,5,4,10,3,2,6,1,3,10,2,6,6,4,9,5,7,7,2,8,2,6,8,5,9,9,4,8,2,2,8,4,6,4,3,3,4,1,1,5,1,7,2,5,5,6,2,6,5,3,12,8,7,8,4,6,4,6,4,5,4,4,3,8,11,9,6,4,4,6,4,7,6,2,5,3,5,6,8,0,3,7,4,2,9,1,2,4,6,4,2,5,7,4,3,2,8,4,2,4,5,7,4,2,3,8,7,4,7,9,4,6,6,2,6,4,4,3,3,3,5,2,6,5,4,6,10,4,6,4,5,5,8,5,2,5,7,2,5,2,7,5,7,6,7,7,3,5,5,3,4,3,6,7,4,2,2,4,1,5,8,9,1,7,10,3,5,7,8,6,8,6,3,8,6,2,3,2,4,1,6,4,2,6,5,5,5,4,6,3,5,4,7,2,5,0,5,5,5,5,5,6,4,7,5,4.923,9.39948179297569,0.446518207024312
4,4,5,9,3,8,3,6,8,3,5,10,4,7,7,5,4,8,3,6,3,6,8,8,3,4,7,6,5,10,5,8,5,8,8,3,6,3,4,8,1,2,1,4,6,5,4,10,2,2,6,6,4,5,1,4,2,5,8,5,3,2,3,3,2,11,7,10,4,4,3,7,1,5,6,3,6,2,5,2,10,3,6,2,5,7,7,5,5,4,5,11,5,7,4,4,6,5,0,5,5,7,5,4,7,1,6,5,7,1,0,8,8,3,6,5,9,8,6,8,4,7,8,3,6,7,9,4,3,9,6,3,8,3,6,4,7,5,3,3,6,3,5,4,5,7,4,3,5,1,5,5,3,2,8,4,6,7,6,2,2,5,3,5,5,3,5,7,6,1,11,3,4,3,8,6,4,7,12,1,6,6,7,5,4,3,4,3,8,3,8,7,4,6,3,7,4,10,4,2,7,3,3,6,6,4,5,7,6,5,9,6,5,4,2,7,5,1,2,6,4,8,3,5,5,5,6,3,4,10,6,3,6,6,4,11,6,4,5,7,3,7,6,4,3,8,7,5,2,5,8,9,5,7,4,9,1,9,9,8,4,7,5,2,8,3,5,10,5,3,9,5,5,4,2,6,6,4,4,6,3,5,5,2,6,3,9,9,7,7,10,6,5,5,1,7,9,3,7,7,3,6,3,3,5,3,6,3,5,7,5,5,6,9,4,9,3,3,2,6,3,1,2,6,5,4,8,6,8,7,4,5,7,3,8,8,3,3,4,8,6,6,2,6,2,1,4,7,3,2,5,4,5,14,10,7,5,2,5,4,4,2,2,3,3,5,6,4,6,3,5,7,5,5,7,5,9,3,5,4,3,7,6,6,6,4,7,10,5,6,5,2,6,3,2,6,3,7,7,6,7,6,5,7,5,3,2,3,4,3,7,4,6,3,3,6,2,4,1,5,5,3,5,7,4,5,8,8,3,9,5,3,6,4,8,4,8,7,5,3,4,6,4,6,7,3,4,6,3,9,8,6,2,5,4,8,5,5,7,4,5,4,5,7,5,6,7,5,2,12,4,8,5,4,2,7,2,6,6,5,5,5,5,7,6,1,9,3,4,3,4,7,6,4,4,5,5,2,9,4,4,3,3,5,2,5,6,8,4,7,3,4,5,6,7,5,6,7,6,6,4,4,4,4,8,3,4,9,4,6,8,11,7,3,7,7,7,2,1,3,6,7,8,5,7,4,9,4,3,2,2,2,7,4,4,4,2,4,2,5,5,4,4,6,8,3,4,7,8,4,3,4,5,7,3,5,7,3,5,4,4,9,6,3,7,5,7,4,6,6,8,5,6,3,6,4,12,3,3,4,6,3,5,3,5,4,8,6,5,5,4,4,9,5,2,7,8,4,3,7,5,8,3,5,2,7,6,6,4,5,7,0,4,3,4,7,2,4,3,3,8,6,4,13,4,4,6,3,5,7,2,3,8,5,5,9,8,6,6,5,6,4,2,3,2,6,6,2,7,5,6,6,3,5,6,4,2,5,4,5,2,1,8,5,13,3,6,6,8,7,8,6,4,3,8,5,9,5,5,3,3,8,1,8,3,9,9,4,3,4,7,7,3,8,4,9,4,7,3,3,1,4,3,7,6,4,5,8,5,11,5,5,6,7,5,11,5,11,9,5,4,6,2,2,3,4,6,6,5,6,7,6,5,5,4,2,13,2,6,3,8,3,4,3,6,4,4,6,9,8,6,8,3,3,4,9,7,8,7,2,4,7,4,6,6,7,5,4,1,4,5,7,3,7,1,3,8,7,9,1,4,6,2,7,7,6,7,8,5,6,4,6,4,2,1,4,4,7,5,5,1,3,7,5,4,5,3,5,5,5,3,3,1,4,3,4,3,4,2,3,10,3,4,4,5,4,3,4,3,8,4,5,10,2,5,7,6,2,11,7,4,8,5,6,4,3,3,9,5,5,7,3,3,6,9,5,3,7,3,4,7,3,4,4,2,3,4,9,7,5,1,4,5,3,6,4,5,5,5,6,2,1,3,5,2,4,7,8,3,7,3,6,8,3,6,7,7,8,8,3,7,3,4,7,5,4,3,4,4,6,9,8,2,10,1,6,4,8,4,6,1,4,3,4,3,6,3,3,6,7,5,10,3,2,7,2,2,4,4,4,3,2,6,3,5,8,7,1,4,6,8,8,4,5,4,2,8,4,3,10,4,7,5,4,5,6,3,5,4,0,6,9,2,8,6,2,5,1,7,6,5.093,9.51819581030712,0.667804189692885
3,5,4,2,3,6,6,5,1,4,4,6,5,7,8,7,4,4,5,2,3,7,6,3,6,8,7,2,5,4,2,3,3,5,6,2,5,3,9,6,7,5,1,5,6,5,2,6,6,4,4,6,6,4,3,4,9,6,5,5,3,4,8,9,4,4,5,9,1,2,6,4,3,5,3,6,7,4,3,6,4,5,6,2,8,3,4,5,6,6,8,3,8,6,8,6,1,5,8,7,3,4,3,4,4,4,8,6,5,7,3,3,2,5,5,5,5,4,5,7,5,6,6,1,6,5,4,3,7,5,4,3,6,3,8,11,3,1,5,6,5,3,5,5,4,3,4,5,0,7,1,12,5,1,8,5,5,4,8,7,4,3,9,3,6,12,5,8,4,5,11,4,4,2,2,4,5,3,6,7,5,5,5,7,5,7,6,3,4,3,9,11,2,4,8,5,3,5,3,9,9,5,7,7,8,5,3,7,4,5,2,2,2,9,4,7,3,1,3,4,4,2,3,5,5,5,3,5,6,7,3,3,5,4,4,4,2,4,8,4,9,6,5,2,3,4,4,5,8,5,3,7,6,4,2,3,8,7,7,7,4,5,7,5,3,5,5,4,3,14,3,2,6,7,4,6,8,5,6,3,3,7,2,3,9,4,11,2,5,8,9,9,9,3,2,2,5,4,4,4,8,9,6,9,2,3,3,2,7,5,5,4,3,6,7,3,1,8,4,3,3,2,4,2,7,9,5,5,4,4,3,4,10,7,2,4,12,10,2,4,6,7,6,3,7,4,4,8,7,2,6,4,5,6,4,4,4,6,5,0,3,4,6,9,3,4,4,7,7,7,9,9,5,8,6,6,3,6,2,1,7,6,4,3,5,9,7,9,5,5,2,6,9,3,3,3,1,2,8,9,4,3,9,3,4,0,5,4,3,2,3,2,2,5,4,4,4,2,4,7,6,6,2,7,4,3,5,3,2,2,11,4,2,6,3,4,7,4,2,4,3,7,2,7,1,6,10,5,7,3,6,2,6,2,6,5,7,6,9,6,4,4,9,5,4,11,6,2,5,2,6,4,4,8,5,4,4,2,5,6,4,4,6,6,3,3,3,5,3,5,5,7,5,6,4,3,4,3,0,4,2,6,7,2,4,4,11,4,5,7,6,6,1,5,10,11,5,9,5,7,8,5,6,6,5,5,6,6,8,7,5,7,10,6,5,4,3,4,4,5,10,3,6,3,5,6,4,2,10,5,6,5,4,7,9,1,7,6,2,3,4,5,5,5,5,6,3,5,8,7,8,4,4,6,4,2,5,3,4,2,6,6,6,3,7,3,5,6,2,7,7,6,1,6,1,6,6,2,4,2,6,7,1,7,3,8,7,3,6,9,5,7,2,6,3,1,7,3,3,5,7,6,5,7,7,7,4,7,2,7,6,4,2,5,7,5,2,10,5,9,5,1,2,7,3,9,8,4,4,5,3,6,4,3,4,6,1,8,5,5,5,7,6,5,5,4,4,5,5,5,9,2,4,3,5,4,9,3,5,7,3,4,7,7,8,2,5,6,4,5,4,3,6,6,6,6,4,3,3,1,5,9,3,6,8,6,8,5,2,5,2,5,6,4,3,5,2,6,2,5,6,6,6,8,5,7,5,7,6,5,2,4,4,5,4,6,5,2,4,2,5,6,3,6,4,11,2,2,6,5,6,5,4,7,4,1,4,6,3,6,6,4,5,5,2,6,4,1,6,7,6,10,10,7,7,4,6,3,6,3,7,4,4,6,6,8,6,5,10,9,5,6,5,5,2,3,10,2,6,7,7,6,7,3,7,6,5,5,6,3,6,4,3,2,3,5,11,4,4,4,9,2,2,6,5,6,8,5,7,3,5,0,5,3,7,6,6,9,5,7,5,5,4,5,5,6,8,8,5,5,8,2,2,7,7,3,11,6,5,6,7,5,8,4,4,5,7,5,5,5,6,3,4,4,8,5,11,5,7,8,5,10,9,2,0,3,3,6,2,4,4,7,7,3,6,4,7,6,8,2,8,3,4,8,4,3,5,5,4,6,2,6,4,3,4,3,7,13,5,1,4,6,8,5,2,1,5,8,4,8,8,6,4,4,7,11,5,8,4,1,7,7,5,2,5,12,3,7,6,2,3,8,2,4,4,7,10,8,6,3,10,2,4,6,4,11,9,4,5,5,3,3,5,2,6,4,5,5,3,5,4,7,8,5,6,7,6,4,3,2,3,1,4,7,6,1,4,4,3,6,5.039,9.46033929568492,0.617660704315075
2,9,3,3,6,10,7,9,2,5,1,5,5,5,5,3,3,3,4,6,5,2,7,5,8,4,8,3,13,6,5,3,10,3,10,5,7,3,5,7,1,5,4,7,5,4,3,7,3,6,2,9,3,8,5,6,8,6,5,10,2,6,6,6,7,4,3,7,6,7,6,6,2,2,8,7,6,3,4,3,10,11,6,2,4,3,2,8,2,7,3,6,1,4,5,9,5,5,5,7,1,1,6,2,7,5,4,6,6,3,2,5,7,4,2,7,7,5,6,3,5,6,3,2,8,8,1,5,4,6,4,10,4,4,1,10,8,5,7,6,5,5,4,4,5,1,4,4,6,7,5,5,7,4,4,1,7,11,3,4,8,5,3,2,3,5,4,8,4,2,8,9,2,5,5,4,4,7,0,7,3,4,5,5,5,3,6,2,6,3,3,3,6,6,10,5,1,4,4,5,2,6,5,3,5,5,8,7,5,8,1,1,3,3,4,6,3,3,4,7,4,2,2,6,5,5,5,6,5,2,7,9,4,3,5,10,5,5,8,7,4,5,6,6,2,3,5,9,0,6,7,7,8,12,7,3,4,3,3,6,5,3,3,4,3,2,4,3,1,5,2,8,5,3,7,2,6,6,2,5,4,11,2,3,5,6,8,3,2,5,5,4,2,5,3,10,3,4,8,3,9,7,2,6,6,6,3,7,4,4,4,9,5,8,2,8,6,4,4,5,3,9,8,4,2,5,0,4,3,3,7,8,4,8,6,3,7,8,7,8,2,9,2,4,8,6,4,3,7,2,7,1,2,6,6,7,6,7,9,4,5,8,1,4,5,3,4,4,3,7,3,5,4,5,4,2,2,3,5,3,4,6,5,3,4,3,6,6,4,4,5,7,6,7,3,4,2,6,6,8,2,0,5,4,4,3,5,4,2,3,8,3,4,3,6,5,4,4,5,4,5,5,3,4,6,3,3,12,8,5,4,4,8,7,8,10,6,5,5,3,4,9,2,2,6,2,8,4,4,5,8,7,2,6,7,5,6,3,3,2,3,3,8,3,5,6,7,2,7,7,5,7,11,3,3,7,5,4,6,3,4,2,6,3,2,5,2,2,15,2,9,6,6,2,3,8,8,3,7,3,3,3,2,0,5,5,10,11,6,5,1,4,3,3,7,4,3,8,2,6,2,5,6,5,3,6,2,7,7,10,9,5,6,7,5,4,7,5,4,6,2,6,7,3,5,6,10,7,4,4,3,0,6,4,2,4,1,5,2,4,8,5,4,7,10,3,5,5,6,6,7,3,3,4,9,1,4,3,4,4,2,5,5,2,5,8,7,5,5,7,8,9,5,10,3,9,5,6,7,4,9,7,4,2,5,6,4,6,8,2,6,4,3,9,5,2,8,7,6,4,5,7,5,1,9,3,7,7,5,3,8,1,2,2,2,6,4,2,2,4,2,9,2,8,6,4,1,5,3,5,4,5,3,3,7,2,3,7,5,2,4,10,9,5,4,5,2,6,6,2,7,4,7,4,4,5,10,9,2,9,3,4,7,5,8,4,5,4,3,4,8,2,3,3,8,6,4,3,5,6,3,9,2,7,5,8,6,9,6,4,4,3,2,5,4,0,1,5,2,8,4,4,3,3,4,3,4,4,8,8,5,4,8,2,11,3,5,1,6,10,3,5,1,5,4,4,3,2,5,7,6,4,7,4,8,2,6,2,10,2,6,3,2,3,2,4,4,2,4,4,4,0,2,6,11,8,7,6,4,4,3,6,3,1,6,3,4,6,6,3,8,8,4,5,6,8,7,4,4,6,3,7,3,3,5,8,3,4,2,3,3,6,7,12,5,5,4,4,3,3,4,3,7,7,4,7,8,2,4,9,0,8,8,4,5,7,6,3,3,4,2,4,6,0,4,7,6,5,3,4,4,6,4,3,8,4,2,7,4,2,4,3,3,7,6,5,6,5,3,2,4,3,7,4,6,0,6,5,5,2,4,10,3,5,8,3,7,7,7,1,3,4,5,4,5,3,7,5,6,5,4,10,9,3,5,7,5,3,5,3,3,7,10,5,6,7,5,6,4,4,4,4,4,5,2,4,4,1,6,6,3,6,7,6,3,1,3,6,5,2,3,2,3,5,8,9,6,7,4,6,7,9,3,4,4,2,3,6,5,3,2,3,7,5,6,2,10,5,6,8,4,4,5,4,2,4,3,7,2,6,4,5,2,9,4,7,4,7,5,6,8,5,2,5,5,2,5,5,3,6,4.883,9.40148047504948,0.364519524950519
6,4,2,7,5,8,4,6,5,4,7,4,5,5,8,4,4,2,3,6,5,8,6,6,5,1,6,5,6,3,5,5,4,5,6,5,7,4,6,5,2,1,5,6,8,6,4,6,6,5,2,9,2,6,5,4,3,7,5,4,3,1,5,8,5,4,4,10,3,5,4,4,5,2,7,5,3,1,2,4,0,7,3,7,3,4,5,8,10,6,6,6,4,2,3,2,6,1,7,6,6,5,5,0,4,8,2,3,5,2,3,5,2,4,5,4,6,3,2,2,6,2,6,4,6,7,6,2,6,3,2,4,9,5,10,7,3,5,5,6,4,3,8,5,4,3,6,3,3,5,8,10,3,7,3,0,7,6,9,1,10,6,4,4,3,7,7,3,10,3,5,8,7,5,3,1,6,11,8,5,5,5,3,6,4,4,1,8,1,7,4,9,6,3,8,2,6,14,6,3,1,6,4,4,8,3,3,5,4,4,11,2,2,2,4,8,3,6,5,7,5,5,4,3,2,5,7,1,3,2,7,1,1,5,7,2,3,10,0,7,5,4,5,6,4,6,5,9,5,5,4,9,5,5,9,4,4,0,4,2,2,6,5,5,5,2,1,6,4,3,6,3,4,7,8,5,4,1,4,5,5,6,9,2,8,5,5,5,5,6,9,5,4,7,7,10,5,3,6,8,5,4,4,6,10,9,7,4,8,11,4,3,6,7,2,6,7,5,3,4,2,8,5,1,7,6,7,5,8,7,2,1,8,7,3,6,6,5,6,10,10,4,4,8,1,3,2,4,3,5,6,2,3,15,3,2,3,7,5,6,4,4,1,3,5,8,7,4,4,7,3,7,7,4,7,3,1,4,5,4,4,9,2,10,4,5,7,7,4,3,2,5,5,4,4,4,6,1,2,7,2,3,3,8,3,5,2,5,2,8,7,3,8,6,4,7,3,9,7,1,4,7,6,6,7,4,7,4,5,4,8,10,8,3,6,5,6,8,6,2,2,8,6,5,5,7,5,13,3,5,8,3,6,2,2,5,11,3,7,5,4,2,6,6,5,4,5,4,2,6,5,3,6,3,5,6,4,10,7,2,3,3,4,4,8,5,7,5,7,3,7,9,4,3,5,4,4,5,8,5,8,5,3,3,5,6,7,6,6,7,6,2,4,4,3,5,5,7,3,5,6,1,5,4,5,4,6,7,1,6,9,7,10,6,4,6,6,7,3,3,4,4,7,4,9,9,9,0,5,8,4,5,6,5,7,1,6,5,10,7,5,5,6,3,7,4,4,4,3,0,9,6,2,3,7,3,8,5,4,2,9,8,5,2,7,8,5,3,2,8,3,5,6,6,6,5,3,5,6,3,1,1,4,5,8,7,9,5,4,4,4,7,4,1,3,6,8,4,4,7,7,6,5,6,8,3,7,8,7,3,3,5,2,3,5,4,3,1,4,4,4,5,2,3,0,2,3,6,3,2,6,4,2,4,9,4,4,4,6,6,8,5,4,4,3,5,3,1,4,1,1,7,7,6,3,2,4,3,6,9,5,3,4,4,4,4,7,3,10,4,6,2,8,2,7,5,1,4,3,7,5,4,8,6,9,9,4,5,4,6,4,3,2,8,6,5,2,5,4,2,3,10,7,7,5,3,6,7,2,11,3,5,5,7,3,6,7,7,3,7,1,7,4,6,2,6,2,4,5,8,7,1,6,3,2,4,4,7,3,3,4,4,4,7,5,0,4,3,3,3,9,5,4,6,3,5,5,3,3,7,7,0,4,3,2,3,0,4,3,7,6,6,2,6,10,5,5,5,7,3,3,8,7,11,10,2,1,3,9,8,2,4,8,4,7,3,3,8,3,4,7,7,9,2,7,5,2,6,3,4,6,4,0,7,5,5,4,6,10,7,6,5,5,1,5,2,11,3,3,7,8,5,7,3,7,7,4,4,11,6,5,9,4,4,9,7,3,6,8,4,5,5,13,8,3,5,3,1,3,6,5,4,2,4,4,6,4,4,4,4,0,2,6,5,4,10,3,8,7,7,7,2,4,4,3,3,5,4,3,5,4,7,9,0,3,5,6,6,9,6,5,2,4,9,3,10,7,3,6,6,8,6,6,2,2,10,4,4,6,5,8,3,2,7,3,8,2,9,8,5,4,2,2,7,4,4,4,8,9,6,8,1,4,5,5,5,6,4,9,9,5,5,3,5,3,6,4,6,5,2,4,5,7,3,5,8,3,4,4,0,10,1,3,5,7,4,6,4,4,3,4.95,9.53278303002665,0.367216969973354
3,4,3,4,3,4,6,9,5,2,6,5,9,8,6,7,3,5,4,11,4,7,4,5,3,5,13,2,3,3,6,5,7,7,3,2,6,5,5,2,7,2,5,6,3,3,0,7,9,3,3,4,3,9,1,4,4,5,9,3,5,2,9,6,1,5,2,5,2,3,9,3,5,3,5,5,5,5,6,7,8,6,8,2,2,9,4,3,4,9,3,8,4,4,5,8,6,5,3,7,8,7,5,5,6,4,5,3,8,6,2,8,9,2,10,6,4,5,5,6,3,7,9,6,3,11,4,6,3,4,4,6,6,5,6,6,9,3,2,4,3,7,5,3,6,5,6,8,5,7,8,3,6,3,8,5,8,4,5,1,3,7,2,5,6,4,7,4,3,3,6,10,3,0,6,3,0,9,5,6,7,6,1,8,7,5,9,2,2,7,6,5,7,5,7,4,8,5,5,6,11,4,4,5,10,7,8,10,9,9,4,2,2,6,5,4,4,1,2,11,5,5,3,5,0,3,3,3,3,4,6,3,7,5,5,4,7,4,7,3,5,6,4,4,4,4,5,1,2,4,1,8,6,7,5,6,5,0,4,3,7,2,4,6,3,6,7,3,7,7,2,9,4,5,8,3,4,7,3,4,5,10,4,4,2,3,6,5,11,4,3,3,9,9,2,3,2,4,6,5,5,4,9,3,7,10,2,1,6,5,5,3,8,1,3,6,5,5,3,5,4,5,8,2,6,3,6,9,3,7,5,4,7,6,2,5,7,7,4,11,4,1,3,9,4,4,3,4,4,4,5,5,2,6,2,9,4,7,8,3,4,4,5,9,6,5,7,10,9,4,3,4,6,4,4,2,4,2,3,7,7,5,7,7,5,5,1,6,3,5,3,6,9,7,2,7,3,2,2,5,2,10,7,6,10,4,7,6,7,6,9,2,2,3,4,9,4,9,6,4,8,5,4,5,1,5,3,3,6,6,6,5,8,2,8,5,11,4,5,2,8,8,3,8,4,4,8,6,8,10,6,2,1,7,8,6,6,9,6,6,6,5,3,9,7,3,11,4,4,4,6,7,9,0,4,7,1,3,6,3,4,6,8,8,6,1,3,4,8,3,6,2,7,4,6,1,4,7,6,5,2,6,3,4,2,9,6,1,4,8,3,6,3,1,7,7,7,7,6,4,5,9,5,3,7,5,6,10,6,6,6,6,8,5,4,7,1,3,2,2,5,6,2,3,8,9,7,4,4,2,5,3,4,6,7,6,3,6,7,8,3,4,2,7,5,4,6,8,6,3,6,5,8,9,9,2,6,3,4,6,7,6,6,4,8,6,4,6,3,9,6,8,4,4,2,6,3,3,6,10,5,1,4,4,5,2,7,2,6,10,5,9,6,10,5,2,4,4,4,6,2,4,6,8,5,3,1,8,1,2,3,8,3,9,5,7,7,7,6,7,4,4,3,6,1,6,7,4,5,5,5,3,5,3,11,2,9,6,7,3,7,9,4,4,3,3,6,2,7,7,4,5,3,1,4,3,6,3,6,3,9,6,3,3,8,3,6,5,5,4,3,5,8,3,13,4,6,5,8,5,4,6,3,4,5,9,1,3,5,6,6,8,4,3,4,9,4,4,4,3,2,5,4,7,7,8,4,2,6,2,5,5,5,2,4,4,6,6,8,7,4,2,2,3,3,12,2,7,7,0,6,5,8,2,5,3,6,3,4,5,5,4,8,5,2,5,6,5,2,6,0,9,9,4,6,7,8,4,7,5,8,9,4,3,2,3,4,4,3,5,7,3,2,6,7,3,8,3,13,4,8,6,5,8,6,9,3,6,6,5,6,6,5,3,3,5,9,6,3,6,3,3,4,4,2,8,4,7,6,3,4,5,4,3,8,10,7,7,4,3,8,4,4,2,4,5,5,0,6,3,5,2,5,1,5,3,6,2,7,4,7,7,10,2,10,12,3,2,7,7,6,3,7,3,7,2,5,14,3,3,6,5,5,3,4,2,8,6,3,7,6,2,6,4,6,1,9,6,5,5,7,1,4,7,5,1,8,6,5,7,2,8,2,4,2,9,5,2,8,4,3,4,3,5,2,7,5,2,3,3,4,7,1,7,3,4,5,13,3,6,6,4,3,3,3,7,3,7,6,7,2,5,3,10,3,10,8,5,5,4,10,4,2,9,9,8,6,2,4,2,5,2,3,3,4,1,8,3,8,5,5,8,5,4,8,1,3,4,3,6,2,0,5,6,3,1,2,3,9,2,5.056,9.73895338379477,0.373046616205227
3,4,4,4,4,7,3,5,7,3,5,3,7,6,7,6,5,5,3,1,5,2,2,5,2,9,7,3,6,1,8,4,5,4,6,1,2,4,3,6,4,6,3,7,14,4,4,7,5,5,5,7,1,6,6,9,7,3,7,4,7,4,5,7,4,6,6,6,4,6,7,5,8,4,3,8,7,5,1,7,4,4,6,3,2,1,6,2,12,7,6,3,7,1,4,6,8,5,5,10,7,5,7,4,11,5,1,8,7,10,4,3,6,6,2,8,5,7,2,4,10,6,5,0,4,4,3,9,6,2,6,7,8,2,1,5,6,6,4,6,5,3,5,4,9,4,6,9,5,9,8,4,2,9,7,3,5,6,4,1,5,4,3,7,6,6,4,7,1,3,7,11,4,6,2,7,5,4,2,3,3,5,7,6,8,5,4,1,6,3,6,10,1,5,5,6,3,6,10,4,7,5,3,6,4,4,6,2,4,9,5,8,1,4,3,6,0,4,2,5,9,5,3,3,6,7,5,6,3,9,6,7,5,8,5,2,2,5,5,5,4,1,5,2,4,5,7,11,5,4,8,7,6,3,4,3,3,6,6,5,6,9,7,9,3,3,7,3,3,6,2,4,6,4,8,4,6,3,7,2,5,6,10,4,7,5,10,5,8,6,7,8,6,4,5,10,2,3,11,9,6,3,2,2,6,6,3,2,9,9,5,5,3,1,7,3,6,6,7,8,7,6,6,5,1,8,10,6,3,4,7,2,10,6,2,9,8,5,4,11,2,7,4,7,2,3,2,5,5,6,6,7,6,6,3,6,4,7,4,6,6,4,7,3,7,5,1,2,5,3,3,6,7,7,4,4,6,6,3,3,4,7,1,4,7,6,11,3,7,3,1,6,6,3,4,2,2,3,4,2,5,3,5,7,7,6,3,7,5,4,5,4,7,3,5,5,5,3,5,4,5,6,7,6,4,7,5,6,6,5,4,3,9,5,3,5,7,3,2,6,2,4,2,5,3,4,4,4,6,1,7,8,4,2,7,6,5,6,4,5,11,6,6,9,6,7,7,2,10,2,6,8,4,5,1,3,7,7,6,2,9,5,9,4,6,3,5,4,7,0,5,9,7,5,7,7,4,2,7,7,1,6,4,5,2,3,7,4,2,6,5,4,2,4,3,6,2,8,7,7,5,1,5,0,6,2,6,7,5,9,6,12,8,7,6,8,6,2,1,7,5,4,6,9,5,7,6,3,7,4,3,3,5,6,3,3,7,3,10,2,1,9,5,2,9,0,10,2,5,4,7,3,7,1,5,6,5,2,7,5,1,6,6,3,5,5,6,4,3,6,8,3,5,6,4,6,6,5,6,7,6,5,2,9,3,5,5,4,6,7,4,5,3,11,2,6,8,3,4,3,4,5,5,4,9,10,7,6,3,2,8,4,3,8,3,5,7,6,5,5,5,5,5,5,3,5,3,1,5,3,2,8,7,1,3,2,7,5,5,6,6,7,5,8,7,4,5,1,7,5,8,2,5,1,7,11,5,7,3,4,3,1,3,5,3,4,3,9,6,5,4,6,5,6,6,6,6,1,7,3,4,5,3,6,6,8,4,3,5,4,6,9,13,10,1,5,5,3,3,4,3,12,7,5,6,5,4,2,6,7,3,5,4,4,5,7,7,9,5,9,6,8,4,5,2,7,2,1,6,2,6,3,4,1,6,4,6,3,8,4,2,5,5,3,7,3,6,4,7,7,7,3,2,4,6,5,5,6,3,8,2,5,7,4,3,7,2,11,5,7,0,4,5,4,12,6,4,5,6,7,9,11,1,9,6,2,6,6,2,2,3,11,9,8,8,6,5,6,13,4,6,4,8,3,8,6,8,2,5,5,8,2,7,5,5,7,1,6,2,4,6,8,5,4,6,12,8,7,6,6,9,4,6,6,4,8,4,8,4,3,7,7,5,2,5,5,5,2,6,4,5,4,4,5,2,5,5,5,4,3,4,5,6,1,4,1,4,5,4,3,6,5,4,7,2,4,1,1,9,4,3,5,4,2,3,4,5,2,6,3,2,2,5,4,5,3,2,10,5,6,5,1,3,7,3,3,0,4,8,5,7,4,3,4,4,7,7,11,3,6,3,3,6,4,2,7,4,3,5,10,5,10,4,5,7,4,3,4,7,6,3,4,1,4,5,12,4,2,1,5,4,4,2,3,5,4,4,4,6,9,3,7,2,4,6,5,6,11,4,7,4,8,3,4,3,7,5,6,5,2,5.056,9.63767695348616,0.474323046513839
2,1,3,6,4,6,9,5,3,5,7,7,3,2,6,7,9,4,3,2,4,5,6,3,3,6,11,4,17,5,5,3,5,3,4,6,12,7,3,2,3,2,2,3,4,3,3,4,4,10,1,5,5,5,5,3,3,2,10,7,2,4,7,5,5,2,4,10,5,4,3,4,4,3,8,7,5,3,7,2,3,5,5,4,6,2,5,7,9,6,6,8,7,8,5,7,6,4,7,6,5,7,3,5,4,1,8,3,2,4,2,6,2,7,11,2,3,4,6,7,7,5,4,6,5,6,7,6,4,1,3,5,8,5,7,4,4,2,10,7,2,4,10,3,3,6,9,4,1,11,4,4,10,1,5,2,3,6,5,3,9,5,4,6,8,4,6,6,6,4,7,8,9,4,5,3,9,7,5,3,7,4,6,6,6,2,5,6,2,5,6,8,4,9,5,3,4,9,4,6,2,8,3,4,11,3,2,6,5,7,2,3,3,5,5,3,2,3,5,5,8,4,4,3,7,4,3,2,7,5,2,6,4,4,8,5,6,4,3,2,4,2,6,5,3,5,4,7,1,8,3,6,6,5,6,10,5,3,5,6,6,4,6,11,3,3,2,7,6,6,4,7,6,6,2,5,6,2,2,6,5,3,4,4,6,5,7,4,10,4,9,2,3,8,9,3,5,3,7,7,4,4,3,6,13,5,4,4,2,4,7,5,8,9,3,7,7,4,8,5,7,4,4,5,6,7,5,7,6,5,6,6,8,5,6,4,7,6,5,6,4,2,4,3,3,6,2,3,8,4,8,6,3,6,5,9,4,5,0,5,10,7,1,5,3,8,9,2,6,5,4,13,2,4,5,1,8,4,5,5,1,3,6,1,4,5,5,6,5,6,4,6,10,5,1,8,6,1,3,9,9,3,3,6,12,5,4,5,5,2,9,7,5,3,6,4,2,4,3,7,10,8,4,9,5,3,2,8,4,9,5,7,2,4,6,7,2,4,5,4,3,1,3,6,4,8,5,7,4,8,4,5,10,6,4,7,1,6,3,4,11,6,8,6,6,4,1,9,7,3,2,1,7,8,11,5,9,7,5,3,2,4,11,5,7,2,3,8,4,2,10,5,5,3,1,7,4,3,4,6,6,2,4,7,3,7,5,2,5,6,3,3,2,6,9,6,3,6,5,5,1,3,4,6,1,4,4,3,3,3,4,4,5,2,2,7,4,11,5,1,10,5,7,2,6,14,5,6,3,5,4,3,3,8,3,3,3,6,4,4,6,6,7,5,5,5,3,3,5,8,7,7,4,1,5,4,4,1,1,5,4,7,6,6,1,6,11,4,3,5,5,4,8,7,2,7,6,3,3,6,4,4,9,5,8,7,11,5,3,10,4,3,3,3,3,5,7,5,9,8,6,3,2,6,2,2,6,1,2,6,6,5,5,7,7,4,4,4,7,7,5,2,3,4,4,5,4,8,5,5,2,3,3,5,8,7,4,10,2,4,6,5,4,10,3,4,2,5,4,6,8,5,2,8,9,7,7,3,3,6,4,4,8,7,4,2,4,3,4,4,5,1,7,5,5,5,7,5,3,4,3,10,8,7,10,6,6,2,3,7,6,7,5,6,5,7,6,2,5,5,2,4,8,6,8,3,2,8,4,6,4,4,5,6,11,8,3,8,4,11,5,7,3,6,7,8,2,0,4,2,10,3,2,4,4,4,3,5,4,1,1,4,5,4,2,1,4,4,6,4,4,6,8,1,8,3,6,14,5,8,8,6,7,4,6,6,7,6,8,6,4,4,6,7,4,5,4,1,9,10,4,3,7,5,5,5,5,3,10,5,3,2,4,9,4,3,3,4,5,6,3,4,5,7,7,9,7,2,5,4,3,3,3,1,4,8,4,7,7,3,5,5,3,3,6,7,3,8,4,3,8,4,6,5,7,3,8,5,6,2,6,5,5,8,5,5,6,4,3,7,8,5,2,3,11,5,6,5,4,7,5,5,7,3,5,3,5,4,2,2,3,5,6,5,4,3,4,6,8,4,8,7,10,1,5,6,8,2,5,5,4,4,5,6,2,5,4,2,3,9,8,5,5,7,4,4,5,2,3,8,7,6,1,6,4,5,6,1,8,3,7,7,4,8,11,6,5,6,5,7,6,5,6,7,3,7,6,6,4,4,6,10,7,5,2,4,5,5,3,4,4,8,6,5,4,6,7,4,5,6,7,9,5,6,2,8,3,6,2,5,4,6,3,3,12,6,3,0,4,0,5.064,9.66955185773803,0.458448142261972
5,4,8,5,3,5,6,4,7,6,7,3,7,9,18,1,4,3,3,6,6,4,5,9,4,7,7,1,8,7,4,5,6,7,6,3,5,5,3,6,5,4,4,3,9,5,5,5,7,7,4,5,8,6,2,6,10,6,13,6,2,2,9,9,8,3,4,6,6,3,7,9,2,3,5,4,5,5,5,10,4,5,7,5,2,6,4,5,10,7,9,6,4,3,3,6,6,8,3,3,11,5,8,6,7,7,1,4,7,3,2,3,10,8,7,7,3,2,3,4,6,9,4,2,9,8,4,6,3,5,3,6,6,7,8,9,9,4,4,4,3,6,2,4,8,8,6,3,7,5,7,6,8,2,3,3,7,6,5,6,2,1,2,4,6,9,3,5,7,2,12,7,4,6,3,5,6,5,10,3,8,4,2,3,9,4,4,5,6,4,2,4,2,7,2,3,7,3,7,7,4,3,12,1,2,7,7,8,5,5,5,1,2,5,5,5,6,7,2,8,3,2,0,4,3,9,5,3,3,6,3,5,9,5,3,3,3,6,6,6,5,4,5,8,4,2,7,6,6,5,6,2,5,8,9,6,3,4,9,4,2,1,7,5,4,6,5,4,7,2,4,4,14,5,6,5,6,3,4,2,4,7,6,3,6,5,6,7,7,6,7,5,3,3,6,9,3,4,7,0,6,7,5,5,2,8,3,2,8,9,2,7,7,2,5,5,1,9,7,2,4,5,6,2,5,6,4,1,6,4,4,4,5,5,4,2,10,6,2,7,6,2,8,6,3,6,7,5,10,1,6,5,1,13,3,2,6,5,9,3,5,2,5,8,6,6,7,4,11,9,8,7,4,4,3,2,3,2,3,2,5,9,3,7,11,8,8,8,1,5,4,6,7,4,6,5,5,1,3,8,4,3,2,1,4,5,9,5,5,8,5,7,6,4,3,5,3,7,4,3,1,4,4,2,6,3,2,11,4,6,6,5,7,6,4,5,5,8,3,3,2,6,4,4,3,4,2,6,3,5,3,4,6,3,6,3,7,4,7,2,4,4,5,4,2,11,6,3,7,8,4,3,7,3,8,0,8,7,7,8,4,5,7,2,5,4,6,3,5,5,2,4,4,4,2,4,1,2,7,3,6,4,3,5,2,3,9,6,9,4,3,6,5,5,4,5,7,6,8,6,1,1,7,2,6,1,7,7,7,3,7,9,11,6,2,6,4,3,7,8,1,4,6,11,5,6,5,5,6,7,0,0,2,8,6,5,5,7,7,4,3,10,6,8,2,9,4,4,6,6,2,4,5,7,2,2,7,4,3,4,4,3,2,4,4,4,4,5,3,8,4,5,5,4,9,8,4,3,3,3,5,5,4,7,7,6,2,9,7,6,7,5,6,1,3,11,8,4,6,5,3,2,4,2,2,4,4,4,4,5,4,4,0,7,3,6,4,5,5,3,3,5,2,9,4,3,7,6,6,8,4,2,7,7,2,5,7,4,2,5,8,2,5,4,6,0,3,6,6,3,9,5,3,7,5,5,9,3,2,5,10,4,4,2,3,0,9,5,8,3,7,2,4,6,9,8,5,8,4,6,5,3,6,6,4,5,2,6,0,5,5,4,5,2,7,3,3,0,6,1,4,4,6,4,3,5,2,4,8,9,4,3,9,6,6,7,5,7,7,9,2,8,5,5,5,4,6,4,6,2,5,9,4,4,9,0,6,9,5,4,7,7,8,5,4,5,4,5,6,4,6,3,8,8,8,7,3,9,8,6,10,6,7,4,5,1,2,5,4,5,6,8,8,3,3,7,3,3,13,3,4,10,5,8,10,6,4,7,5,2,7,2,4,2,5,5,3,5,1,5,8,2,2,5,10,6,3,6,4,6,4,7,4,5,4,4,4,8,3,4,5,6,6,5,2,7,4,3,6,6,6,5,7,4,4,1,8,10,8,3,4,2,4,2,4,4,8,2,6,6,10,4,6,5,3,6,5,7,3,7,4,5,6,4,4,2,5,5,5,4,8,7,8,2,1,7,10,9,4,4,5,3,5,6,2,4,5,5,9,7,5,3,4,6,11,1,5,6,6,4,8,1,9,4,5,5,2,2,3,10,6,5,3,5,0,9,6,7,5,5,6,1,4,5,4,8,5,7,2,4,6,1,6,7,3,9,2,6,7,8,7,4,7,4,4,7,8,3,3,9,4,5,1,2,5,3,4,6,8,5,4,5,4,4,5,12,4,7,5,5,6,3,4,5,5,3,4,4,5,1,5.061,9.70537039681192,0.416629603188079
7,4,3,6,5,3,1,3,5,6,5,1,8,10,4,6,6,4,3,5,7,5,6,3,7,6,9,4,6,5,2,4,7,4,4,3,3,3,7,8,2,6,9,6,4,0,1,3,5,5,3,3,3,7,2,5,4,4,7,0,6,5,2,7,4,1,6,6,4,3,5,4,7,5,5,8,2,3,8,7,8,6,5,5,6,5,2,4,5,7,4,4,3,3,6,4,6,4,6,6,4,4,5,3,8,6,7,6,5,3,4,4,6,4,5,11,6,1,10,4,5,8,7,1,6,7,6,7,3,7,7,2,5,8,2,5,5,8,7,2,4,7,9,4,6,4,5,2,4,5,8,5,6,5,4,3,4,4,10,8,11,1,6,1,2,5,4,4,3,6,3,4,6,3,3,3,3,2,6,2,6,7,7,11,9,4,7,3,0,3,6,3,2,3,2,5,2,6,3,7,4,3,8,4,3,10,7,7,2,3,2,1,3,1,9,9,5,3,4,6,2,5,9,6,9,3,8,3,5,4,6,1,7,5,8,4,8,3,4,6,3,2,4,1,2,7,6,9,2,7,5,7,4,7,10,9,2,4,9,7,4,6,5,3,9,7,1,10,7,4,4,4,4,3,4,6,3,8,1,8,6,5,7,2,6,4,5,5,4,4,5,7,3,11,7,3,6,6,11,4,5,4,2,8,6,9,4,8,3,8,0,9,5,11,3,7,6,1,4,5,3,10,8,4,3,5,4,6,2,5,3,7,10,5,4,6,8,7,5,5,3,6,5,3,1,5,5,3,5,6,2,10,5,8,8,5,6,5,3,5,5,4,4,6,7,10,3,12,5,10,5,5,2,2,5,5,4,3,4,5,12,3,2,9,8,1,2,8,1,3,7,8,3,5,4,0,5,2,4,9,0,8,5,5,4,9,5,6,2,4,4,4,4,1,4,5,0,9,7,2,4,8,3,8,5,5,6,7,5,9,5,5,7,7,7,3,8,4,8,3,5,8,6,6,4,2,3,6,7,5,5,4,8,5,7,2,5,7,8,6,8,4,8,8,6,6,5,7,3,5,5,7,4,7,4,4,4,4,10,4,6,4,3,4,7,2,6,3,10,2,4,4,5,3,8,3,6,8,6,3,5,4,3,4,6,6,5,5,5,5,7,5,6,3,3,2,6,5,6,1,6,6,6,2,6,5,2,14,3,7,4,6,9,8,5,7,7,2,6,7,4,8,4,6,2,5,3,4,5,1,2,8,4,5,6,2,1,7,5,8,9,4,7,3,7,4,7,4,6,6,8,8,3,4,6,4,11,1,7,5,1,6,5,4,9,4,5,4,5,6,6,8,8,6,2,4,6,5,11,3,4,3,4,6,8,4,10,6,8,7,6,2,4,3,2,5,7,6,4,2,3,5,5,10,12,6,7,8,3,8,7,7,1,11,6,13,4,5,2,2,7,4,3,11,4,5,3,4,3,6,4,2,6,4,7,5,5,10,5,5,6,5,6,2,2,3,5,4,9,3,3,9,3,1,8,5,9,4,5,5,6,7,4,3,4,3,11,5,5,8,5,3,6,5,6,3,6,3,5,7,3,6,5,5,2,8,5,2,7,7,5,3,3,8,3,12,5,7,2,8,5,10,1,7,6,6,4,4,4,9,2,4,5,2,8,4,3,4,5,4,3,7,4,5,2,6,5,9,4,3,7,2,12,4,3,5,2,1,3,4,7,6,1,2,6,4,10,3,7,12,3,6,5,5,6,10,5,5,3,3,4,3,2,9,3,2,7,2,7,7,3,4,7,7,6,7,7,5,9,5,5,6,3,6,12,3,3,7,3,5,3,6,5,6,5,5,12,9,3,4,2,9,7,3,4,6,2,8,5,5,7,4,7,9,5,8,7,9,1,4,6,4,0,6,8,3,7,2,4,1,7,3,5,8,2,7,4,8,9,2,6,5,10,3,0,10,7,6,14,7,2,5,10,1,6,7,6,6,3,4,3,5,4,3,4,3,3,9,5,3,6,0,7,2,3,6,5,5,7,0,7,8,2,3,9,3,4,4,4,8,7,8,2,1,2,2,2,7,5,5,6,5,3,8,1,5,6,2,5,4,6,6,4,3,5,4,4,5,5,6,8,6,5,6,4,4,2,7,4,6,6,7,3,9,2,6,9,2,2,6,5,7,4,2,7,2,5,1,5,4,9,6,2,3,2,6,6,7,4,3,4,4,3,3,4,8,4,5,1,4,6,2,2,7,5,3,2,5,4,4,5.073,9.7726780195123,0.373321980487702
4,3,6,9,5,7,3,5,3,5,1,5,8,5,5,8,5,3,4,8,7,6,5,4,5,7,9,8,7,3,2,7,6,3,6,4,7,10,3,7,3,1,5,8,3,2,1,4,3,10,3,1,8,4,8,3,7,9,6,3,4,6,5,2,10,6,2,8,9,3,3,8,9,3,3,6,3,0,5,4,5,11,9,3,4,3,5,4,6,4,7,9,3,2,5,7,4,4,9,8,1,8,5,6,4,5,1,3,7,7,7,4,1,4,3,7,4,6,5,6,10,6,3,1,5,9,4,4,4,3,3,7,5,5,6,9,3,4,3,6,3,4,4,3,3,6,4,4,4,7,3,7,6,5,1,7,9,9,3,4,3,3,5,6,4,7,5,5,7,8,4,3,10,4,3,4,4,12,3,4,6,4,3,11,4,1,3,3,5,2,3,11,3,4,3,5,1,10,4,4,3,2,4,8,5,7,3,2,11,9,4,2,5,8,2,9,6,3,3,6,5,9,3,6,4,7,3,5,4,6,3,6,4,6,6,6,5,8,2,5,7,7,2,1,6,5,7,6,8,8,4,3,3,5,9,4,6,5,4,10,7,5,5,6,4,2,7,6,2,6,5,4,6,12,6,4,8,2,4,4,2,3,5,8,4,4,5,1,7,6,3,10,7,6,5,3,5,5,7,5,4,3,4,8,11,10,3,5,5,1,6,5,4,6,2,6,6,6,2,2,2,4,2,6,4,5,3,4,2,7,4,4,3,3,2,1,6,2,8,7,8,2,0,8,4,3,5,6,5,2,4,8,4,7,6,8,1,4,6,3,7,3,2,5,5,6,5,2,8,6,5,8,12,3,9,2,7,2,10,6,5,12,8,7,5,4,4,7,3,2,7,7,6,4,1,6,5,1,3,4,6,3,8,7,9,4,4,5,4,8,3,6,4,7,3,6,6,5,4,2,8,6,6,2,4,6,7,6,5,6,9,4,6,5,9,3,7,8,2,5,1,7,5,9,8,2,5,5,8,4,6,6,5,5,4,6,8,6,5,4,11,3,7,5,7,5,5,7,10,3,6,4,5,4,4,0,4,7,4,4,10,3,8,1,4,3,7,5,4,4,4,6,6,7,7,3,5,8,1,3,1,4,6,5,5,1,9,5,4,5,2,8,9,5,5,9,3,3,8,2,5,6,7,6,3,4,6,3,4,6,10,6,9,3,6,4,8,6,4,4,3,7,3,3,5,6,4,4,1,4,5,2,2,5,5,4,4,6,4,4,5,10,4,6,8,4,4,3,2,2,7,6,6,9,3,4,3,4,10,3,4,8,1,7,3,6,7,2,2,8,5,8,3,4,4,0,2,3,4,7,5,7,9,3,7,5,6,7,5,7,4,5,5,5,1,5,2,4,6,3,4,1,6,3,6,3,5,6,3,2,1,9,4,9,5,8,3,10,5,11,8,5,3,6,2,4,6,2,7,4,6,5,3,4,7,6,2,8,5,3,6,2,7,4,5,3,1,3,5,7,4,6,2,4,2,4,7,4,6,4,6,5,4,4,2,3,10,9,6,4,4,8,4,2,10,11,5,7,6,6,7,5,5,3,6,6,6,8,3,5,5,4,1,3,3,3,4,3,6,2,3,7,7,4,7,7,4,1,7,12,3,4,9,13,6,7,1,8,3,3,6,3,2,5,6,3,4,8,9,2,4,1,5,5,6,3,3,4,8,0,2,6,3,5,3,5,1,6,4,6,5,6,3,6,11,3,8,8,7,7,8,4,4,7,3,5,6,4,10,8,3,3,5,7,7,6,5,6,7,9,1,4,2,5,6,3,3,3,8,4,6,3,6,2,11,2,4,7,5,8,4,4,2,5,4,4,8,3,9,7,6,8,7,3,8,7,7,6,7,1,5,3,4,6,11,5,8,5,2,3,3,6,7,3,3,5,4,4,2,1,5,8,5,5,1,5,6,5,6,7,8,2,8,6,3,7,6,5,6,5,4,4,9,3,3,5,4,8,2,6,5,2,7,7,10,12,3,3,7,7,8,3,6,4,2,4,11,9,6,6,7,4,5,5,4,2,5,4,7,6,3,1,3,8,4,11,7,5,8,2,6,3,3,13,3,7,6,9,1,11,6,3,3,4,6,6,6,6,3,7,6,10,6,7,4,5,8,3,7,8,5,4,6,7,6,9,7,5,5,5,4,7,6,2,10,6,5,4,5,5,7,4,4,8,7,3,4,6,3,7,5,2,7,4,4,6,5,2,7,6,5.103,9.70457866300162,0.501421336998377
4,1,5,6,5,4,3,5,5,1,6,1,3,7,10,3,3,4,6,9,4,11,5,7,5,5,9,3,9,5,4,1,3,2,5,3,4,3,2,4,2,5,2,2,4,4,6,9,9,5,6,4,7,6,6,4,5,1,8,6,5,8,4,8,7,3,5,11,4,2,11,5,7,4,7,4,3,7,5,0,5,10,4,6,6,5,8,6,8,5,9,10,6,3,5,7,6,0,7,4,6,5,6,3,6,4,5,4,5,6,7,6,7,6,6,11,4,5,2,10,3,2,5,3,9,7,7,9,8,5,3,3,11,6,8,6,8,3,3,2,8,4,5,7,5,9,6,6,8,7,6,7,2,7,5,4,7,6,3,2,6,6,4,3,3,5,3,2,2,5,6,4,5,5,3,3,3,2,8,7,4,3,7,5,6,0,5,2,4,13,6,7,7,3,7,2,6,7,5,3,5,6,5,1,4,7,7,8,7,6,8,8,3,8,7,9,10,4,6,11,7,1,9,1,4,4,2,5,2,6,2,3,7,6,5,2,8,2,5,11,1,4,3,5,4,7,5,8,1,3,7,3,5,7,9,4,6,1,4,5,5,7,9,3,5,3,6,4,5,5,2,3,9,5,4,7,5,5,0,2,5,7,6,4,8,6,11,3,5,6,5,4,7,4,5,8,6,9,5,4,2,5,6,4,4,8,5,5,9,5,2,6,3,2,4,5,5,5,10,5,7,6,4,5,4,10,9,4,3,3,4,2,6,9,1,4,6,4,3,8,3,2,6,6,4,1,2,1,6,6,7,9,10,4,3,5,6,4,5,1,4,9,4,9,4,6,2,7,6,6,5,6,6,5,6,5,7,5,6,8,3,5,4,4,9,4,9,4,6,1,6,6,7,9,8,5,6,1,8,5,5,4,10,5,7,6,7,3,2,5,4,6,5,4,4,4,2,2,3,7,6,4,2,8,11,2,2,8,5,3,6,5,9,7,4,7,2,8,4,6,3,5,3,2,1,5,5,9,3,5,4,2,4,3,5,5,3,5,13,8,11,4,8,5,4,6,7,7,4,8,3,2,5,3,4,2,6,4,6,4,4,2,8,5,4,3,3,3,5,7,6,4,5,3,5,5,2,2,3,6,5,8,2,5,2,6,3,3,2,6,1,7,6,7,4,4,7,8,4,9,4,2,2,6,5,6,3,5,8,2,2,5,5,4,3,6,4,4,11,2,6,8,8,4,5,9,3,5,10,6,3,5,3,6,4,3,0,8,5,7,0,6,5,5,5,1,6,6,4,5,11,11,1,6,5,1,8,2,8,5,5,7,9,2,11,3,8,2,5,5,9,3,4,2,4,7,4,5,6,6,4,5,3,7,9,4,7,5,2,7,7,3,2,2,4,8,7,6,5,7,4,2,8,6,7,9,5,7,6,4,2,6,2,7,5,2,6,1,8,4,7,5,4,9,3,3,7,7,7,4,4,4,5,6,4,3,5,3,7,3,13,3,5,6,6,4,4,1,7,4,3,4,6,4,4,5,7,8,3,6,2,6,6,5,4,2,1,4,4,4,8,5,3,3,5,7,5,4,8,9,1,7,6,5,4,5,3,1,5,3,6,6,4,2,7,2,7,5,5,6,7,5,1,2,2,7,3,5,6,6,3,3,3,7,6,9,9,8,6,7,5,4,3,7,6,4,4,5,6,4,9,5,7,3,3,5,5,8,8,3,5,3,2,6,5,2,4,5,4,4,4,7,3,2,3,5,9,4,2,3,2,5,5,6,3,4,3,2,7,6,5,4,5,2,5,8,5,4,12,4,1,5,4,8,9,4,6,4,4,8,1,6,5,4,6,4,2,7,6,1,4,2,8,3,7,3,5,4,6,5,5,8,7,1,7,4,4,5,3,4,9,6,5,4,5,7,5,3,7,3,6,6,5,1,2,6,6,6,6,6,6,9,6,3,1,7,7,7,6,6,7,4,1,3,3,4,3,8,8,2,1,8,6,4,4,7,2,5,7,2,2,1,6,7,2,4,4,4,6,7,3,6,5,7,5,4,6,3,3,5,5,5,4,9,3,3,4,6,3,6,8,3,8,4,4,8,3,4,5,4,4,2,2,6,8,2,6,6,3,7,4,5,4,4,5,8,7,7,4,4,3,8,6,6,4,2,4,3,7,7,1,12,5,8,6,5,7,6,3,5,7,7,4,3,12,7,11,5,3,4,3,8,6,2,4,7,7,7,7,4,6,4,2,6,6,4,2,6,2,3,5.052,9.5337295560323,0.570270443967703
7,6,2,4,5,4,6,2,5,3,7,2,6,9,4,3,8,5,4,7,3,5,7,10,7,6,2,7,6,4,5,2,7,5,2,7,6,4,4,8,0,4,7,3,2,2,4,3,3,1,6,2,5,5,3,5,6,5,7,4,3,4,5,5,5,5,5,9,6,6,4,4,11,7,3,9,3,6,6,6,5,2,4,6,3,6,5,5,8,6,5,8,5,4,3,2,9,7,3,5,6,6,4,5,6,5,3,3,4,6,3,4,4,3,7,8,7,9,10,4,4,9,6,6,5,11,3,5,9,3,2,4,4,5,5,3,3,5,3,6,7,11,5,6,3,6,4,5,8,3,5,7,3,2,1,7,2,7,10,5,6,6,5,3,7,4,3,9,3,2,7,6,9,3,9,7,4,4,3,6,2,4,4,6,3,6,6,4,2,8,5,3,3,6,6,4,5,1,10,6,2,3,5,5,5,4,2,1,7,4,5,8,3,5,6,6,5,4,10,9,4,5,6,7,6,6,5,5,4,6,6,5,5,4,6,4,2,4,1,8,3,6,4,7,5,8,5,7,5,9,9,5,4,9,4,2,5,3,7,5,7,6,7,6,2,5,6,4,8,4,2,6,9,9,8,7,12,1,4,7,8,6,8,4,6,1,5,10,6,7,2,9,4,7,6,3,4,1,11,2,6,1,6,4,6,8,4,4,3,5,3,4,7,6,5,7,9,4,8,4,9,7,2,10,6,5,6,3,6,4,9,4,4,4,6,3,6,3,3,13,6,0,6,6,4,2,7,3,11,2,4,8,2,5,10,5,7,4,5,5,7,7,4,6,7,7,1,9,8,6,6,3,4,3,8,5,9,4,0,3,6,5,6,1,6,5,3,3,5,5,1,7,6,5,5,10,8,4,4,8,9,6,9,7,3,7,5,7,7,8,5,2,4,5,5,6,8,6,3,7,9,7,6,7,2,2,10,7,4,5,4,6,5,8,9,7,6,2,6,3,1,3,1,3,5,2,4,7,2,0,6,5,8,5,3,3,7,4,5,4,10,7,5,6,7,9,4,5,7,5,5,5,7,5,7,6,8,10,4,8,4,7,4,3,5,3,6,2,3,5,3,4,3,4,4,0,10,6,5,5,5,7,5,4,6,5,6,4,5,6,8,8,3,4,3,6,7,6,10,6,6,4,6,4,5,3,7,6,5,1,4,4,5,10,3,4,2,4,6,5,2,3,4,6,5,8,7,6,5,3,1,4,8,3,8,9,4,5,5,3,5,12,3,3,4,4,6,2,6,6,6,3,6,1,3,6,7,4,5,9,4,7,7,1,4,4,10,1,7,6,4,7,8,4,3,6,7,1,4,3,6,3,5,5,7,9,11,4,9,6,1,4,5,9,3,4,3,1,7,4,4,10,4,3,6,6,4,5,2,3,10,5,2,7,8,7,7,11,5,4,3,3,5,11,8,3,7,0,3,10,3,3,10,7,4,4,1,5,3,3,4,9,4,5,4,5,6,4,5,2,3,6,5,5,6,9,6,1,4,8,7,5,8,5,9,2,9,4,7,5,7,3,4,9,8,3,2,7,4,7,4,4,7,3,6,4,5,2,8,3,6,7,5,4,9,5,4,4,5,8,4,2,4,4,5,3,7,6,5,6,3,3,7,8,8,4,6,5,6,5,3,4,5,6,5,7,6,4,8,4,10,7,4,5,9,3,4,4,7,1,4,3,9,6,7,2,5,5,3,3,4,9,6,2,4,4,11,9,6,7,8,4,4,12,6,9,3,5,6,0,6,3,8,6,10,9,4,2,4,5,4,9,2,6,11,8,8,11,7,8,5,5,5,4,5,7,11,6,9,4,4,3,8,2,7,6,3,6,5,7,3,4,5,4,8,6,3,7,4,7,4,7,11,4,2,6,3,2,4,8,5,5,7,6,3,7,5,7,5,5,4,5,6,6,6,5,2,5,5,5,5,4,6,2,6,4,7,2,1,2,5,8,11,10,3,8,1,3,8,3,6,4,2,4,2,11,5,9,3,4,7,5,1,5,7,7,7,8,5,3,5,3,1,7,5,1,5,5,6,2,8,4,8,4,3,11,4,2,6,7,2,6,3,4,7,4,3,7,7,7,3,5,4,9,5,9,7,8,8,3,2,6,3,5,3,7,1,4,4,10,9,4,7,8,4,5,4,6,3,1,8,1,4,3,3,2,3,7,7,2,9,6,3,7,7,5,6,4,3,5,5,4,6,6,7,4,5,5,4,4,5.223,9.73976103018567,0.706238969814333
8,4,4,4,4,2,5,4,5,0,8,2,9,7,9,8,6,1,3,6,1,6,8,3,2,8,7,4,5,9,1,3,6,5,6,4,5,7,3,8,6,5,7,3,6,7,4,4,5,5,7,2,7,4,8,1,8,7,3,4,3,6,3,6,6,9,4,7,6,5,7,14,4,5,9,5,5,7,10,4,3,4,9,5,4,6,4,4,1,5,9,3,4,4,5,5,6,6,6,4,5,7,4,2,10,5,6,5,8,4,5,5,7,7,5,9,4,2,5,6,5,6,10,4,9,10,3,9,5,4,3,2,10,5,5,5,7,11,12,7,5,2,6,3,4,4,8,6,4,5,6,6,3,6,5,7,8,2,6,5,2,4,6,8,6,7,1,3,11,6,5,2,2,2,2,3,6,7,8,6,5,7,6,10,6,4,4,9,6,4,7,8,4,6,6,4,7,0,3,4,3,6,5,6,2,4,2,9,7,8,2,4,9,4,5,8,6,7,3,7,6,8,8,4,2,9,4,3,3,2,3,1,4,4,7,3,4,6,7,4,3,5,3,2,1,5,11,5,2,6,4,4,6,7,10,6,5,6,3,6,5,4,7,6,3,2,4,5,11,3,10,7,6,4,5,5,6,2,4,4,1,15,11,5,6,3,6,8,3,7,7,8,5,5,6,5,5,10,3,6,7,7,10,5,7,15,7,6,5,7,2,9,5,6,5,7,3,3,3,3,2,6,6,5,7,5,6,4,2,5,5,5,6,4,7,6,6,3,6,3,3,6,5,11,6,2,6,3,6,4,8,10,2,4,5,3,5,3,9,3,8,5,6,6,7,1,2,3,5,8,6,9,6,3,3,4,6,2,6,4,4,7,7,6,3,6,4,3,5,5,5,4,5,7,4,5,0,0,2,3,4,4,4,4,4,7,2,4,4,10,5,6,7,3,3,6,3,6,8,5,6,2,6,5,7,2,5,10,7,13,9,1,5,7,8,10,5,4,3,5,5,6,0,4,5,5,4,0,5,4,3,8,6,5,7,4,6,5,6,7,9,3,10,7,6,6,6,6,5,4,1,7,11,4,9,2,5,3,7,2,3,5,6,2,4,5,8,4,4,1,2,2,2,2,5,1,7,7,6,6,3,9,4,4,8,4,4,2,5,4,1,4,7,4,6,10,4,3,4,2,9,2,6,1,5,4,3,7,5,9,7,8,8,4,7,6,5,2,5,7,8,5,9,3,2,8,6,1,4,3,2,5,4,3,8,6,4,5,9,7,8,10,8,9,4,8,5,5,10,6,3,7,9,5,3,4,4,3,8,11,6,5,4,5,5,4,6,5,3,10,5,5,8,5,3,7,5,8,12,4,2,9,3,4,3,5,6,4,6,7,7,6,4,4,2,6,8,4,5,3,4,5,5,8,6,6,7,6,4,6,7,5,5,12,2,3,9,4,4,4,5,4,5,6,3,6,7,5,3,4,6,5,3,6,9,4,3,6,4,6,5,6,7,6,7,8,7,6,8,3,5,5,6,5,5,5,5,7,6,4,5,5,6,7,2,11,10,5,7,6,10,1,6,8,4,3,3,6,5,7,4,9,5,8,1,10,5,6,2,4,8,9,2,5,6,7,3,8,5,5,4,8,9,8,5,8,3,4,6,8,7,3,5,3,5,6,6,5,4,4,8,8,7,2,4,5,2,1,9,2,5,4,4,4,7,5,4,8,9,7,4,2,4,8,4,7,2,4,8,6,2,12,7,7,8,3,7,3,9,5,5,5,6,7,8,5,4,3,7,5,7,6,7,3,8,5,4,6,9,1,8,3,7,3,4,7,11,6,10,6,3,4,6,2,3,3,8,6,4,7,4,2,7,5,5,4,3,4,8,6,1,5,5,4,5,7,9,3,5,4,5,4,4,6,4,5,7,5,8,7,10,4,8,12,5,4,6,4,5,1,7,6,8,4,2,7,6,3,6,13,6,6,4,6,5,7,9,3,6,7,3,4,10,8,2,6,4,3,4,10,8,3,6,6,4,5,4,7,1,3,2,7,5,6,5,3,8,6,7,3,6,3,1,4,6,4,4,5,5,8,6,2,9,6,3,7,6,5,9,5,2,2,6,2,3,8,6,6,7,1,5,1,4,10,1,3,4,9,1,3,4,2,3,6,7,6,5,6,3,5,3,7,6,3,5,11,4,6,7,4,4,5,2,3,4,3,6,6,9,4,6,7,3,8,5,4,1,7,3,7,7,1,3,3,8,3,4,7,5,3,5.292,9.89288708615845,0.69111291384155
8,6,2,8,3,4,4,2,6,5,2,5,7,6,10,2,12,1,3,9,4,7,1,3,3,5,5,5,8,5,4,8,2,3,9,2,6,6,4,9,2,3,7,2,6,4,10,8,5,6,7,5,5,4,7,5,6,3,4,8,5,8,3,5,5,8,2,9,4,7,4,7,6,5,6,3,10,0,4,7,5,5,10,8,5,3,5,7,8,4,8,9,3,8,4,3,5,9,14,7,4,9,7,7,11,4,4,5,8,6,3,5,10,7,5,4,5,6,5,8,5,8,6,0,10,10,12,4,4,1,7,5,4,5,5,2,5,7,5,6,5,6,7,3,6,3,10,4,4,7,9,2,3,5,5,3,3,5,7,7,6,4,5,4,6,4,3,9,2,4,3,3,5,4,3,5,4,5,8,4,6,6,4,4,6,5,3,6,3,5,4,3,6,5,4,6,5,6,6,7,6,8,9,5,3,4,3,8,8,10,2,4,3,4,2,7,10,14,3,5,9,7,4,0,4,1,2,1,6,6,3,9,7,8,11,6,2,4,3,6,7,4,5,5,2,4,5,7,4,9,8,5,8,8,8,4,5,5,6,4,2,7,7,10,6,3,3,6,10,5,4,5,1,4,6,7,2,4,4,2,8,2,5,8,9,5,9,8,9,7,5,9,7,5,3,12,6,7,4,3,5,4,8,4,3,4,2,5,9,3,11,4,4,5,3,5,10,3,2,4,2,8,9,5,2,4,3,5,5,3,0,6,3,5,5,3,5,7,7,5,6,3,7,4,7,5,8,7,7,6,5,10,3,6,5,3,3,9,7,4,9,2,2,6,3,7,6,3,7,4,4,7,6,6,4,8,7,5,7,5,8,6,2,3,9,7,4,5,3,8,12,7,5,4,4,5,7,5,2,6,4,1,6,4,8,6,5,9,3,16,2,7,3,2,5,7,2,8,9,3,4,5,1,6,4,2,2,7,7,4,6,4,8,9,6,4,4,4,6,3,5,6,4,2,4,11,6,3,7,4,3,3,3,6,6,7,5,3,6,7,5,6,8,8,1,8,3,9,7,7,1,3,8,6,9,1,6,6,6,10,6,5,7,6,6,3,1,2,6,1,8,6,6,3,3,3,2,5,6,4,3,6,5,6,3,6,7,1,5,3,4,4,7,6,3,5,3,6,11,5,9,10,7,7,6,1,4,8,0,7,7,7,8,4,3,8,14,1,5,1,3,3,5,5,2,7,4,4,6,6,2,7,6,10,1,4,3,3,5,5,10,10,5,7,6,2,7,2,4,9,4,8,5,7,2,6,5,2,1,4,5,8,4,7,4,6,3,11,8,10,7,4,6,4,6,9,8,2,3,3,3,8,3,6,4,5,4,7,4,5,6,8,6,4,3,8,6,6,12,6,8,7,4,4,7,5,5,6,2,7,9,4,6,11,9,10,9,4,8,4,5,5,7,5,7,7,6,3,5,8,7,5,3,3,2,7,4,5,7,5,3,6,3,3,5,6,4,1,5,5,7,4,8,4,10,5,12,8,7,5,6,8,6,3,3,2,8,1,3,6,1,9,7,2,8,5,2,7,15,6,3,5,8,3,4,9,4,4,6,6,6,6,6,4,3,2,6,5,5,5,6,9,6,2,4,5,3,6,7,4,3,4,5,7,10,8,0,8,6,4,7,4,4,4,7,3,5,5,5,4,6,5,2,3,4,5,10,8,1,3,4,10,4,2,6,6,3,3,4,8,4,5,10,4,10,2,7,7,7,4,7,5,6,10,6,4,4,5,6,6,5,4,8,5,7,9,2,3,5,7,2,6,0,6,9,5,1,4,5,8,7,3,5,5,9,6,6,4,3,6,6,5,7,7,6,5,5,7,5,2,1,6,2,3,3,10,7,6,3,3,4,6,5,10,7,3,3,6,7,7,6,5,10,2,5,5,1,7,6,2,7,8,8,1,5,7,4,4,5,8,7,4,5,2,7,9,4,4,5,6,5,3,9,4,6,9,2,9,7,9,4,5,8,3,4,5,8,3,11,4,3,7,8,8,6,5,9,6,5,3,8,4,11,4,8,3,5,4,3,12,6,7,8,8,3,8,5,5,5,3,3,6,5,6,2,4,3,7,5,7,4,5,1,5,8,7,5,4,3,3,2,5,6,4,4,3,11,1,6,7,2,7,3,7,5,1,4,4,2,6,6,3,4,2,6,3,7,2,5,4,8,6,8,5,8,6,2,7,6,5,8,2,4,11,9,4,3,6,3,2,5.353,10.122011211303,0.583988788697014
7,4,6,3,3,8,5,6,2,3,8,10,4,7,4,5,3,7,5,5,8,6,6,6,8,5,5,6,4,5,7,9,8,4,5,6,8,6,6,5,4,5,4,2,3,5,1,6,6,4,1,4,4,7,6,3,7,12,3,6,3,8,6,6,5,7,7,5,4,7,5,3,6,4,9,8,4,5,4,5,7,10,5,8,6,4,6,8,8,12,6,11,3,2,5,2,7,3,5,4,3,5,2,6,10,5,4,8,1,5,6,7,7,7,10,9,3,5,6,2,5,5,7,1,4,7,6,5,6,4,5,6,6,1,3,7,4,3,4,5,6,6,7,7,3,5,3,9,4,3,1,4,2,5,3,3,13,5,3,4,7,7,8,6,10,6,3,6,11,12,9,6,6,8,6,4,2,4,4,10,6,11,1,7,3,7,4,3,5,6,2,9,3,3,5,4,3,3,4,2,9,3,8,4,4,6,1,6,2,5,4,3,10,6,4,8,6,6,1,6,5,5,5,6,2,11,6,7,4,6,4,3,3,5,4,2,7,5,6,6,5,6,4,6,4,6,8,12,6,7,6,7,2,6,4,5,3,6,8,5,4,4,11,4,5,6,6,3,1,5,5,5,7,4,7,2,4,7,3,4,1,12,2,4,5,10,4,9,3,6,6,4,8,8,12,4,6,6,9,5,2,5,3,8,7,7,5,7,6,3,3,2,6,9,6,7,10,4,4,3,5,3,5,5,3,7,5,7,4,4,5,4,3,4,7,7,0,4,5,9,6,3,1,3,7,3,2,1,2,1,5,2,6,6,4,9,5,4,4,4,6,3,4,3,4,4,8,2,10,6,10,8,6,6,6,7,6,3,2,2,8,8,3,5,6,6,1,4,6,9,7,5,5,6,6,6,8,3,4,8,5,3,3,6,5,10,5,1,1,6,12,7,1,2,10,6,4,4,5,7,9,6,9,8,11,3,2,10,12,6,7,9,3,1,10,5,6,7,3,9,2,4,4,6,9,6,9,6,4,1,4,3,5,5,8,4,6,6,4,4,9,1,6,4,4,7,9,5,5,6,4,5,6,5,6,2,6,8,3,6,6,1,7,4,1,3,3,2,5,6,2,3,8,7,3,5,4,5,4,9,6,6,3,3,7,8,6,5,4,5,4,1,9,7,1,6,4,6,10,2,4,3,8,7,6,6,5,6,7,7,3,2,6,7,7,7,6,4,10,5,8,5,4,2,1,6,2,3,7,10,2,3,2,8,4,5,2,9,3,10,6,6,4,9,3,4,4,3,6,2,4,7,1,3,7,2,7,0,2,5,3,7,7,3,7,6,5,3,6,0,5,4,3,4,5,6,8,3,6,8,6,3,8,6,9,2,8,4,3,7,2,3,7,8,8,5,5,6,7,2,6,4,5,7,3,3,7,9,2,10,6,9,6,6,10,5,0,4,5,4,8,1,3,4,6,6,3,8,8,6,2,1,4,5,9,4,3,5,7,8,7,5,11,5,2,11,8,5,4,6,2,6,2,4,8,5,6,6,7,3,4,8,5,2,6,3,6,5,6,5,7,4,3,3,3,6,6,4,7,7,6,4,3,5,8,6,4,2,0,4,5,4,4,7,6,4,2,1,3,5,6,3,4,4,5,3,6,6,5,7,4,3,6,5,2,9,4,5,6,9,6,6,7,6,7,6,7,5,2,10,8,3,9,6,2,4,0,9,5,5,5,8,7,9,7,6,9,2,0,3,5,4,5,4,9,9,4,5,5,7,4,6,6,7,2,5,1,6,12,5,3,4,3,7,6,6,3,9,8,4,4,3,4,2,5,3,7,4,5,4,9,6,2,4,6,3,5,9,9,3,3,5,6,6,5,2,4,6,7,7,5,3,4,3,10,5,8,11,5,11,6,4,4,4,8,3,6,6,5,0,0,4,4,5,6,2,6,11,5,6,2,2,7,2,3,6,4,6,6,9,7,7,2,6,4,6,10,10,9,4,6,3,7,3,8,7,5,3,3,3,1,7,4,6,3,6,5,10,7,4,9,2,11,6,5,7,6,9,6,6,5,3,5,6,2,1,6,6,8,6,3,6,8,5,3,7,7,3,7,3,5,4,1,5,11,6,3,11,1,10,6,4,7,6,5,5,4,5,4,4,1,3,4,5,5,7,4,1,5,8,5,8,1,4,4,7,6,3,6,8,7,6,0,6,7,4,8,7,6,3,5,6,3,7,7,4,6,3,7,5,8,6,8,7,6,10,8,6,7,3,5.274,9.94382107443821,0.604178925561791
8,7,4,9,5,7,8,4,7,5,2,3,8,8,7,6,8,3,6,4,4,6,4,2,5,5,5,4,6,9,2,3,2,3,7,4,6,5,4,6,3,5,10,4,8,1,6,5,6,5,7,5,5,4,6,5,10,6,10,10,3,6,0,2,3,0,1,8,6,3,7,5,10,9,7,4,6,6,6,4,3,5,5,4,8,10,2,5,2,3,5,8,7,5,2,9,3,4,10,1,3,5,2,5,10,12,5,5,5,2,4,5,7,6,6,7,7,5,4,9,3,4,7,4,5,7,5,8,3,2,4,5,13,6,4,4,7,4,4,3,8,7,8,3,2,9,3,5,9,9,12,5,5,7,3,8,11,8,4,5,7,2,5,8,4,5,3,2,6,1,1,6,5,5,7,6,2,8,9,8,5,2,2,10,4,3,11,4,6,3,5,3,4,3,6,2,7,5,5,10,4,5,11,6,2,7,4,5,9,2,7,7,8,3,7,5,15,3,10,6,6,5,8,3,8,6,5,1,2,8,1,4,5,7,7,2,6,13,4,12,6,5,9,5,4,7,10,5,0,8,4,5,7,6,6,5,3,1,8,11,3,2,8,2,7,1,3,3,11,2,2,3,7,5,4,6,6,5,2,4,7,9,6,7,4,7,5,9,8,13,12,7,3,12,7,5,5,10,5,1,5,3,8,6,6,8,3,7,9,9,4,9,6,2,4,4,5,6,7,1,4,7,3,6,4,5,5,3,5,3,6,3,3,12,8,1,5,11,2,4,3,2,6,3,3,6,4,3,4,8,2,4,6,11,9,5,5,5,8,4,10,2,2,5,4,6,2,4,3,5,6,5,8,3,5,5,6,2,7,6,2,6,9,2,4,2,4,5,9,4,6,3,4,6,2,7,6,3,4,6,5,2,10,2,3,5,3,9,8,9,3,0,8,2,3,10,2,8,2,5,4,7,4,5,7,1,7,2,5,2,8,7,7,5,4,7,4,6,1,4,4,6,6,7,9,3,5,7,7,6,6,5,6,5,6,9,7,7,6,3,6,6,6,9,5,3,7,5,6,7,4,7,6,3,5,6,5,4,10,3,6,4,6,4,4,3,13,2,5,8,4,9,0,6,8,9,4,5,0,7,8,4,6,9,5,5,7,3,5,5,4,4,4,2,7,9,6,10,9,6,7,3,6,8,7,6,6,8,5,8,3,7,4,10,6,2,10,4,8,6,4,7,5,8,4,10,5,5,5,6,3,2,2,3,6,7,1,6,9,7,7,5,4,4,3,3,4,5,5,6,6,6,5,4,4,5,5,5,7,10,3,4,3,7,5,8,5,2,4,2,4,4,9,3,4,6,9,3,8,3,4,9,7,7,5,5,7,4,6,8,7,4,5,4,4,5,8,4,5,7,4,4,3,5,4,5,4,8,9,5,7,4,4,5,5,7,7,5,2,5,6,5,4,7,11,7,9,3,6,4,3,2,9,9,5,2,5,8,9,5,8,8,8,7,6,4,7,5,5,5,7,4,7,2,7,8,7,6,7,4,6,7,5,5,8,4,8,6,4,3,6,6,4,8,7,4,3,5,7,7,5,7,6,5,3,10,4,7,13,5,7,8,4,0,2,5,5,4,5,11,5,4,4,3,6,6,6,4,6,5,4,6,3,5,3,9,5,2,4,6,11,2,6,9,7,4,2,5,7,4,10,8,9,2,3,3,3,9,3,9,3,5,1,1,5,2,6,8,6,5,3,6,8,3,4,4,8,5,7,2,7,5,5,8,4,5,1,4,5,4,3,3,6,4,8,6,4,2,6,7,9,2,7,5,7,5,9,2,7,6,3,6,4,8,8,7,8,9,7,5,8,4,5,2,10,5,3,2,6,3,7,7,6,6,4,8,9,7,5,10,7,3,10,5,6,2,7,2,5,9,4,7,9,2,6,6,2,3,7,5,5,3,6,5,7,5,3,2,7,9,6,7,6,4,5,4,8,6,2,4,4,6,5,5,3,7,2,6,8,6,5,1,10,4,5,5,4,7,3,7,7,4,7,10,4,6,2,8,7,4,2,2,5,10,10,1,1,3,5,6,3,4,5,6,5,8,6,6,1,5,7,6,4,4,2,3,2,7,7,7,4,3,5,12,3,5,7,3,2,4,2,4,7,2,6,6,3,5,3,7,5,5,9,4,5,7,5,4,10,5,4,7,6,5,8,4,5,8,7,2,9,3,9,6,4,1,3,5,3,11,4,4,6,7,8,3,3,9,2,6,5.402,10.1572856923234,0.646714307676618
8,5,4,8,6,5,5,5,5,0,4,8,9,7,5,3,9,3,6,12,4,14,4,2,4,8,8,7,13,6,4,8,5,6,6,2,7,9,4,4,4,5,5,6,7,2,2,7,5,4,5,7,8,8,9,5,9,3,4,6,5,12,5,5,8,7,4,11,1,5,10,8,4,7,8,8,3,1,8,4,6,5,8,10,7,3,4,6,7,10,3,6,3,6,5,5,13,3,9,4,5,3,4,5,5,3,2,7,7,3,7,5,6,5,8,8,6,10,3,3,10,4,4,4,6,8,5,11,5,5,4,4,14,5,8,7,7,13,8,6,5,8,5,5,6,5,6,6,6,5,6,3,6,8,5,6,9,4,4,6,5,4,5,2,9,9,5,5,3,3,4,4,3,4,3,2,3,6,15,6,4,5,4,5,2,3,8,5,9,7,5,8,7,10,6,2,4,4,2,2,4,3,5,4,2,5,3,9,7,10,8,10,6,1,7,4,3,3,6,6,4,4,8,5,7,7,3,1,6,10,5,3,4,3,1,1,3,3,6,7,4,7,5,8,4,5,5,2,5,15,5,5,5,8,6,3,6,1,6,2,7,7,5,8,5,3,3,7,10,4,2,7,4,6,6,9,5,4,2,4,6,10,4,2,7,4,6,5,5,5,3,5,3,8,9,6,9,9,9,4,4,6,7,4,9,5,2,5,4,6,7,4,5,7,4,7,6,5,4,7,8,6,5,9,3,6,5,9,8,3,8,6,2,7,7,11,7,2,2,5,6,4,4,10,9,5,5,2,5,1,9,8,5,7,8,7,5,8,6,6,5,6,5,5,9,5,6,4,6,6,5,7,8,3,6,3,9,6,4,4,10,9,6,1,7,3,3,6,2,9,3,9,4,7,12,6,6,3,6,9,3,5,8,4,8,5,9,6,9,7,4,7,7,5,5,9,8,10,14,1,13,1,9,8,1,1,4,7,3,5,8,4,4,5,6,8,9,7,5,8,6,4,5,2,2,4,6,5,5,3,2,4,7,5,11,7,7,2,4,11,9,4,5,6,3,5,3,10,6,12,5,3,3,5,5,6,5,11,4,5,6,3,7,4,3,6,6,3,4,5,4,9,3,5,3,1,5,5,8,9,8,7,9,2,5,6,3,4,6,5,6,7,3,4,6,5,11,8,9,2,6,7,10,4,4,2,7,7,8,6,3,5,8,3,4,5,5,6,4,3,8,5,13,4,9,8,4,2,9,4,5,5,8,9,2,6,6,6,6,5,8,9,4,6,7,8,11,5,8,7,3,4,4,3,7,3,3,10,5,8,6,8,8,3,2,5,8,0,2,8,9,11,12,7,4,4,4,3,4,8,4,8,9,6,9,6,6,5,9,5,4,3,8,3,8,3,3,4,6,6,5,3,6,4,6,6,4,3,3,3,3,10,4,7,8,8,6,5,3,5,7,5,3,7,6,4,7,1,5,6,1,4,8,7,7,4,3,4,3,4,3,5,5,5,4,7,2,8,6,8,4,5,10,5,10,4,4,12,4,2,6,11,4,4,7,5,7,7,4,7,2,2,5,12,5,8,3,5,5,7,4,4,4,5,4,5,3,5,1,7,5,2,4,3,6,2,5,2,5,8,3,9,6,5,2,1,1,5,11,4,5,2,3,2,9,4,8,9,9,4,2,8,8,9,8,7,4,3,6,1,11,5,10,2,5,5,2,8,8,7,3,10,7,7,7,3,9,5,8,5,2,2,5,7,2,6,9,4,2,6,4,3,6,4,5,6,5,6,5,1,6,6,8,9,5,6,5,11,7,4,9,2,1,6,7,9,9,10,6,3,7,3,4,3,7,8,7,8,8,11,7,0,5,3,7,5,3,8,4,4,1,6,5,2,7,3,10,7,5,5,6,4,4,2,9,5,8,6,5,1,7,7,5,3,3,1,5,4,9,5,4,5,10,2,4,5,7,8,7,6,9,4,2,5,4,4,7,7,4,8,5,1,8,6,3,3,5,6,5,5,4,5,3,7,4,8,2,10,5,4,5,4,3,4,2,2,6,8,2,7,3,5,7,5,4,5,8,7,6,7,3,4,6,5,4,4,5,3,6,4,1,3,5,7,7,4,8,4,9,6,6,3,10,4,6,9,5,5,4,7,5,9,3,5,1,3,4,9,4,9,8,7,2,9,9,6,6,5,5,6,10,8,7,6,2,5,7,8,0,2,9,14,4,3,5,9,1,5,3,4,7,1,8,11,4,6,8,4,4,7,5.569,10.503989875113,0.634010124887051
6,7,2,8,4,3,3,6,6,6,6,3,6,4,8,5,10,1,2,5,6,8,7,5,3,2,6,10,7,6,5,7,7,6,6,4,5,4,6,11,4,5,9,4,2,2,5,5,8,8,10,5,4,6,5,7,8,9,5,9,6,7,4,8,9,12,5,7,7,10,5,5,4,3,9,2,9,6,7,8,9,6,12,7,5,5,3,5,5,7,4,4,7,4,5,7,7,5,5,2,7,2,7,9,13,5,7,5,6,6,4,9,8,5,8,12,8,5,5,4,6,0,7,3,11,2,0,7,4,4,4,10,8,9,4,3,7,5,8,8,7,3,3,4,13,4,7,6,10,4,5,5,1,1,4,3,9,2,1,4,7,7,7,3,5,6,3,4,10,4,9,3,2,6,12,3,3,7,11,3,3,5,6,6,7,3,6,10,6,5,5,5,4,6,9,2,7,6,4,1,5,8,8,3,8,5,4,6,7,6,4,8,6,4,6,7,4,2,7,9,4,6,7,5,5,6,2,5,4,7,3,5,11,4,5,5,4,9,5,12,5,5,2,2,2,4,7,8,7,4,4,6,13,3,8,7,7,11,3,2,7,8,8,8,6,6,6,4,5,3,2,6,2,4,4,7,6,6,2,5,3,7,3,3,6,6,7,1,7,6,3,6,5,6,7,4,11,6,6,5,7,3,5,3,6,5,6,6,8,3,6,2,7,6,9,2,7,2,6,10,2,3,4,4,8,8,6,4,4,6,8,4,3,6,5,6,5,4,6,11,7,6,8,7,4,5,3,2,3,5,4,4,4,5,6,8,6,5,3,3,4,6,6,3,7,10,1,8,4,7,4,5,4,6,4,7,5,4,5,7,4,7,2,8,6,4,4,5,4,4,11,4,7,5,6,6,6,6,6,6,11,6,5,2,12,3,6,3,4,8,3,7,4,6,4,9,7,4,7,6,6,3,6,5,9,5,5,3,5,8,8,8,3,8,8,10,6,5,6,5,9,4,5,5,6,8,4,6,3,4,5,4,4,5,4,6,4,6,4,9,10,6,6,11,5,5,4,4,5,5,3,10,9,2,8,3,7,4,5,6,7,6,5,7,6,5,8,5,2,4,5,8,6,4,4,4,4,5,8,9,2,2,3,8,3,8,6,8,5,5,2,2,6,3,3,8,5,7,3,6,5,4,6,5,5,11,5,5,5,3,9,7,3,6,5,6,4,2,6,2,4,4,2,4,9,5,6,5,9,5,9,4,3,5,7,2,6,6,3,7,5,7,9,5,3,7,3,3,6,6,0,6,7,3,3,5,4,7,6,10,7,2,6,2,2,7,8,10,2,8,4,6,4,6,4,9,5,4,14,4,5,8,3,7,6,6,4,4,8,4,6,4,2,7,2,8,6,7,4,2,3,8,7,10,6,11,3,6,8,6,4,5,9,9,3,9,5,3,4,5,5,1,10,5,6,7,8,4,4,4,4,4,5,6,5,9,3,7,4,5,5,8,8,4,3,6,6,2,4,5,5,1,2,6,7,3,3,4,7,2,3,4,8,6,4,5,9,4,6,11,8,5,9,5,4,7,4,4,11,1,6,7,8,6,4,4,6,5,4,11,5,6,4,7,6,5,4,4,8,5,7,3,8,4,5,6,7,5,7,7,4,4,4,6,4,8,4,4,8,5,4,4,10,5,2,5,4,4,9,10,6,7,4,7,4,5,8,6,6,7,2,4,3,7,5,9,10,4,5,6,2,6,8,2,5,6,4,4,8,3,2,3,5,6,4,4,5,8,6,6,8,4,7,3,12,8,6,6,10,7,2,9,7,3,11,5,6,6,6,8,4,8,2,6,8,2,13,6,3,7,10,4,5,5,7,3,3,8,5,6,2,4,6,8,4,8,3,8,5,2,7,3,3,2,6,7,5,8,2,4,6,3,6,4,7,0,3,4,6,1,7,5,9,5,6,6,1,5,2,6,3,8,5,6,4,6,5,7,6,4,6,5,9,3,10,2,7,8,8,3,5,4,6,3,3,9,6,7,10,4,5,8,8,4,2,4,8,4,9,7,4,5,4,4,6,3,4,12,6,3,5,3,4,7,2,6,6,7,5,4,1,5,7,5,8,8,3,6,6,7,7,5,4,6,2,3,7,3,7,5,9,5,5,7,3,6,4,4,6,3,1,5,7,8,2,10,3,4,7,7,4,7,6,5,11,5,5,5,7,3,8,3,6,7,9,4,4,6,9,10,4,3,6,4,8,6,8,3,0,4,5.52,10.0750505425786,0.964949457421406
7,6,2,5,1,2,9,6,6,5,5,3,6,7,6,5,3,6,7,3,6,5,6,6,4,7,10,7,8,7,5,5,2,7,8,3,6,10,5,7,5,4,4,4,3,3,2,8,6,5,7,3,7,6,6,2,9,8,4,5,6,7,4,8,4,4,3,5,5,2,4,4,2,8,13,5,5,3,11,8,5,6,9,6,5,6,3,4,5,4,6,4,3,3,3,5,6,9,5,2,3,3,4,4,10,8,5,8,3,4,3,7,9,9,3,9,7,7,4,5,4,9,10,0,9,3,7,9,4,1,6,0,9,4,8,3,3,7,5,2,10,7,3,4,7,2,8,2,0,8,9,1,3,10,4,5,10,3,5,4,6,0,4,4,8,4,4,4,9,10,8,6,7,1,4,6,4,7,6,8,7,5,4,1,4,3,6,2,7,8,3,5,2,3,7,3,8,4,5,4,4,9,6,3,3,2,2,4,6,3,5,9,7,3,3,7,8,3,3,6,10,5,5,1,12,8,4,3,10,10,6,12,7,8,6,3,3,4,10,5,4,5,6,7,4,4,6,6,3,6,5,0,4,9,7,7,8,4,8,7,1,5,9,8,8,5,6,4,5,6,7,6,7,7,5,4,1,4,6,4,5,7,8,7,6,6,6,7,3,2,4,5,8,12,8,8,11,7,5,4,4,1,8,4,6,8,12,4,6,5,5,6,7,5,6,8,7,7,1,3,7,2,6,1,4,5,5,2,6,3,6,9,5,7,9,5,3,6,5,5,4,3,5,2,9,6,7,8,4,6,8,1,3,9,8,6,5,4,1,6,11,5,3,10,6,10,3,5,7,5,4,12,4,6,3,3,5,6,4,2,8,5,6,5,3,1,2,2,1,5,9,4,3,1,6,10,7,4,5,10,2,3,7,9,7,5,9,3,8,7,2,3,4,4,8,6,2,7,6,8,4,5,2,3,4,1,3,9,6,6,0,5,8,6,4,6,5,4,6,5,2,7,3,8,9,5,10,5,4,7,3,3,6,3,5,10,6,1,3,6,12,7,7,9,5,6,5,5,4,4,1,7,3,4,10,4,8,8,3,6,4,4,4,4,1,0,3,5,5,1,4,7,1,4,5,3,3,9,7,5,4,4,9,4,8,5,3,4,2,2,5,5,6,2,6,5,3,3,15,6,5,3,4,7,1,7,5,10,4,9,10,6,5,3,2,11,6,5,6,5,3,11,1,3,3,6,3,2,4,7,9,2,8,5,8,8,8,11,7,8,7,11,7,10,6,3,11,2,3,4,4,9,7,8,3,6,5,1,5,5,6,12,2,5,5,5,4,5,4,4,3,8,2,1,5,7,11,2,9,5,4,7,6,3,11,7,4,1,6,10,7,4,3,1,6,6,5,4,7,5,4,7,3,4,8,2,2,6,4,10,4,8,5,5,10,3,6,9,5,4,4,7,2,4,6,4,11,7,7,6,11,5,8,5,7,3,5,5,3,6,2,4,3,5,6,10,7,4,4,4,4,5,3,7,9,6,5,4,4,7,3,3,3,6,5,7,13,4,7,6,4,2,4,7,5,8,4,6,6,10,4,2,9,4,5,9,5,4,9,7,2,4,9,6,2,5,6,4,4,7,5,5,7,3,3,7,8,7,2,2,4,7,7,7,5,6,7,5,6,10,4,3,3,6,5,4,6,12,3,4,4,5,5,4,11,2,7,7,8,5,4,7,8,1,6,3,8,5,5,3,8,6,10,5,9,3,8,4,2,9,4,5,4,6,0,3,2,4,5,6,4,2,4,6,7,4,4,7,5,4,8,4,5,7,7,6,3,7,7,5,5,9,8,4,8,0,4,2,7,6,4,6,7,7,10,1,8,5,6,2,3,2,6,6,3,8,6,9,8,6,8,8,5,5,3,3,7,8,3,6,5,5,9,6,9,2,3,6,4,3,6,4,10,2,6,1,7,5,5,7,2,6,5,4,5,9,5,8,12,5,2,9,5,3,6,5,3,5,5,5,6,3,12,3,1,5,5,9,3,1,2,2,13,7,7,2,7,7,4,4,3,9,9,12,4,2,5,4,6,10,3,13,5,5,7,6,11,4,4,3,3,7,5,6,5,7,8,8,5,8,3,1,9,7,5,5,1,7,3,3,3,3,3,6,5,4,14,6,4,3,6,5,3,3,10,5,8,6,6,8,1,3,5,2,4,4,12,3,4,3,8,6,6,6,0,8,4,6,5,8,7,4,6,12,6,3,3,9,3,5,5.395,10.3717879177215,0.418212082278535
3,8,5,4,4,11,3,7,4,2,4,4,6,2,10,5,7,4,7,6,5,11,5,4,12,4,5,8,4,5,3,4,6,10,8,5,7,10,4,4,6,3,8,3,7,7,5,5,6,4,3,9,7,4,5,7,10,6,3,9,7,11,4,3,3,2,4,5,3,10,4,9,6,8,9,5,5,5,8,3,5,1,3,3,3,8,6,6,7,5,5,5,7,4,4,5,7,6,6,4,6,3,3,5,8,2,8,5,4,5,3,5,7,6,5,9,9,4,4,6,7,7,4,4,8,8,5,5,2,4,6,4,10,6,2,7,3,2,5,3,7,8,11,2,6,7,11,9,8,7,7,2,7,6,3,6,3,8,3,5,11,8,11,4,11,3,7,6,13,7,7,4,8,6,12,4,6,4,5,7,10,7,4,7,4,4,11,8,12,4,10,7,5,1,3,1,3,2,4,8,6,5,8,5,6,8,3,4,8,5,7,5,7,8,4,5,9,7,4,5,8,8,10,2,8,5,7,6,5,7,4,5,5,6,4,4,6,7,3,6,4,5,7,5,5,0,12,5,2,5,3,3,6,5,6,6,6,7,6,4,5,5,3,7,5,3,5,4,13,1,4,9,7,6,4,9,3,5,5,2,4,4,9,6,4,5,4,9,5,6,1,7,9,11,3,8,6,6,6,4,4,4,7,6,1,9,4,8,9,5,2,1,5,5,5,6,4,8,3,3,7,5,4,9,7,3,8,8,5,7,8,7,5,6,10,10,7,6,3,8,9,8,11,4,3,7,5,7,5,4,2,8,10,8,6,8,8,4,5,6,8,3,3,6,4,2,4,8,7,7,6,7,9,7,8,2,3,0,7,5,4,7,5,4,4,6,4,5,6,3,5,0,7,7,7,7,7,6,3,5,10,3,2,6,11,8,5,8,10,2,7,6,5,2,8,3,5,8,2,6,6,3,7,3,6,2,7,10,8,5,8,10,3,5,3,7,9,3,6,7,1,8,3,3,8,5,9,8,6,4,6,4,3,5,3,6,3,3,1,5,4,6,6,3,4,6,1,4,4,5,1,9,10,2,9,9,5,8,7,6,5,8,7,3,2,11,3,3,4,7,4,1,9,3,7,5,8,4,5,10,10,7,7,4,3,5,1,4,3,4,4,3,8,6,3,8,6,6,12,3,9,7,9,4,10,4,9,7,4,5,3,5,7,10,10,8,9,2,13,3,3,4,10,4,3,5,2,2,6,4,4,4,4,4,5,9,7,7,13,7,8,3,4,8,2,5,6,4,10,6,6,8,5,4,3,4,3,4,6,6,4,5,7,5,6,6,4,7,7,3,3,5,4,6,3,4,7,7,4,1,4,8,1,5,10,8,4,7,6,8,5,7,11,9,4,9,4,7,14,6,7,3,6,4,8,2,4,8,7,5,3,3,2,4,7,3,6,5,4,4,9,4,5,4,5,8,12,4,9,4,5,6,4,6,3,3,5,9,7,10,7,7,9,10,6,5,6,6,1,2,9,4,3,2,4,7,5,7,8,4,2,8,5,8,9,4,1,3,5,4,5,6,2,9,5,7,2,6,11,8,7,9,6,6,5,2,5,8,7,11,7,2,3,5,11,8,3,5,7,7,1,7,5,3,5,4,9,6,5,4,3,7,4,1,4,4,7,10,2,3,11,6,6,2,3,9,3,7,7,8,3,6,6,3,5,2,1,8,2,2,4,7,3,7,4,4,6,4,3,4,2,10,3,3,5,6,8,3,4,7,9,4,1,6,4,1,4,10,5,4,2,5,5,5,4,3,4,3,6,9,7,7,8,8,8,8,7,7,8,4,9,5,4,7,7,3,10,5,7,11,1,6,6,4,9,5,5,5,7,3,6,6,5,5,4,6,8,7,8,2,6,1,5,7,7,4,3,4,6,9,4,4,9,2,7,2,2,7,4,7,4,4,9,3,7,3,4,6,6,6,6,3,4,4,5,12,6,6,5,5,6,6,5,8,8,5,2,5,5,4,2,5,7,2,6,4,3,7,7,3,4,9,8,5,4,4,12,4,5,3,7,4,7,4,7,5,6,7,9,6,5,7,4,11,6,8,6,5,7,4,8,6,3,7,4,4,8,5,5,11,11,7,5,12,9,10,4,7,4,6,6,2,2,7,2,8,5,5,2,8,7,4,6,6,3,7,11,5,3,8,8,4,5,5,6,7,6,4,4,3,9,5,4,3,8,7,3,7,4,0,8,3,4,8,2,4,6,5,1,2,5.596,10.4172951684689,0.77470483153113
11,3,4,11,7,9,4,7,4,6,4,3,11,4,4,4,7,8,5,4,5,8,7,5,8,5,8,9,5,3,8,7,11,0,3,2,5,7,7,6,4,5,7,2,5,1,6,6,8,9,5,5,4,6,2,4,8,9,5,5,3,11,1,6,5,3,5,8,2,10,1,3,6,2,5,6,7,6,11,4,5,5,7,3,7,4,4,4,10,3,2,11,2,8,6,7,9,6,6,3,3,8,7,6,11,6,10,8,4,4,6,9,5,8,7,9,5,4,14,5,5,5,8,6,6,5,8,5,2,5,5,6,9,12,3,5,3,2,3,7,3,1,5,1,4,3,5,3,6,9,4,8,2,5,4,9,12,6,7,6,4,5,5,6,5,5,2,7,3,6,4,11,5,4,1,7,3,3,7,5,6,6,6,7,3,4,8,2,4,9,4,9,9,3,7,4,6,5,5,5,8,6,6,3,5,6,2,5,5,7,4,1,6,6,1,4,9,2,5,4,4,5,9,1,5,5,3,3,5,7,2,9,6,3,6,6,5,8,1,10,9,3,4,7,9,6,9,2,5,5,1,8,6,7,6,4,3,5,5,2,5,3,5,6,6,1,3,7,3,6,5,4,4,1,7,5,2,9,1,7,6,5,8,9,5,4,4,7,5,7,9,2,4,4,6,9,8,7,3,2,9,4,9,9,7,8,5,6,6,6,3,10,9,6,4,6,4,2,3,5,5,4,9,3,7,4,5,4,5,6,5,6,1,3,4,6,4,5,4,4,4,2,6,6,6,2,3,1,8,4,7,5,4,5,6,4,2,4,9,4,8,0,1,7,2,8,5,5,5,5,9,8,4,4,9,5,5,5,6,7,8,6,5,6,2,6,2,6,6,8,3,10,5,5,4,5,9,1,6,8,6,4,11,10,7,4,6,7,4,8,6,7,8,5,6,9,3,11,3,7,5,6,5,7,4,1,7,4,9,2,6,1,7,8,5,9,8,7,2,5,5,3,6,7,4,11,6,4,4,7,2,4,8,5,7,6,6,5,0,10,8,5,4,4,8,5,9,5,8,5,3,7,5,3,8,6,9,5,6,10,5,5,7,4,3,3,8,2,10,2,6,3,7,6,5,6,2,4,10,6,7,5,6,9,5,6,7,6,1,5,0,6,5,12,5,5,4,5,12,7,3,4,3,1,7,9,3,9,3,12,8,5,4,3,11,6,8,3,2,2,7,7,4,5,6,4,6,2,6,6,3,4,6,7,2,6,2,5,4,6,6,7,0,7,7,6,7,7,9,4,4,4,8,5,7,5,2,6,8,3,7,4,5,7,5,2,5,3,8,5,5,2,5,8,6,7,8,3,6,8,5,8,4,6,13,7,9,4,3,8,5,12,6,4,4,7,6,5,5,4,7,2,7,2,6,9,3,2,6,5,6,6,5,10,4,4,9,6,7,8,3,4,4,7,4,5,5,6,7,6,4,5,6,2,6,10,6,8,9,5,6,10,0,4,1,6,8,7,5,5,7,6,8,6,7,4,6,7,6,3,3,10,5,2,6,1,5,8,3,7,7,6,7,4,4,9,7,4,8,9,1,4,3,6,4,8,2,3,4,8,0,5,7,7,9,8,7,4,5,6,3,4,1,3,4,11,8,5,7,8,7,4,6,7,5,9,10,5,4,11,4,4,4,8,10,3,1,2,6,6,8,6,4,5,2,4,2,8,3,7,6,8,7,1,4,6,8,5,2,5,7,3,6,5,1,6,1,6,2,8,5,6,4,3,5,5,11,3,8,5,4,6,7,12,8,9,9,3,7,5,5,2,6,3,6,6,7,3,8,7,8,5,5,9,12,3,6,8,8,7,7,3,10,2,11,1,4,4,5,3,4,5,7,5,4,5,4,6,7,5,1,5,7,7,11,6,7,4,5,7,8,5,4,3,5,4,8,6,8,2,4,2,7,6,4,3,7,4,6,11,7,3,2,3,2,3,6,7,7,5,6,10,4,5,5,1,6,9,5,5,6,6,5,5,2,5,3,6,3,4,9,3,0,4,8,2,5,7,4,4,3,2,4,9,5,4,10,7,5,6,4,1,6,6,5,1,7,4,10,7,4,7,4,4,9,6,3,9,3,7,4,2,5,6,3,10,0,8,5,7,4,4,5,6,4,2,6,2,3,11,10,7,4,4,5,8,3,7,1,8,4,8,3,5,4,6,2,4,6,3,10,6,7,4,7,3,3,5,10,5,3,5,3,8,10,4,2,4,5,2,5.45,10.2186519732144,0.681348026785604
4,6,5,2,5,4,5,5,4,3,4,5,6,5,7,1,3,1,2,4,5,6,5,3,5,3,10,7,7,6,5,5,3,3,7,8,8,6,6,3,6,4,3,2,9,2,3,6,9,3,5,9,6,4,5,9,5,7,4,7,8,6,5,4,5,6,5,5,5,7,7,6,1,7,11,2,3,5,4,10,6,6,13,5,7,4,1,6,2,3,5,7,5,8,6,7,8,2,8,3,9,7,4,6,7,3,5,5,4,2,7,9,9,8,12,10,6,4,3,8,9,3,5,2,6,7,6,7,8,6,4,4,12,6,7,5,5,9,9,3,6,5,4,5,5,9,7,6,6,3,9,5,4,5,6,6,7,2,5,2,11,6,8,6,5,3,2,8,5,5,7,7,9,6,5,4,3,6,12,9,5,6,5,2,8,6,7,5,2,7,10,8,4,5,5,4,6,5,3,3,7,5,12,6,13,5,4,3,12,2,5,7,5,2,7,3,8,5,4,2,5,10,6,3,14,6,5,7,7,9,2,2,7,2,5,3,6,7,5,8,7,2,8,7,6,4,4,8,10,8,2,6,9,6,9,6,8,7,10,7,4,9,7,2,4,6,3,6,6,7,3,4,3,9,3,10,3,10,4,3,2,4,6,1,7,7,7,4,5,6,7,5,5,15,12,8,5,7,4,4,7,6,9,3,3,8,8,8,5,3,5,4,5,6,6,5,5,6,4,9,8,7,4,8,5,3,5,6,5,2,9,8,4,5,13,7,4,3,4,6,6,6,5,4,8,5,7,6,7,4,7,8,6,5,6,1,2,3,5,4,6,10,3,5,7,9,3,4,5,2,6,8,7,8,6,4,8,4,5,1,9,8,8,3,3,2,5,1,8,7,5,7,10,8,8,6,4,5,3,10,11,1,8,8,14,3,5,10,10,8,2,4,6,7,8,5,0,5,11,6,7,5,7,4,10,5,11,9,3,5,3,6,1,13,9,7,6,8,9,7,3,4,6,10,7,9,6,5,2,8,3,4,3,2,2,6,7,4,3,13,10,3,6,10,7,4,4,5,5,3,6,6,11,4,3,5,2,5,7,6,5,10,8,2,9,7,4,9,9,5,9,10,4,10,5,5,3,5,1,6,9,2,12,7,5,4,5,7,4,4,2,6,7,6,9,6,13,6,5,5,5,7,8,9,8,3,7,8,7,7,4,7,6,2,7,6,5,5,3,3,4,4,3,6,3,6,4,1,7,5,5,7,8,5,6,6,5,8,6,5,7,10,5,8,5,9,6,7,6,3,3,2,6,7,5,7,4,7,5,9,3,7,5,6,1,7,5,4,3,9,3,4,5,8,5,11,6,3,12,5,6,9,5,5,7,4,4,2,9,7,5,5,4,2,4,3,5,8,9,4,3,4,5,7,6,6,3,1,5,7,8,3,9,5,6,4,4,10,5,4,7,8,9,3,6,3,5,7,5,3,3,6,5,4,8,4,4,7,6,5,5,11,4,6,2,6,6,7,5,6,9,5,9,9,7,8,8,6,8,8,1,7,7,5,4,10,4,5,8,3,9,7,3,8,4,4,5,12,8,8,8,3,6,10,6,3,9,1,5,8,2,4,3,4,2,1,10,5,6,7,6,7,6,7,6,2,6,8,6,4,3,4,5,3,3,7,7,6,5,5,7,11,2,6,7,4,6,3,4,3,5,6,8,3,8,4,7,8,2,12,3,3,7,6,8,5,7,3,2,5,4,4,6,5,1,5,8,6,7,6,4,4,6,4,2,6,7,2,5,3,4,6,9,14,7,2,7,9,13,8,8,2,5,4,9,7,4,4,4,3,5,4,3,5,5,6,4,5,5,10,6,9,3,9,5,6,2,7,5,8,2,5,7,4,4,3,10,7,11,7,6,4,4,8,8,3,9,8,7,3,5,9,6,9,6,5,2,11,7,7,6,10,5,4,6,3,3,7,4,6,11,3,6,11,3,7,2,5,3,5,5,3,7,8,6,5,6,9,6,2,6,0,4,5,5,6,10,10,6,3,6,5,10,6,3,4,7,7,4,6,10,2,5,9,5,1,4,6,7,10,5,9,10,1,9,4,4,6,5,1,4,7,8,7,8,5,8,6,5,6,6,6,4,2,5,8,6,5,2,3,4,4,2,5,8,4,4,5,8,5,4,11,2,3,5,9,2,3,4,8,6,6,6,5,9,3,10,10,2,4,7,7,9,8,7,3,6,14,8,7,10,1,2,5,6,3,8,1,3,8,5.731,10.649364473226,0.812635526774026
7,4,4,4,5,5,3,6,6,6,1,4,2,6,8,0,11,5,6,6,5,10,5,10,8,1,8,10,13,2,9,3,8,6,6,5,7,2,6,8,3,4,6,7,7,2,5,11,3,7,6,4,5,3,2,5,11,5,2,4,5,8,6,4,5,2,4,5,3,3,7,9,6,2,7,4,6,3,11,8,7,7,7,4,4,6,5,7,6,6,4,4,5,3,2,5,5,8,4,5,4,5,7,2,4,9,6,6,7,7,5,7,9,6,5,6,6,9,6,3,7,4,2,4,5,7,4,4,2,8,4,5,11,6,4,3,5,7,9,4,5,2,5,1,9,6,8,5,8,9,5,2,5,1,5,6,11,3,7,8,7,6,7,3,3,9,3,7,13,3,4,7,8,3,7,7,1,7,2,7,7,4,2,5,6,2,3,6,7,7,7,5,3,5,12,8,9,6,8,6,12,3,7,4,6,3,4,5,3,5,6,11,8,6,6,4,7,2,6,2,6,5,4,7,9,5,5,7,7,5,2,5,4,5,8,7,8,6,3,8,5,3,8,7,5,2,3,4,6,5,4,2,9,5,13,6,5,4,5,6,5,8,4,6,7,3,5,5,7,6,7,8,2,7,3,7,7,3,3,4,5,5,11,7,5,6,7,4,7,5,6,7,5,8,7,6,7,7,9,0,6,6,3,2,3,5,2,13,6,6,6,4,7,7,2,3,7,3,4,6,7,1,7,3,8,4,12,1,9,5,7,2,6,7,11,8,3,5,4,11,8,3,13,3,2,9,6,5,1,6,13,7,4,6,8,7,3,5,4,10,11,5,7,8,5,9,5,5,7,3,8,7,6,8,10,4,5,7,7,5,3,2,3,5,5,3,5,1,7,3,3,5,4,8,4,5,6,6,3,4,6,3,6,2,5,2,2,3,5,8,2,7,3,2,4,8,2,12,4,8,7,2,5,2,5,5,9,9,5,3,4,3,6,6,3,5,3,6,2,5,1,8,4,3,7,7,5,5,6,8,2,6,9,5,5,11,6,1,3,5,8,3,6,9,6,4,4,3,4,4,6,10,4,2,5,2,8,9,6,4,7,7,6,6,5,3,8,7,2,4,9,3,9,2,6,4,6,2,7,9,4,7,6,3,6,9,13,9,7,5,6,6,5,6,5,8,9,4,10,3,2,3,3,6,5,6,4,14,5,6,5,10,4,5,9,7,5,5,11,5,5,8,5,3,9,8,5,6,6,12,4,5,4,6,8,7,5,12,7,10,6,10,4,6,7,4,7,7,5,8,3,13,4,10,2,5,4,7,7,6,6,2,7,7,4,10,2,6,9,9,6,2,6,5,8,7,7,8,2,5,4,4,2,3,5,4,6,4,5,10,2,3,5,11,8,3,3,4,8,5,3,3,7,4,3,3,1,6,4,8,3,11,6,1,7,7,7,5,5,4,9,8,3,4,10,5,9,5,4,6,7,1,3,7,5,10,4,4,6,4,5,7,5,5,3,4,7,9,4,6,5,3,6,6,5,7,3,6,5,2,6,2,6,6,3,8,9,4,8,8,8,5,4,6,3,3,3,10,5,4,7,5,5,9,4,4,5,6,6,5,5,1,5,5,6,7,3,4,7,5,4,9,7,3,7,5,4,4,6,5,8,8,2,2,5,3,5,1,3,5,12,1,7,10,4,8,5,7,9,3,6,2,3,7,3,2,4,12,3,4,3,3,5,4,3,9,13,5,9,8,3,2,8,6,6,6,9,4,11,4,7,4,1,5,1,5,4,11,9,11,7,6,5,7,10,3,4,8,8,8,7,10,8,4,4,7,4,6,11,10,6,6,5,11,8,5,4,6,3,4,2,7,8,6,11,5,4,8,6,7,7,3,3,2,6,9,7,4,5,3,7,5,4,3,13,5,9,8,1,5,6,4,4,8,8,6,2,3,8,2,5,3,6,1,9,3,5,4,11,3,9,10,13,6,7,5,7,8,3,4,6,7,4,7,5,8,8,5,2,4,4,2,8,4,4,6,4,10,7,4,3,3,8,6,4,8,7,9,9,3,7,7,9,6,4,4,6,8,9,3,9,6,7,12,8,9,3,2,4,2,4,6,5,4,7,8,6,4,7,8,8,3,5,5,2,6,9,6,1,6,2,6,8,5,8,5,7,6,3,5,3,6,7,12,5,5,3,2,8,8,9,8,4,7,5,4,2,11,1,5,5,8,6,2,7,8,3,5,5,3,5,3,3,11,9,4,3,4,4,7,5.618,10.5478587676595,0.688141232340518
7,9,5,6,4,10,8,5,8,5,4,4,5,1,6,8,6,6,2,5,6,2,7,4,6,5,8,1,5,4,5,10,9,7,7,9,7,9,9,10,5,4,10,3,2,2,5,3,7,7,11,7,3,2,7,2,3,9,3,4,5,6,10,13,10,2,3,8,6,12,8,4,3,7,4,5,2,4,3,2,6,7,4,1,7,8,1,11,7,5,4,9,2,4,4,4,17,7,1,3,4,3,7,3,6,5,9,8,4,4,5,4,3,3,4,8,9,13,4,5,6,8,7,5,6,7,8,3,3,1,5,6,4,6,5,6,2,9,10,1,6,11,5,2,7,5,2,6,3,9,6,7,2,8,3,3,7,10,4,6,3,6,4,6,7,3,2,3,4,10,5,5,9,1,4,7,1,5,7,3,8,5,6,7,8,6,7,4,7,9,5,3,3,5,8,5,3,5,7,3,8,6,5,3,6,4,5,9,4,5,7,6,5,2,6,6,3,3,3,5,15,2,10,4,12,6,5,7,8,9,5,9,5,6,5,7,6,2,9,7,6,6,3,3,6,4,7,2,6,4,5,4,10,6,7,11,5,7,3,1,6,4,8,6,6,4,6,4,6,8,4,6,8,8,5,7,1,11,5,7,4,6,3,6,4,6,6,3,9,5,5,6,6,4,7,8,6,9,4,2,7,3,7,2,5,3,6,7,5,3,4,8,7,9,10,8,5,7,5,7,7,5,4,6,4,6,12,6,4,6,7,7,4,4,5,7,4,6,2,3,11,2,5,8,2,9,6,5,4,3,12,6,7,5,7,7,6,4,2,4,6,3,2,12,8,8,7,7,8,5,6,5,2,7,6,6,6,7,3,4,5,4,8,3,4,7,4,2,4,4,5,6,5,6,4,8,6,4,7,9,2,2,4,5,9,6,7,9,7,5,4,5,9,4,5,6,3,9,5,8,5,5,6,7,5,6,5,6,6,6,7,4,8,8,5,6,7,2,4,8,8,10,5,4,9,6,6,7,4,10,6,2,7,7,3,3,5,4,4,5,4,13,9,3,4,4,7,6,10,5,2,7,10,5,6,8,8,6,5,9,3,4,7,1,3,10,5,5,3,3,4,5,6,4,7,2,4,7,8,6,6,5,6,4,3,12,9,6,4,7,1,7,4,5,7,8,7,6,5,8,7,8,6,3,4,6,3,4,7,7,2,9,2,8,1,9,3,6,3,4,11,5,5,4,2,7,5,4,3,4,7,5,8,5,10,7,5,7,7,4,6,5,4,7,1,7,5,10,7,4,4,5,6,4,8,6,7,5,8,3,6,6,1,10,2,7,7,2,1,13,6,3,3,6,8,6,6,6,8,4,4,3,6,4,7,4,5,2,3,7,4,7,6,5,5,3,4,8,10,4,3,5,4,1,8,7,7,4,3,6,4,6,6,7,5,6,2,4,6,3,3,5,4,4,2,6,5,6,4,7,7,9,2,1,8,6,3,5,6,4,3,7,6,10,4,14,7,12,5,6,4,1,6,6,9,7,9,2,3,6,3,4,3,6,6,8,9,5,8,4,3,9,5,9,4,4,6,4,11,3,6,2,7,4,2,7,4,5,2,5,5,4,7,8,7,6,7,2,3,7,3,4,5,4,8,3,6,7,5,5,3,4,6,2,5,4,7,5,6,3,4,4,9,4,4,3,8,5,5,4,3,4,1,3,7,5,4,11,6,4,6,7,6,6,3,2,8,1,8,4,5,5,5,6,8,5,3,3,5,5,9,2,7,3,4,7,6,4,6,5,4,5,4,5,7,7,7,7,14,3,5,3,9,5,0,8,7,4,6,8,6,4,5,7,9,3,8,3,8,8,4,7,3,8,3,5,5,5,13,4,6,10,1,6,6,5,7,11,7,3,11,2,5,6,8,3,6,6,3,6,3,7,9,4,4,0,3,11,6,3,11,4,10,2,3,10,10,10,5,5,7,3,7,10,5,9,7,4,7,2,5,5,4,3,8,8,5,2,9,5,4,6,8,4,3,2,2,6,6,5,6,4,3,0,7,3,7,6,6,6,7,6,3,9,5,5,5,9,7,7,3,4,2,5,6,4,4,2,10,4,8,5,4,6,4,7,3,7,4,9,4,6,7,8,6,4,5,4,2,6,7,1,2,7,4,9,8,8,2,6,8,5,2,5,8,2,7,8,2,9,4,4,2,2,1,5,5,6,7,1,4,3,5,4,8,2,5,6,7,4,6,3,7,11,8,3,7,9,5,6,5.527,10.3084448955195,0.745555104480545
8,10,10,7,4,7,9,5,5,5,4,3,5,5,3,4,7,2,9,5,8,6,3,3,3,7,7,6,5,6,3,7,3,3,10,5,8,3,7,5,9,3,3,2,3,3,4,5,7,7,3,4,2,4,2,4,9,2,4,2,6,14,2,1,6,4,6,3,2,8,5,6,6,9,13,6,3,10,7,6,7,3,5,3,7,4,3,4,9,5,7,3,7,1,11,8,6,5,7,3,4,5,3,10,8,5,9,6,4,1,8,6,18,10,5,2,6,8,1,6,2,3,5,3,10,11,9,3,3,3,4,11,11,6,7,2,4,3,4,5,7,3,8,6,8,5,5,2,3,6,4,2,6,8,8,4,13,5,1,7,6,3,8,7,9,8,4,3,6,5,10,6,4,5,3,7,2,5,6,5,2,2,7,2,3,2,6,10,5,5,6,7,5,4,7,5,4,5,4,6,5,6,11,5,5,6,3,3,9,5,7,2,4,8,5,5,7,3,3,2,5,5,8,2,11,7,4,6,6,8,1,8,5,10,6,6,2,10,8,8,5,6,2,7,8,5,9,5,3,1,8,4,8,6,8,1,3,4,8,9,5,3,7,6,2,5,5,5,8,6,3,7,4,5,8,6,8,5,2,5,7,3,6,4,6,4,9,5,5,4,4,6,5,9,7,8,9,11,3,4,10,3,9,5,10,3,8,5,5,4,6,2,6,5,5,6,10,7,9,3,7,4,6,1,8,4,4,3,7,3,6,3,4,3,3,5,5,6,6,6,4,5,5,7,4,2,3,5,5,9,4,3,9,0,6,9,1,3,7,6,13,4,4,6,4,8,5,4,5,5,5,8,5,8,4,4,3,6,5,4,6,6,8,5,5,3,6,7,9,5,3,5,3,7,5,6,3,4,4,5,6,6,3,3,12,8,2,8,10,7,8,3,4,4,5,2,5,6,6,7,9,10,4,2,3,6,3,8,6,7,3,2,3,7,7,8,6,5,6,5,4,3,3,2,12,4,5,7,4,2,2,0,2,8,3,3,4,3,5,6,8,5,7,6,3,4,3,5,4,8,1,5,4,5,5,4,5,4,5,5,4,6,5,5,4,6,6,9,9,7,7,3,2,5,5,6,7,5,4,10,5,8,6,5,5,6,8,6,2,6,2,6,6,3,6,5,7,3,9,5,3,4,4,4,7,4,7,7,9,9,4,6,5,0,9,6,5,3,5,7,4,6,7,9,6,4,6,3,5,5,12,8,8,6,5,7,7,7,2,10,6,13,7,6,5,7,8,5,7,5,5,3,2,8,10,4,3,8,4,6,6,8,4,9,7,4,9,2,3,6,8,3,4,8,3,15,8,1,7,6,3,10,4,3,12,11,7,7,8,11,5,6,2,6,4,7,2,8,4,5,5,2,6,5,9,3,5,2,3,12,10,3,6,5,12,4,5,10,5,6,8,3,8,1,7,3,7,2,6,8,4,6,7,5,5,5,7,8,4,6,7,6,2,4,2,6,3,7,6,3,5,11,1,5,8,11,5,10,11,4,3,11,10,6,8,4,6,6,6,4,5,5,5,6,7,4,7,4,6,4,5,2,3,8,9,4,10,7,1,8,6,4,6,5,7,6,5,5,6,10,7,4,7,3,8,7,10,1,3,7,4,6,9,3,5,5,12,6,7,4,3,12,2,6,5,7,2,4,5,7,4,5,3,3,5,5,8,6,3,3,3,6,3,4,6,3,10,4,2,2,4,1,6,5,9,3,4,3,2,8,7,5,1,7,6,7,8,6,6,2,8,8,2,7,5,4,4,8,6,9,8,1,6,3,7,9,6,4,1,6,4,2,6,6,3,3,6,6,2,7,6,8,9,3,5,4,3,3,11,6,3,9,8,4,6,6,5,4,6,6,11,5,7,8,6,1,3,4,3,8,2,1,6,7,5,2,3,6,1,6,8,3,4,2,9,5,4,5,6,6,9,1,2,5,3,6,4,6,9,3,2,6,7,8,7,3,4,6,6,3,5,6,8,8,3,6,7,7,9,2,6,2,7,9,5,6,8,9,8,4,3,6,6,7,6,5,3,6,3,14,6,3,6,4,6,8,8,7,6,1,3,9,3,2,6,5,8,6,7,5,4,4,7,7,5,3,3,6,2,3,2,3,6,2,11,6,8,9,4,6,9,7,5,14,4,6,9,9,4,2,5,2,3,2,5,8,3,8,3,6,4,2,9,10,2,1,4,4,5,8,9,3,4,5,5,3,11,7,0,4,5.478,10.416213626345,0.539786373655004
2,3,5,7,2,6,8,6,8,3,5,3,6,7,9,5,7,8,5,11,10,8,7,4,3,6,5,11,3,6,5,9,4,4,5,5,3,3,12,7,4,8,3,8,3,2,5,9,5,4,4,7,6,7,5,4,8,10,4,6,4,8,2,7,7,2,6,4,0,6,7,5,9,4,9,0,3,4,4,1,3,3,5,4,6,8,5,7,9,3,4,0,2,4,6,7,9,3,7,5,5,2,7,3,6,3,8,12,2,5,8,4,8,4,3,9,2,9,5,4,6,6,5,4,7,5,4,7,3,5,6,2,10,6,5,6,4,9,5,7,6,8,3,5,6,4,5,5,7,7,8,2,7,6,2,6,9,3,5,2,7,3,6,5,4,5,4,8,8,6,5,1,8,5,4,8,3,4,3,4,4,4,6,3,6,4,3,4,3,4,3,7,8,2,7,9,4,3,7,3,7,3,11,7,4,5,2,7,8,3,10,7,4,6,4,4,12,6,8,6,8,3,6,2,9,3,5,9,4,2,1,11,7,2,5,4,6,6,5,6,3,9,6,7,5,3,5,6,2,4,2,5,7,9,7,9,9,5,5,1,9,8,12,3,3,3,6,3,4,3,4,5,8,3,4,5,9,4,2,6,7,4,3,5,6,3,4,4,4,5,4,4,2,9,5,2,5,9,4,5,9,9,8,5,5,5,7,8,7,3,9,5,10,4,4,3,8,7,1,6,6,3,6,7,6,3,5,5,6,5,9,6,6,5,11,12,6,4,6,9,3,3,5,4,7,5,2,5,6,5,4,4,3,6,2,3,4,4,4,7,5,4,2,2,8,10,5,6,8,5,7,5,3,4,5,3,9,3,5,7,1,5,2,3,0,7,4,6,4,9,2,4,1,7,7,4,5,6,4,10,6,6,9,4,8,2,6,6,12,9,3,5,6,5,5,8,0,10,5,7,6,7,7,3,8,0,10,7,9,5,8,2,5,6,6,7,5,4,4,6,3,5,9,5,5,6,9,4,7,8,2,3,4,2,4,4,3,7,7,2,4,3,8,11,3,9,6,6,3,5,3,6,7,2,8,5,5,6,1,8,7,2,9,3,2,4,6,5,3,5,4,8,5,4,11,6,6,7,6,8,6,11,8,6,5,4,4,8,2,5,5,9,7,8,6,3,8,8,4,7,1,5,10,7,5,4,7,9,6,8,9,5,6,3,10,9,8,4,6,3,6,2,10,13,5,8,3,8,2,11,6,6,7,7,4,6,10,9,5,6,3,9,6,9,4,7,8,4,7,7,4,6,5,4,7,6,8,9,8,3,6,4,8,7,4,9,5,4,5,6,5,10,3,5,7,9,8,2,8,7,1,10,3,2,5,3,6,5,4,8,5,8,1,6,3,7,7,4,7,7,3,6,6,5,3,2,3,10,7,5,5,6,11,6,4,7,5,6,4,1,6,4,2,2,8,4,1,4,6,7,5,4,4,6,10,3,1,8,13,6,7,5,5,7,1,7,4,7,4,4,3,3,5,2,10,8,4,3,7,6,3,5,3,3,2,8,6,4,8,0,2,4,4,6,2,7,6,6,4,6,5,5,5,4,5,9,5,7,4,4,2,4,3,8,9,7,8,4,10,6,4,4,6,2,3,7,7,4,7,7,6,8,2,2,2,3,5,7,7,7,12,1,8,4,10,7,6,7,8,5,4,5,5,4,5,4,7,6,9,4,6,5,2,6,9,8,5,5,5,5,5,3,4,6,6,6,3,4,4,5,2,4,6,1,5,4,10,6,9,7,4,3,3,10,7,6,4,5,7,6,9,8,3,9,7,8,2,2,2,3,1,1,4,7,9,2,5,10,9,6,5,8,7,12,9,5,5,6,4,5,4,10,5,5,5,5,6,6,7,2,2,2,10,8,4,5,7,6,8,6,11,2,5,2,6,4,4,9,8,8,10,0,6,5,9,6,7,8,3,4,8,7,9,6,5,10,5,8,7,5,5,6,4,10,4,6,8,7,4,6,10,4,8,5,6,4,12,6,5,4,6,5,6,7,4,6,5,7,10,8,7,9,10,4,6,7,7,8,6,6,4,2,7,8,7,5,9,7,8,3,9,6,4,6,8,5,6,3,6,8,3,6,4,6,3,3,6,6,3,10,2,5,6,6,3,4,3,4,8,6,6,5,9,5,4,5,5,4,2,5,7,4,5,8,6,2,9,2,6,4,2,4,13,6,5,7,4,4,6,6,1,4,3,6,3,7,7,5,3,9,5.519,10.2211190016317,0.816880998368338
4,11,5,4,7,12,7,10,4,5,6,5,4,2,3,4,4,4,6,3,5,5,1,6,7,10,4,8,8,3,8,7,7,2,2,5,4,8,4,11,6,5,4,3,1,5,6,11,1,7,11,9,2,1,5,4,8,6,2,4,5,5,8,5,7,4,4,9,4,5,4,8,7,8,6,9,4,2,3,5,10,5,2,6,10,13,10,5,7,9,3,4,4,7,10,11,10,7,6,3,10,5,8,9,1,6,7,6,2,5,9,6,5,8,6,9,7,10,11,4,8,3,6,5,3,5,5,2,3,9,4,5,15,5,7,4,4,8,3,7,5,2,7,3,8,9,12,7,2,7,6,6,10,3,4,6,7,9,9,1,6,3,7,3,3,7,5,5,5,4,4,7,8,3,9,8,5,3,5,3,8,5,3,9,6,5,3,5,2,6,7,7,6,6,8,6,5,5,3,4,4,5,6,4,10,3,4,8,6,4,7,8,4,1,7,5,2,3,6,5,6,3,6,6,11,3,3,3,3,8,3,5,11,4,2,0,2,4,1,8,5,5,6,4,10,2,11,7,7,8,5,6,6,0,5,4,3,3,4,8,6,4,7,6,7,6,4,2,7,8,7,7,4,8,5,8,4,8,6,6,1,2,5,4,2,5,4,9,1,2,8,3,4,6,8,6,9,9,5,6,4,6,4,5,5,8,2,6,3,9,9,5,8,13,7,10,8,6,3,3,6,5,9,7,10,6,9,5,8,7,6,4,4,2,9,6,6,6,3,5,6,4,5,5,5,7,6,4,6,7,3,5,7,5,9,6,5,6,6,8,8,6,5,9,8,6,2,5,6,4,6,13,7,5,6,3,4,4,4,4,7,4,3,4,5,7,1,0,10,6,1,7,6,6,7,6,5,4,6,7,10,5,6,4,8,7,7,5,7,6,5,2,4,6,4,4,5,11,3,5,4,2,3,8,10,6,8,3,9,5,6,4,3,5,4,8,4,5,3,3,4,8,4,4,5,3,2,6,13,2,3,8,6,4,4,4,3,2,2,3,6,10,5,5,6,6,8,4,6,11,2,8,5,3,10,7,8,7,3,9,3,8,10,2,1,10,7,7,4,5,7,5,1,5,7,5,2,4,5,10,5,9,6,3,6,2,4,5,3,5,9,2,6,6,6,6,8,3,7,5,11,4,4,4,7,5,6,7,4,10,5,4,6,3,3,8,9,2,8,2,2,5,4,4,4,8,9,6,4,12,4,3,6,2,2,3,2,12,9,10,5,8,8,11,8,4,7,5,6,6,6,7,7,7,5,3,3,5,10,5,5,2,5,5,5,7,4,4,5,3,2,4,2,5,5,3,11,4,7,5,3,6,2,9,11,7,9,4,5,6,3,6,5,2,7,4,2,6,7,5,5,5,9,4,5,4,8,7,6,5,9,11,3,7,3,3,7,1,3,5,3,4,6,4,6,3,2,4,2,2,4,6,6,6,6,2,3,7,6,9,9,9,5,4,6,7,9,11,3,8,11,6,6,8,9,12,9,7,7,6,5,6,9,5,7,6,9,3,11,4,2,7,4,12,2,6,8,5,6,7,1,8,6,7,7,6,6,0,0,6,3,5,4,8,8,7,7,1,4,5,5,8,5,1,12,3,8,6,7,5,6,5,4,3,5,3,6,2,4,6,5,6,3,4,7,6,2,5,6,3,4,3,3,5,5,2,9,10,7,11,6,5,5,7,6,8,7,1,9,1,4,6,7,6,5,10,8,4,3,6,3,2,5,7,2,7,8,4,6,6,4,4,4,8,6,1,8,4,3,8,4,3,6,10,6,2,10,5,8,6,6,5,7,8,8,5,8,9,4,7,7,5,6,6,7,4,7,11,4,8,3,9,5,5,7,9,6,5,4,4,10,7,5,4,8,5,6,5,6,9,3,6,7,13,4,4,5,6,6,4,6,4,6,6,7,6,12,4,7,8,8,4,7,7,3,8,4,6,6,6,4,6,6,8,11,3,4,7,6,2,5,7,3,3,7,6,2,6,6,5,5,6,6,5,3,5,8,9,0,6,5,9,3,6,7,5,4,7,7,8,9,3,4,8,6,1,6,7,12,2,4,2,5,6,7,8,3,6,4,7,8,4,2,8,5,8,11,6,4,6,3,6,7,2,6,8,2,6,4,5,6,11,5,7,1,7,4,2,6,5,6,4,1,6,5,4,5,5,2,10,7,10,5,3,5,4,4,2,6,3,6,7,5,8,6,0,6,3,4,8,5.605,10.4549993457375,0.75500065426252
7,7,5,7,10,9,9,7,9,3,3,3,3,7,8,6,6,6,6,8,5,2,6,7,5,4,7,8,6,4,6,4,4,6,4,9,9,4,3,7,11,6,8,7,6,7,5,4,8,6,4,5,2,4,8,8,10,6,7,9,5,5,5,8,1,2,8,7,1,8,4,4,2,5,5,8,5,6,8,7,5,4,6,5,6,7,3,6,10,4,6,4,6,3,7,6,5,5,8,5,8,5,10,4,5,4,8,7,7,5,6,9,8,3,9,7,6,6,4,8,8,8,6,5,9,9,9,2,8,6,4,4,9,8,7,2,11,6,6,6,5,2,9,2,5,4,5,4,1,4,7,3,6,7,8,5,8,1,9,5,9,8,3,7,5,4,2,8,6,2,3,11,7,5,4,6,4,4,1,3,5,7,7,5,3,1,4,10,5,5,6,5,6,6,10,8,4,6,6,3,10,1,7,10,5,6,8,11,5,6,6,8,10,4,3,8,8,5,2,1,6,9,7,8,6,7,1,3,0,4,2,2,8,9,3,9,3,8,6,5,8,3,4,4,6,6,5,5,7,7,3,6,5,5,12,8,7,4,6,3,2,4,7,3,7,5,3,3,7,3,2,8,8,5,7,4,2,14,4,2,3,6,9,4,4,9,13,7,4,4,3,5,6,7,2,6,8,6,8,10,10,9,5,4,9,2,7,5,1,11,2,7,5,3,4,5,5,5,3,2,12,4,4,2,3,5,7,8,4,7,6,4,5,6,7,9,5,6,5,3,7,6,5,6,4,4,5,9,4,8,9,6,6,3,6,5,3,5,6,7,9,2,5,5,7,7,5,6,10,3,1,6,5,5,7,6,7,7,4,6,8,4,7,2,2,5,4,7,8,5,5,8,5,8,6,5,6,2,4,8,7,6,4,6,7,3,8,11,11,4,5,4,7,1,6,2,4,6,6,8,3,12,5,8,3,5,3,7,2,7,5,6,0,6,7,5,2,7,2,4,7,9,6,6,3,5,4,3,2,7,1,2,10,7,3,9,5,8,7,8,6,3,4,8,4,7,5,1,4,6,4,2,3,6,3,1,5,7,5,5,8,9,10,3,4,5,3,6,2,6,5,5,7,8,7,2,10,6,5,8,4,9,6,8,8,7,5,5,1,7,5,4,10,5,4,8,6,4,6,5,10,2,6,9,5,5,8,6,3,4,2,7,2,5,9,4,3,6,5,5,11,4,3,7,5,7,2,5,6,6,6,5,2,7,6,5,4,9,2,5,7,13,7,4,5,8,10,4,2,3,4,4,3,7,5,5,2,9,5,9,5,3,3,7,2,8,4,5,2,7,5,6,6,5,9,4,3,6,3,5,4,3,5,7,9,3,5,3,7,4,5,10,6,7,1,2,6,4,12,6,3,5,5,3,6,5,5,4,4,8,9,6,6,5,6,6,6,3,7,7,3,3,2,4,6,5,4,6,3,10,8,8,7,8,0,5,8,8,5,3,3,8,1,6,3,3,4,8,2,2,6,2,2,12,6,16,7,6,9,4,5,4,5,5,8,7,5,3,6,9,7,7,6,9,7,4,5,7,7,3,8,3,5,3,1,7,4,5,6,4,5,4,5,6,6,7,5,2,1,7,3,5,6,6,10,5,5,3,5,3,5,4,7,4,7,4,4,1,3,8,6,6,7,8,6,4,5,4,7,6,8,4,3,4,5,5,7,4,3,5,6,4,6,5,7,5,5,6,5,4,3,3,2,4,1,4,5,4,12,5,5,2,5,4,4,6,6,4,8,8,9,5,6,4,1,4,5,7,8,10,3,7,5,12,4,9,10,7,9,11,8,4,6,6,5,2,7,6,5,4,4,6,7,7,5,6,5,5,6,4,4,4,5,6,3,4,7,5,3,5,4,3,6,6,6,9,7,5,1,5,0,7,8,9,4,3,4,5,5,1,7,6,6,4,3,5,4,2,4,4,10,3,6,5,5,6,5,5,4,7,7,8,3,4,14,4,6,10,6,4,3,4,5,5,5,4,11,7,7,5,5,5,7,6,7,8,5,10,8,7,4,3,3,8,6,4,8,3,7,7,4,7,1,8,8,5,6,3,4,5,5,4,6,10,4,5,5,6,4,7,3,5,4,8,7,4,7,5,5,3,5,4,7,10,5,6,9,5,3,7,2,10,4,8,2,6,4,8,7,6,7,7,6,3,4,6,7,10,4,7,6,4,2,2,6,7,7,2,5,4,8,4,5,4,12,8,4,4,5,3,5.531,10.1244855101036,0.937514489896443
10,5,12,5,6,12,9,9,4,6,4,6,5,7,6,5,5,6,3,6,4,8,6,6,3,4,6,3,6,6,2,5,8,6,7,6,4,5,5,12,6,7,9,3,7,6,1,5,4,6,10,7,7,5,6,8,10,8,4,6,7,7,3,4,4,2,2,1,9,6,5,5,11,4,12,6,4,8,2,5,5,3,4,5,5,11,6,6,9,4,4,5,8,6,4,7,6,3,2,4,7,4,7,1,6,4,5,7,3,6,3,4,7,4,4,5,6,9,5,4,8,2,9,6,9,6,3,5,5,5,3,5,7,5,7,6,5,7,4,5,6,6,13,7,6,2,9,5,4,8,4,4,3,5,8,7,7,3,6,7,4,6,6,5,7,10,4,4,6,4,1,9,5,3,11,3,1,6,5,4,5,8,7,3,6,6,7,2,5,4,2,6,4,2,4,3,6,2,7,4,7,5,6,7,8,3,4,4,8,1,6,5,4,6,6,2,7,2,3,4,6,7,6,5,7,7,7,3,8,5,6,6,7,6,4,8,5,5,13,8,4,3,4,2,7,5,7,2,6,7,2,4,4,3,8,7,5,4,6,4,5,8,7,9,5,5,4,6,5,4,7,8,6,4,2,2,4,10,2,6,8,3,8,6,7,1,4,4,3,5,5,4,3,8,4,10,6,8,4,1,4,4,7,4,8,1,5,9,6,7,8,5,5,4,4,6,10,8,4,9,6,2,2,5,8,3,5,9,6,6,4,3,3,8,7,4,3,4,8,4,10,1,2,10,5,1,20,6,7,9,9,7,4,4,4,6,11,6,4,6,11,5,8,7,6,7,6,5,3,3,7,9,6,4,5,5,5,2,5,5,9,5,3,4,8,6,4,4,3,3,1,9,8,7,3,6,3,7,1,8,6,3,7,2,9,1,4,5,4,3,5,7,3,6,11,2,3,2,2,7,3,5,8,2,3,7,3,11,3,3,6,2,8,4,5,5,6,6,8,6,1,8,1,6,5,7,8,9,8,1,3,3,5,8,3,6,3,4,4,3,11,6,8,9,6,5,6,5,7,7,5,9,9,4,2,4,4,5,3,4,12,7,3,4,6,5,7,6,6,3,7,5,7,4,8,3,6,9,7,8,2,5,10,6,3,5,4,6,2,5,3,4,8,5,7,5,3,8,6,7,6,7,4,3,7,4,5,6,5,7,2,7,4,4,9,10,6,11,9,5,5,2,1,11,6,6,4,7,3,9,5,4,7,2,9,6,6,7,6,7,4,5,7,6,5,9,3,5,8,6,6,7,7,6,3,7,2,5,8,5,6,6,5,6,4,10,2,2,5,15,9,10,8,6,5,1,3,6,6,6,9,6,4,6,11,4,3,4,6,7,2,7,2,4,15,5,8,8,7,3,2,7,7,5,5,5,6,7,5,10,6,5,7,5,5,7,4,15,8,4,8,6,5,2,3,4,4,4,8,7,7,5,3,10,3,5,6,6,4,9,8,4,5,6,2,8,6,5,6,4,5,6,3,3,5,5,5,7,6,9,5,4,6,3,4,7,7,4,4,2,5,3,7,6,5,9,3,4,9,4,5,4,4,5,2,3,3,6,5,12,5,4,3,5,8,4,5,5,6,3,5,8,2,5,6,4,3,4,3,7,4,6,4,2,2,3,5,3,4,6,8,4,3,4,1,14,3,11,6,10,3,3,6,4,8,6,8,4,7,3,9,8,5,4,5,2,3,2,6,7,9,4,11,3,3,2,6,6,7,7,3,4,3,5,11,5,9,3,5,6,6,4,3,5,5,3,3,7,9,9,4,4,6,6,4,5,5,3,8,6,6,2,4,3,9,5,4,7,3,7,4,4,3,8,1,5,8,7,11,10,7,13,5,5,3,3,4,9,8,7,9,7,4,5,0,1,9,6,5,2,2,2,7,4,2,2,7,8,4,5,8,6,6,4,7,6,8,7,8,8,13,4,7,7,7,6,3,7,5,8,4,4,2,8,6,5,5,5,3,3,8,3,4,6,7,7,3,11,10,3,5,4,11,3,3,7,4,6,5,6,11,2,6,2,4,3,4,10,7,8,5,9,7,5,8,8,8,4,8,3,6,4,4,4,9,8,4,6,10,5,10,7,2,5,8,11,3,4,6,6,4,2,4,3,5,3,6,10,9,8,7,3,4,7,3,6,5,7,3,8,3,5,2,2,7,3,5,8,7,5,6,2,7,5,5,5,1,8,5,7,3,3,1,3,5,4,8,8,5,7,5.506,10.2909392625347,0.721060737465284
3,5,6,8,4,9,3,6,9,7,5,4,2,3,3,1,7,9,6,11,11,6,3,4,8,4,2,4,5,5,3,4,6,6,6,2,9,4,5,5,8,5,3,4,3,3,6,3,5,7,6,5,5,6,6,3,6,7,4,5,1,5,8,5,9,1,4,4,6,8,4,7,3,5,7,5,3,3,6,6,5,8,7,5,4,10,3,7,5,2,6,9,3,4,0,3,3,7,6,5,2,7,6,3,6,5,8,9,3,5,10,5,7,6,6,7,7,7,7,6,6,9,3,2,9,10,9,6,5,6,5,7,7,5,3,5,3,7,7,7,8,5,4,8,13,5,7,10,2,5,3,5,6,5,1,7,5,7,7,5,7,5,4,7,6,3,2,3,5,4,5,2,4,7,4,6,5,8,11,7,2,6,6,6,6,2,3,9,4,4,6,7,10,4,7,6,7,4,3,5,6,6,4,1,2,5,2,7,2,2,8,8,4,4,5,6,11,4,5,4,12,8,6,5,6,2,7,8,8,5,4,4,9,6,4,8,7,4,5,4,7,4,2,6,9,2,8,3,7,2,5,2,7,8,7,8,9,6,6,2,8,6,10,10,5,5,5,2,1,4,6,12,4,9,6,5,5,5,6,3,5,4,10,2,5,4,4,7,4,8,4,1,2,3,6,5,5,8,4,4,8,4,7,7,7,5,8,8,4,6,6,5,5,8,3,9,6,3,7,5,7,9,10,6,7,11,8,5,7,6,3,10,6,7,5,8,6,7,1,3,2,2,5,6,8,5,2,3,3,5,6,7,6,4,5,7,7,7,3,2,7,6,4,2,7,5,5,6,6,6,5,9,11,1,7,6,1,6,3,7,5,2,5,6,2,3,6,4,4,7,4,7,12,7,4,4,6,7,7,7,10,7,0,5,6,8,7,4,7,7,6,7,6,3,5,4,6,6,3,4,4,7,5,5,7,4,9,7,5,6,5,4,1,12,10,4,5,7,4,6,4,13,6,7,5,6,5,3,5,4,5,2,8,4,3,9,2,6,1,4,6,8,5,2,11,2,3,8,2,6,5,5,7,4,10,6,4,2,4,9,5,8,8,2,7,4,7,2,4,2,7,5,4,2,3,6,4,6,3,8,3,5,12,4,3,6,7,3,0,6,3,6,9,8,2,4,9,4,5,4,7,4,6,5,2,4,5,6,5,8,4,8,7,1,9,9,7,9,6,4,7,7,6,5,6,4,7,7,9,11,6,0,3,10,9,3,4,10,5,5,3,9,7,5,4,11,8,3,8,5,7,9,8,3,6,8,3,9,6,6,9,5,7,5,6,6,5,3,6,11,8,4,8,2,8,7,4,7,7,4,8,9,5,8,6,4,2,7,2,9,2,8,6,5,6,8,5,8,3,6,7,5,5,2,6,5,5,9,3,9,6,4,6,5,7,8,3,10,3,7,4,2,3,4,2,3,5,11,5,3,6,6,4,9,7,11,3,5,7,4,6,4,6,8,2,8,15,7,5,3,9,8,3,1,9,3,4,7,7,12,5,8,3,4,6,7,7,4,7,8,3,4,3,4,2,3,12,8,7,6,5,5,10,6,3,7,6,3,6,3,8,5,7,12,6,6,7,0,6,5,5,4,9,3,2,7,4,4,6,6,1,4,6,4,3,5,4,4,7,6,7,4,3,6,5,3,3,2,6,1,3,5,5,1,4,3,3,7,4,2,1,3,5,7,5,5,7,8,6,5,4,4,6,6,7,10,11,1,7,6,2,3,4,6,1,10,7,5,9,2,6,6,7,3,5,4,7,10,7,5,7,8,7,2,6,5,5,8,4,7,6,5,2,5,5,5,5,6,5,8,0,4,2,3,8,6,3,8,4,3,5,10,6,5,6,4,3,2,7,2,6,6,5,3,4,6,6,3,7,6,4,3,3,5,6,4,8,7,6,4,8,4,8,4,7,6,5,5,2,7,14,3,7,6,2,5,4,3,6,5,5,10,3,8,5,9,0,6,4,6,6,3,14,3,5,7,4,8,5,2,7,7,6,4,5,4,8,13,7,6,4,5,7,6,7,5,7,4,6,6,3,2,7,6,6,4,10,7,5,3,9,6,7,5,4,4,6,5,10,6,5,6,6,7,6,5,10,15,4,6,6,4,6,6,4,5,5,11,6,6,4,5,5,7,7,6,4,6,2,6,6,1,4,4,5,3,9,3,4,8,6,2,5,1,3,7,8,1,7,6,7,8,3,2,4,4,11,6,1,7,5.502,10.1936217183345,0.810378281665503
5,5,6,5,5,7,4,4,3,4,6,4,4,5,7,5,10,7,7,6,6,3,2,3,6,3,6,9,9,4,5,4,4,7,2,5,5,1,6,2,4,3,8,4,7,1,6,6,4,8,5,3,2,5,5,4,5,4,3,4,4,11,7,4,5,3,10,7,1,10,10,5,2,5,2,4,6,9,10,5,4,3,7,3,5,8,7,2,5,4,4,3,6,9,8,4,7,6,6,2,3,2,3,4,4,5,4,4,4,4,10,5,12,9,5,9,7,8,10,4,6,4,8,6,5,4,7,1,10,6,5,5,6,5,7,7,5,2,3,7,8,6,5,6,7,4,5,9,4,6,4,6,9,6,8,4,6,7,3,5,9,2,8,6,6,5,6,7,10,3,0,5,6,7,3,5,1,3,5,1,5,5,4,6,3,5,5,6,2,4,9,6,2,4,6,6,8,4,5,7,4,10,8,2,4,8,6,7,2,3,9,9,8,5,6,4,3,7,10,1,4,6,8,2,6,4,2,2,7,6,4,3,3,9,6,6,5,5,6,9,1,5,6,10,3,6,3,11,4,4,1,7,9,6,8,5,3,5,6,4,6,6,5,3,4,2,8,1,4,2,1,6,8,3,7,5,4,6,5,8,5,6,5,2,4,5,6,9,3,6,6,6,6,1,6,6,5,4,5,8,9,2,7,5,3,4,3,4,7,7,5,2,10,5,7,4,2,5,4,5,11,12,7,1,4,4,6,4,3,5,6,7,5,6,6,14,3,9,3,9,2,8,3,5,3,3,7,9,6,6,6,3,3,6,12,1,10,4,5,4,8,5,4,4,6,7,7,13,7,4,5,4,7,3,3,4,2,3,2,6,5,4,4,6,3,7,7,3,5,8,5,4,4,7,7,4,5,1,4,5,4,5,5,8,8,5,7,8,3,9,6,8,4,3,3,2,5,7,4,6,6,5,5,9,8,7,5,6,8,7,3,6,7,4,4,9,6,4,2,6,4,6,6,6,6,4,7,2,6,4,6,9,6,3,6,4,1,3,4,3,4,8,3,8,5,7,1,5,9,3,1,4,2,7,3,6,3,3,7,4,9,8,10,5,2,4,7,8,5,5,4,4,8,4,7,5,3,8,7,5,4,7,5,6,4,5,5,4,2,2,7,4,9,4,10,4,3,3,9,3,8,1,8,7,4,12,5,7,8,5,2,3,3,3,4,8,6,8,2,5,5,4,4,10,3,3,4,5,5,9,3,8,7,2,3,7,6,7,5,4,8,8,7,3,2,3,5,2,6,9,2,5,8,7,10,10,3,5,3,3,4,7,2,4,5,2,6,9,3,6,10,4,9,7,7,2,10,3,7,8,7,9,1,7,8,5,8,2,5,10,6,4,8,4,3,4,5,11,8,7,3,10,10,8,8,5,4,3,4,3,5,6,5,5,6,10,4,5,6,0,3,4,5,8,5,3,3,5,8,3,4,6,3,7,7,7,5,5,0,6,11,5,9,5,3,3,3,7,7,10,4,3,7,4,9,7,4,5,7,9,7,4,8,5,5,2,8,5,3,8,2,11,8,5,5,9,5,4,6,4,6,7,3,12,5,6,8,4,8,1,3,8,5,6,4,7,9,6,3,7,2,9,3,3,10,5,4,4,7,3,11,6,3,0,4,1,3,9,4,6,6,5,3,6,6,7,7,7,4,11,5,2,5,4,3,5,8,6,4,5,2,7,5,7,7,6,1,5,10,7,7,2,3,4,3,6,7,7,7,8,2,7,5,4,2,6,2,7,7,8,6,8,5,7,6,4,7,6,7,6,7,12,6,6,5,5,6,4,7,8,7,3,14,4,4,3,7,9,13,8,7,4,6,4,6,2,2,9,1,4,3,7,6,7,3,4,7,7,5,5,8,10,16,4,5,4,2,9,6,8,3,10,6,4,2,2,7,2,8,2,9,7,7,7,7,5,5,5,1,5,8,3,5,5,4,6,8,6,6,4,12,4,6,6,7,8,6,8,3,5,7,3,7,7,5,1,5,4,6,7,6,6,9,6,3,5,6,6,5,2,7,4,2,9,4,6,3,11,8,6,7,3,3,6,17,4,7,7,3,3,3,4,4,4,5,11,5,7,8,4,8,7,5,6,4,5,6,5,5,3,7,5,6,7,7,7,4,7,6,7,3,7,10,4,5,7,6,4,5,4,9,3,5,3,6,7,2,8,5,2,6,1,4,4,4,4,2,5,10,4,10,2,1,5,3,2,3,4,6,9,5.423,10.1578938714161,0.688106128583908
4,5,2,7,7,8,10,8,3,3,5,6,1,6,5,8,2,6,11,3,8,10,4,2,5,6,4,4,2,1,10,5,5,4,5,3,11,8,9,9,3,2,7,7,5,9,6,3,7,4,2,6,4,8,3,3,5,5,3,3,3,4,2,5,5,1,3,3,6,5,8,2,7,14,2,3,4,1,6,5,6,4,5,5,5,10,9,4,4,4,5,1,4,1,7,8,5,6,10,7,7,3,7,3,4,5,6,3,2,4,3,4,6,3,5,9,5,3,6,7,7,6,2,10,6,9,5,5,5,4,3,8,10,5,9,7,6,6,2,4,6,2,8,6,3,5,11,2,2,8,2,6,4,8,9,3,6,7,5,2,7,7,4,1,4,4,5,6,7,3,5,7,10,2,2,7,5,5,4,4,5,6,3,4,2,7,2,8,1,3,6,4,8,6,4,4,6,4,4,3,4,3,2,13,5,2,7,3,11,5,8,8,5,7,10,3,6,1,5,0,7,6,7,3,8,3,3,9,6,4,4,5,5,6,3,5,1,8,8,7,6,3,8,1,5,3,5,3,8,6,3,8,9,6,6,9,1,0,8,6,3,5,10,7,2,5,7,5,1,8,10,6,7,7,8,5,6,6,9,5,6,5,7,6,5,4,7,8,4,2,7,3,3,7,6,7,7,5,5,4,6,7,5,2,3,4,3,9,4,5,8,10,4,6,8,4,4,11,3,4,5,5,13,3,7,4,10,5,7,6,3,0,7,3,5,8,4,9,6,5,2,4,3,2,4,5,3,2,3,2,5,5,4,4,4,5,3,2,1,5,7,2,2,5,11,10,6,9,8,0,8,8,4,6,5,5,8,8,6,10,2,3,6,0,2,3,2,4,4,11,1,6,5,7,3,4,3,5,3,4,5,5,10,8,11,5,7,7,7,4,5,6,3,6,6,1,7,3,5,5,3,9,4,6,3,5,4,3,3,5,3,4,6,10,5,4,5,6,6,7,7,5,9,6,2,2,9,4,6,7,2,3,4,3,2,9,6,2,5,5,4,8,8,8,6,8,4,4,6,4,2,4,3,8,9,4,4,10,2,4,11,8,4,3,4,9,4,6,4,2,4,4,6,3,8,5,6,5,6,6,5,8,5,10,7,4,4,8,5,4,5,3,8,3,7,3,4,3,9,3,5,4,0,5,10,7,2,4,7,11,4,8,2,1,5,6,5,5,2,4,4,5,11,5,9,11,7,5,4,5,2,3,7,7,4,4,7,7,4,7,3,7,2,7,5,6,3,6,3,5,8,5,11,7,5,5,7,10,8,6,4,4,2,4,6,4,2,4,3,4,5,1,3,6,9,5,6,1,1,7,8,3,3,5,8,4,7,7,9,5,7,6,4,1,5,6,7,7,4,8,6,7,3,3,5,3,6,7,5,7,7,6,5,7,7,7,12,11,7,5,5,4,3,6,8,5,5,6,8,3,5,2,6,11,9,4,4,11,5,4,1,2,5,7,4,11,4,7,2,4,6,6,1,3,4,6,4,14,7,13,3,4,8,5,4,3,6,5,7,2,5,4,3,10,3,4,11,5,9,2,6,4,4,7,4,8,7,3,4,4,4,3,5,10,5,8,6,3,5,3,3,3,5,3,8,1,3,5,8,5,3,10,3,5,6,4,5,4,5,5,7,4,5,5,5,10,3,8,7,5,7,4,4,4,5,2,7,5,3,3,2,3,1,5,2,6,4,4,8,2,9,7,3,4,5,8,9,3,9,6,2,1,8,4,5,8,9,10,3,9,3,8,5,3,3,5,8,11,6,7,6,3,4,5,5,6,6,8,3,7,8,2,7,8,13,4,6,6,8,6,5,4,12,5,4,3,6,4,4,5,3,9,6,6,1,9,7,1,3,6,7,4,8,5,6,1,5,3,7,6,4,3,6,5,6,3,4,10,4,4,5,4,4,3,7,6,8,8,4,6,10,4,4,5,8,6,6,10,8,4,3,9,5,5,9,4,4,8,4,1,2,3,3,7,3,6,5,8,2,4,7,4,5,5,1,4,5,3,4,4,5,4,5,7,5,4,5,3,6,7,7,6,6,6,2,4,7,3,4,4,9,2,7,6,3,6,6,5,6,1,3,5,8,5,6,10,6,3,6,5,0,4,8,4,5,3,5,5,10,3,9,7,6,3,2,6,7,6,8,6,2,3,2,7,5,6,4,5,4,9,3,7,3,4,6,9,5,9,4,2,1,8,2,4,5,3,5,8,4,6,5.26,10.0217522535853,0.498247746414723
3,9,9,3,4,8,4,8,4,8,4,2,6,3,4,7,2,7,8,6,7,2,7,4,5,3,4,8,5,6,4,4,6,3,4,9,4,7,6,5,6,2,9,4,6,4,6,8,3,7,4,7,3,7,9,3,4,1,6,9,4,5,6,5,8,6,5,6,3,6,3,1,8,1,9,11,3,6,5,2,4,6,5,8,1,4,2,5,5,4,6,3,4,4,3,9,3,1,9,2,9,6,5,3,4,9,10,3,7,4,7,4,3,4,5,5,9,5,5,1,12,3,5,4,1,5,5,5,7,7,5,4,9,6,11,5,3,1,5,4,2,2,5,4,7,3,1,9,1,6,5,4,4,6,6,3,10,7,5,2,4,4,8,6,5,5,3,5,2,2,4,4,4,6,2,5,4,5,3,3,7,7,5,2,4,9,2,5,6,3,2,3,7,6,11,6,7,7,5,3,5,3,7,6,3,3,6,9,3,8,6,6,7,6,4,4,5,4,4,2,8,2,6,4,7,7,4,3,5,4,9,5,5,4,2,8,2,5,4,5,5,3,10,6,4,2,9,5,6,6,4,4,4,2,7,4,4,1,4,2,6,4,8,5,8,4,8,2,4,4,4,6,11,5,3,2,4,4,5,2,2,9,5,7,6,3,6,2,6,6,6,2,4,10,4,6,7,6,4,2,5,4,3,4,6,1,5,5,3,3,5,3,5,2,7,4,4,7,7,2,9,5,8,7,6,4,2,2,2,8,5,5,4,2,11,13,5,2,12,0,4,3,4,4,2,6,8,6,4,9,8,1,8,6,5,5,6,5,6,3,7,6,4,3,1,4,7,7,6,6,7,9,3,4,6,9,6,3,6,9,3,0,3,3,6,6,7,3,1,4,7,4,9,7,5,3,3,2,3,6,7,5,1,5,6,3,4,7,6,6,4,4,6,4,5,3,2,3,7,3,3,6,4,1,10,5,1,4,2,4,4,3,9,6,8,9,6,5,2,4,1,5,6,12,10,4,3,4,2,6,5,5,5,5,1,6,1,4,3,3,5,5,6,5,5,4,5,4,5,4,8,4,9,4,1,3,2,5,3,3,7,5,7,3,2,7,8,4,2,3,3,7,10,6,2,3,4,3,3,3,7,3,8,6,3,3,7,1,2,3,6,3,3,9,6,0,6,4,5,6,7,5,5,1,4,5,9,5,7,1,6,5,3,3,8,3,8,5,6,4,2,10,7,5,5,6,10,2,4,5,7,3,2,8,8,3,7,8,2,5,5,3,5,4,5,6,8,3,4,6,5,6,5,2,3,7,5,6,5,4,4,6,5,7,9,6,6,3,6,9,6,3,7,6,5,1,5,1,7,3,8,6,5,3,12,5,5,3,5,6,8,4,2,9,10,3,8,3,9,4,6,2,5,3,0,6,4,5,4,7,5,6,6,5,4,8,8,12,5,6,6,4,4,5,3,2,4,6,3,6,5,8,2,9,4,3,4,5,5,4,2,4,7,6,3,9,3,5,3,4,10,7,10,6,4,8,8,7,8,9,5,3,5,7,8,10,6,7,2,5,3,5,5,3,2,6,4,4,6,4,4,3,5,3,4,4,9,11,2,3,8,5,2,7,5,8,7,2,4,7,4,4,6,2,5,5,8,3,4,5,7,2,6,1,7,3,0,7,5,4,6,7,6,6,4,6,4,4,8,3,6,2,8,4,8,3,2,5,8,6,3,7,4,5,4,6,2,4,7,1,7,5,4,3,6,5,7,5,5,3,2,0,4,3,4,7,8,6,4,3,6,10,4,5,7,3,3,9,7,7,8,7,6,8,2,3,8,9,10,3,4,4,5,6,8,7,3,11,7,5,2,4,6,6,6,4,11,3,5,4,3,2,6,5,5,4,8,6,7,4,5,3,6,3,4,2,10,4,3,4,4,3,1,8,3,2,5,2,2,2,3,3,8,6,4,5,6,2,2,6,14,4,7,4,4,8,4,4,11,7,3,6,5,1,7,5,7,3,5,6,6,5,4,4,5,1,3,6,8,6,7,6,10,8,5,5,5,3,7,7,6,1,2,2,4,7,4,5,7,7,9,7,5,9,9,5,7,6,4,2,8,4,3,4,5,3,3,5,8,5,6,6,1,4,4,5,6,4,3,2,6,1,6,5,5,4,6,6,7,4,9,7,4,6,4,7,4,3,6,6,3,3,3,6,9,5,5,9,11,8,9,2,4,6,6,5,8,3,1,6,7,8,3,7,3,7,6,5,5,7,5.04,9.54360049931801,0.536399500681988
6,3,3,5,3,3,3,4,3,7,2,5,3,3,2,5,4,6,10,8,6,5,9,3,5,6,7,2,7,5,4,4,4,2,8,4,7,6,3,4,7,9,11,5,3,5,4,7,2,6,8,10,6,3,8,10,6,9,8,4,4,8,3,1,4,0,10,4,6,9,5,2,7,5,6,6,6,4,4,3,8,4,5,3,4,6,7,5,6,2,5,3,5,6,5,6,3,7,4,1,7,10,4,5,4,5,3,9,6,4,7,6,7,6,8,3,7,5,5,8,3,6,9,1,6,7,6,8,6,6,4,11,7,7,3,4,10,4,6,10,2,6,4,5,9,9,4,6,6,3,5,11,15,6,9,8,1,4,3,7,8,6,4,5,8,3,3,5,6,3,1,4,4,4,5,4,4,5,4,4,5,5,4,2,4,7,3,2,8,8,7,7,5,6,2,5,2,2,8,4,7,6,7,5,5,2,4,5,10,3,5,3,6,4,4,3,4,3,5,9,8,1,4,2,1,7,6,2,2,8,4,2,6,8,5,8,4,5,7,4,8,2,8,4,7,2,4,4,12,4,1,5,6,7,7,4,4,8,6,5,4,6,6,3,3,0,4,3,2,5,3,5,9,5,4,1,5,4,3,6,4,4,8,5,5,6,8,5,2,6,4,8,2,3,1,7,7,9,7,3,9,5,2,3,4,6,5,3,7,6,7,2,3,2,4,6,8,6,6,6,8,0,6,1,4,2,5,5,5,2,5,8,5,5,6,6,7,2,6,3,1,3,4,7,7,3,3,6,7,6,6,6,4,2,8,2,5,5,5,7,6,10,2,4,5,4,5,3,6,5,6,3,7,1,2,3,5,3,3,3,8,3,7,5,3,5,12,7,3,4,2,4,9,2,3,3,4,7,5,4,3,5,4,6,6,6,5,6,5,1,7,7,3,8,9,1,8,6,3,2,4,2,5,3,11,2,7,7,2,12,3,5,1,6,5,6,5,4,4,6,3,9,3,7,9,4,9,8,4,3,4,3,1,4,3,7,2,6,3,6,4,3,4,3,1,2,3,5,3,6,1,5,3,6,6,2,2,8,4,4,3,7,11,5,7,4,4,8,2,1,7,2,3,5,2,1,2,3,10,6,2,2,7,6,3,5,4,6,6,3,2,1,5,5,8,7,2,6,4,5,5,2,4,3,5,2,2,3,4,4,3,5,3,3,4,7,2,5,4,2,3,4,6,5,6,2,3,7,6,8,3,4,4,7,8,4,6,9,5,4,2,5,8,9,2,10,3,5,6,3,6,6,6,4,3,3,2,9,3,8,5,4,2,7,8,6,6,6,4,11,4,4,3,7,8,3,3,6,3,10,5,5,4,3,9,10,6,5,6,3,2,1,2,2,4,8,5,9,1,6,5,5,4,4,6,3,4,3,3,9,6,4,3,4,2,6,4,5,8,2,3,2,8,5,8,4,4,5,6,5,7,9,1,3,9,5,4,7,3,3,3,10,3,4,3,6,2,4,7,8,6,5,3,6,7,7,4,4,7,6,4,5,7,2,4,8,6,3,8,6,8,3,6,4,2,8,4,4,6,4,7,5,3,7,3,5,6,2,7,2,8,9,6,9,6,5,2,2,2,12,2,3,5,6,7,7,6,4,4,8,5,2,3,4,3,2,2,7,3,7,3,5,4,4,7,5,4,5,6,9,5,3,4,4,2,4,9,3,7,9,6,4,5,8,6,6,2,3,2,9,5,7,4,7,5,6,5,5,9,2,3,4,1,3,7,11,8,2,4,6,5,7,6,4,3,2,5,4,4,3,9,8,4,5,4,4,7,3,6,9,4,5,7,6,3,4,6,2,8,4,4,2,7,6,7,5,6,6,7,3,6,9,2,10,6,8,4,6,4,3,10,5,8,8,8,4,6,12,4,4,6,6,8,2,3,6,5,4,1,6,5,5,2,2,6,2,2,6,6,3,5,1,2,8,3,8,2,4,6,3,5,11,3,6,3,5,5,5,7,5,3,2,7,5,2,7,9,4,6,2,10,5,7,7,6,3,4,8,5,7,8,3,5,3,5,6,3,4,5,6,5,1,6,4,8,7,3,4,1,2,7,6,1,4,4,7,4,2,5,4,11,5,9,9,6,5,6,4,3,9,5,4,5,7,6,6,6,8,10,5,8,3,2,4,5,6,3,6,4,4,5,2,4,5,4,4,6,6,3,4,6,5,3,4,5,6,5,7,8,4,3,5,1,6,4,6,9,7,4,6,4.996,9.47115567916389,0.520844320836115
7,5,2,6,8,5,6,5,5,7,9,4,4,8,7,2,4,4,4,3,8,5,6,3,4,10,3,5,6,4,5,4,3,5,2,1,2,7,4,5,5,3,4,6,6,5,5,8,3,4,2,8,6,7,6,5,5,4,5,5,5,5,4,6,2,5,9,4,5,5,3,7,2,3,3,10,4,9,5,8,6,3,4,4,2,7,3,8,6,5,3,3,4,3,4,3,10,10,5,1,3,6,7,5,2,5,7,6,6,5,7,1,5,3,5,11,3,5,1,4,5,3,3,3,5,8,10,4,4,5,3,5,5,2,2,9,5,0,3,5,6,4,9,5,5,5,4,4,5,6,8,4,7,4,7,2,5,3,5,5,6,5,2,4,9,2,1,7,2,1,2,5,8,5,4,5,8,9,7,4,10,3,5,3,5,2,3,8,2,5,2,4,5,4,6,5,4,6,5,6,5,3,4,5,3,5,9,5,6,3,10,8,3,3,5,4,10,3,6,2,5,6,5,7,4,4,8,3,1,8,5,1,5,7,4,5,6,8,4,3,5,3,6,5,7,9,10,3,13,2,3,9,7,6,8,7,3,3,6,1,4,5,4,5,7,3,7,1,2,5,4,1,4,1,5,3,4,5,5,3,5,4,6,4,4,3,4,5,10,4,5,6,4,1,4,7,2,8,3,4,7,5,9,4,5,1,3,5,2,4,3,5,13,2,5,2,9,6,3,7,5,6,6,3,7,6,7,7,8,9,6,5,9,6,6,7,3,8,4,7,6,5,4,4,4,1,4,9,2,4,8,5,3,9,4,5,5,8,3,3,7,5,2,3,4,5,3,4,6,4,8,7,5,2,4,4,2,4,4,11,4,4,5,5,2,8,6,2,4,4,5,8,3,10,11,2,4,6,4,3,5,4,3,6,10,8,5,7,8,4,4,10,5,2,4,4,2,7,8,7,5,8,4,5,7,6,4,4,7,3,2,4,8,6,7,5,7,2,7,7,2,3,2,9,3,5,4,4,6,4,4,5,3,10,4,4,3,6,3,3,8,8,3,4,8,2,3,5,4,6,7,3,5,6,7,4,2,2,1,9,6,4,6,5,4,7,4,7,3,2,4,14,6,3,5,6,6,11,4,6,4,3,8,7,7,3,5,4,2,5,2,4,2,1,4,1,2,6,9,8,3,4,5,4,4,7,6,6,2,3,3,5,2,2,8,8,9,3,4,5,9,4,6,3,4,5,6,3,4,3,6,5,7,3,5,4,3,7,3,3,1,3,5,4,7,2,5,5,9,6,1,6,7,4,2,2,6,7,4,6,4,5,7,6,8,6,9,7,5,7,5,10,6,2,3,4,5,9,6,7,4,4,4,8,5,7,10,4,4,4,1,8,3,6,6,3,5,2,4,6,4,5,3,2,3,6,4,7,3,8,5,1,7,7,7,2,5,3,6,6,6,3,7,4,7,4,6,2,10,4,2,6,6,4,5,9,3,7,5,6,6,3,7,4,6,4,5,5,4,5,5,7,3,0,3,0,2,7,4,9,8,5,3,2,5,1,4,1,3,6,4,2,7,3,5,4,4,4,9,6,3,3,4,6,6,9,4,1,4,4,7,2,8,4,6,11,5,3,10,4,3,4,1,4,5,8,3,2,6,4,7,6,5,5,4,4,3,9,2,5,8,3,2,8,2,7,4,5,9,5,5,4,4,2,2,2,10,7,7,5,2,7,8,6,2,6,0,1,7,3,10,10,2,5,3,7,8,7,7,5,4,5,5,4,7,2,7,6,7,4,3,5,4,2,12,2,6,9,2,5,7,4,2,4,5,2,3,7,4,8,2,3,7,6,9,1,4,7,11,1,1,6,10,3,2,6,3,3,4,3,4,8,7,3,5,3,5,8,6,7,4,7,4,4,11,3,4,8,4,3,4,6,6,4,3,5,7,4,3,2,5,7,3,11,2,3,3,6,7,7,8,6,4,9,5,9,2,4,5,2,3,4,7,3,5,7,3,5,4,2,3,3,6,0,7,3,3,8,2,4,3,8,1,8,5,7,4,8,7,3,7,3,9,6,6,1,7,5,8,5,6,5,4,7,7,4,5,1,5,3,9,6,2,5,11,9,1,2,1,2,5,8,1,8,6,7,7,2,6,3,4,5,10,5,6,6,4,5,5,6,5,5,2,4,5,1,4,4,6,2,4,3,5,8,4,3,6,8,3,4,5,4,5,5,6,2,2,3,9,2,5,8,4,4,7,3,11,2,4,6,4.935,9.42165149991412,0.448348500085884
5,5,3,4,5,8,4,5,6,2,5,4,4,5,3,6,9,6,11,4,8,5,3,3,7,5,2,3,3,9,5,8,3,4,5,5,5,6,13,9,5,6,2,3,7,8,2,4,5,3,6,4,5,7,7,4,3,4,3,7,2,9,5,7,2,2,6,4,4,5,5,3,3,5,5,5,6,7,5,0,5,2,8,3,4,5,8,5,2,7,2,2,6,4,4,7,3,2,6,7,3,4,4,5,7,3,6,5,4,6,2,6,4,2,6,4,4,4,7,8,9,5,5,4,9,2,4,8,6,4,4,4,10,10,5,3,6,9,4,2,5,2,4,8,7,1,4,10,5,3,4,7,7,5,5,5,2,6,5,9,5,6,8,4,2,9,4,4,4,2,4,8,7,5,6,1,8,3,4,5,6,4,5,4,7,4,4,5,7,4,6,5,4,3,3,5,4,6,4,5,4,5,7,1,6,7,5,5,11,4,3,3,6,4,8,4,7,7,5,4,7,2,8,3,4,2,4,7,1,5,2,9,7,8,3,4,4,3,4,8,2,5,7,6,10,3,7,5,3,4,5,6,3,9,4,8,12,5,8,3,5,6,10,4,5,6,2,4,2,10,11,6,3,4,2,3,6,5,5,7,7,6,5,6,2,5,4,5,4,5,3,9,3,4,4,5,8,4,8,3,6,5,6,8,4,5,1,6,3,4,8,3,5,3,5,8,8,7,9,4,9,4,7,3,1,2,3,2,4,8,4,3,3,2,2,5,5,6,5,4,3,2,3,4,7,7,5,5,4,5,4,8,2,5,10,2,3,4,6,7,6,5,4,4,4,3,6,3,9,3,9,4,1,3,4,4,3,6,3,3,3,5,5,4,3,6,9,3,3,6,3,7,12,6,2,8,3,4,5,4,2,7,3,8,6,6,4,3,4,2,7,4,0,8,6,3,5,5,1,4,5,4,5,5,8,2,6,9,3,2,0,5,5,6,9,4,8,3,3,4,2,6,4,8,5,5,10,6,6,3,8,4,7,2,6,4,3,5,0,6,5,8,6,2,10,3,2,2,6,5,2,5,6,8,4,4,3,3,5,5,3,10,5,7,4,9,2,6,5,4,8,3,8,3,4,1,3,5,7,4,4,3,2,9,3,2,4,3,2,5,8,3,6,6,5,4,5,5,4,4,9,3,4,3,4,4,7,2,2,4,3,8,8,2,3,1,8,9,1,6,6,2,9,5,1,5,5,8,9,8,2,4,4,5,8,4,3,4,7,4,6,7,2,6,2,4,5,4,7,8,3,9,6,3,1,6,5,7,7,6,6,4,4,8,3,5,3,6,8,6,4,8,7,4,5,3,7,9,5,6,6,3,1,5,7,5,10,6,1,3,8,6,9,5,4,3,8,10,9,5,4,6,7,5,3,3,5,6,4,1,1,3,5,5,7,4,7,9,7,6,6,8,0,4,9,4,10,5,3,4,9,5,1,5,11,3,5,9,6,6,3,5,3,3,2,9,2,11,4,4,5,1,3,5,6,7,4,5,6,7,5,6,4,6,5,7,5,4,9,5,11,7,1,7,3,5,5,5,9,2,7,2,9,7,1,5,7,4,5,2,7,8,6,8,5,3,9,6,4,7,6,1,5,5,9,4,5,2,8,3,3,10,2,3,2,5,1,7,5,4,5,0,7,2,6,6,5,7,6,4,6,3,7,6,5,2,5,4,5,3,4,3,0,4,4,2,1,2,2,4,2,2,8,4,5,5,3,3,7,8,4,2,5,4,5,5,1,4,2,4,5,2,1,1,0,4,4,4,7,4,6,4,3,4,2,6,1,5,4,6,4,3,4,6,6,2,4,9,6,5,4,3,6,6,6,3,4,5,3,2,4,7,7,4,7,7,3,8,6,4,7,4,3,5,6,4,4,5,6,5,2,6,3,7,6,7,3,8,7,6,8,5,5,6,9,3,3,7,7,6,4,3,3,1,8,7,6,6,6,7,2,4,5,3,11,10,6,9,10,4,11,3,5,5,4,3,4,5,5,3,6,5,6,8,2,4,6,5,5,3,8,4,4,3,7,3,3,6,6,6,6,4,3,6,4,4,7,8,4,4,5,5,6,3,4,1,5,5,2,5,5,3,6,5,2,2,7,8,2,2,7,5,9,6,5,4,8,11,3,2,4,6,4,8,5,7,8,7,3,4,2,9,4,4,6,5,3,9,8,3,3,3,8,5,1,4,5,4,4,5,0,7,5,6,2,5,0,2,5,3,4.93,9.31887465995336,0.541125340046644
2,6,6,8,4,6,7,3,3,7,3,3,2,2,5,4,5,9,4,5,9,7,8,5,3,5,5,2,4,2,6,7,3,4,4,7,7,3,8,6,9,5,6,3,5,5,5,5,6,4,7,2,4,7,3,3,5,6,4,7,6,4,3,4,2,1,5,5,8,5,6,5,4,7,2,6,3,2,4,7,3,7,7,1,5,10,7,1,11,2,5,4,6,8,4,5,3,4,5,3,8,2,5,6,5,6,7,7,1,4,9,3,5,3,6,6,2,6,5,4,11,7,6,4,7,4,5,3,5,5,4,10,1,10,8,2,4,4,4,3,9,2,4,2,9,7,6,3,1,7,4,2,6,2,7,2,3,8,5,2,8,9,5,1,9,6,1,6,6,5,1,5,3,4,3,3,4,2,7,4,3,4,4,3,3,4,3,6,4,4,10,3,4,6,6,4,6,2,5,3,1,1,2,4,5,0,3,9,5,8,7,7,4,3,4,3,4,7,5,0,5,4,6,0,7,4,3,4,4,7,8,1,3,9,6,1,9,6,1,9,6,5,5,6,6,5,7,4,9,4,5,5,5,6,6,5,4,4,5,2,6,3,6,4,7,3,3,7,4,6,3,4,7,5,3,4,3,6,5,1,7,5,6,3,4,2,5,7,4,6,3,3,7,2,8,2,14,8,4,5,4,6,3,1,4,6,7,2,2,0,8,4,2,2,4,2,4,5,6,5,6,3,8,2,4,4,3,4,5,6,9,5,8,0,8,7,3,8,7,4,3,3,3,4,5,6,4,2,4,5,6,2,4,6,5,6,8,2,7,4,6,5,8,4,3,9,6,9,7,4,5,2,9,4,6,9,4,5,4,8,7,3,6,2,2,5,6,3,5,6,6,3,8,6,8,5,6,7,3,10,9,4,5,5,6,1,6,6,7,6,3,4,4,1,9,6,6,7,4,6,2,7,5,5,7,5,3,7,4,2,2,6,3,6,5,8,3,7,7,5,0,3,7,6,4,3,4,5,5,4,4,6,4,3,10,8,5,5,3,3,7,6,7,4,7,6,6,5,7,9,4,2,4,3,5,4,6,5,7,6,5,6,10,8,3,10,7,10,5,6,5,4,6,2,7,5,5,3,3,2,5,6,5,7,5,0,5,5,1,4,3,3,12,4,5,8,5,0,2,6,4,4,7,3,7,2,2,4,4,8,3,9,1,3,8,6,5,3,3,3,4,5,9,3,2,8,7,4,8,4,5,5,4,6,3,4,5,5,6,0,6,0,3,5,6,3,4,4,6,2,2,4,5,1,6,3,7,5,5,3,3,6,5,6,2,4,6,6,4,4,7,7,7,3,2,3,7,3,3,6,6,3,9,3,7,2,7,7,2,2,4,5,3,6,3,4,5,1,6,6,5,5,1,3,3,6,7,4,4,3,5,5,2,3,7,7,5,5,4,6,8,2,8,5,4,6,3,9,1,3,4,4,7,4,7,4,6,9,4,1,6,4,6,3,4,6,4,3,8,6,6,6,9,5,12,3,3,6,5,5,7,4,5,3,3,4,8,7,1,5,7,2,4,4,2,7,4,3,5,2,0,7,6,7,6,3,0,5,5,2,10,6,10,8,6,9,4,6,9,2,4,2,5,6,5,4,4,4,1,4,5,4,7,5,6,5,4,3,5,6,6,5,7,5,5,6,2,5,4,0,1,4,2,4,8,4,6,1,5,2,4,2,4,6,5,7,2,3,9,6,7,4,4,5,4,7,4,3,7,8,3,4,7,2,5,8,6,2,7,2,3,3,5,7,4,4,1,5,9,7,6,6,3,5,3,3,4,6,9,7,10,4,6,6,5,3,3,9,7,7,5,4,6,9,6,5,6,3,5,4,5,3,6,3,4,3,6,4,5,8,4,6,2,0,2,2,6,3,9,6,4,0,3,5,7,3,4,7,4,4,8,7,3,3,4,6,7,2,5,8,11,5,6,3,8,5,4,5,4,3,9,5,7,6,8,9,4,5,4,4,3,9,5,4,4,4,2,0,4,5,4,3,5,5,6,0,7,11,8,1,6,2,3,4,3,7,8,7,6,7,6,5,5,3,6,3,9,4,2,2,0,3,2,6,3,9,6,3,6,8,9,3,8,7,8,7,7,2,5,3,4,7,5,9,8,8,3,4,4,6,4,3,6,6,2,10,0,6,2,7,1,2,5,7,4,3,5,6,5,5,4,6,7,6,3,6,3,6,6,1,3,6,3,2,2,2,4,7,5,5,4.85,9.18882221094368,0.511177789056316
3,7,5,1,6,2,6,2,3,5,5,6,5,4,8,6,9,12,7,3,11,1,4,5,5,3,4,8,3,4,9,2,10,5,2,5,3,5,5,7,5,8,4,11,6,3,1,7,2,2,5,13,3,3,9,4,3,3,7,7,4,4,4,5,4,7,5,4,7,3,3,5,5,4,6,4,3,5,7,3,4,7,4,4,4,1,5,5,5,4,5,2,5,8,2,7,5,3,6,2,2,7,5,4,5,5,7,7,4,4,2,5,8,3,8,6,7,8,4,3,3,2,3,2,2,4,7,6,6,2,5,6,5,3,5,1,4,4,9,8,3,4,5,2,7,4,9,7,4,4,1,9,4,3,6,1,6,7,5,2,6,2,4,4,5,4,5,7,4,4,4,1,4,4,6,6,3,6,6,5,1,3,4,8,3,3,2,4,6,2,4,2,6,2,2,6,5,3,6,2,5,11,8,6,11,4,5,5,3,3,5,5,4,2,8,2,8,6,5,4,3,7,6,5,7,5,4,5,2,5,4,3,7,5,2,5,7,6,7,6,4,2,13,5,10,2,7,6,5,8,5,2,8,4,7,9,3,4,0,2,4,3,4,5,2,4,4,3,3,4,6,7,9,5,4,3,4,3,3,3,2,3,2,4,5,8,4,1,7,6,6,6,4,0,3,3,5,8,8,6,2,6,5,2,3,10,4,6,8,4,3,2,6,5,3,4,4,5,5,3,8,5,7,2,2,4,7,5,8,8,7,3,8,4,9,5,2,3,4,5,3,3,3,5,2,4,2,6,5,6,4,5,3,5,3,8,8,3,2,5,5,2,4,5,5,8,3,4,9,3,6,10,4,3,2,9,4,5,1,7,7,2,3,1,1,5,6,3,5,3,7,1,10,5,7,3,3,4,5,5,4,6,1,4,6,2,5,5,7,3,5,7,5,4,8,3,6,6,6,4,6,5,3,4,7,1,6,3,5,7,2,5,4,1,5,2,5,4,2,3,4,5,4,3,6,2,5,3,6,9,1,3,5,7,5,7,4,2,4,2,4,6,4,4,7,3,3,4,4,2,7,8,5,7,6,5,1,8,6,4,8,6,4,4,10,8,2,7,4,1,2,8,7,4,5,5,5,3,6,7,6,4,2,7,4,5,0,4,6,9,4,3,5,6,6,4,4,5,2,4,4,4,4,6,4,6,5,8,6,3,4,3,6,1,4,5,4,7,4,4,3,6,5,3,7,6,3,7,9,6,6,3,2,7,4,2,8,6,4,1,9,8,9,3,1,4,5,8,4,3,10,5,5,5,4,9,6,5,4,3,4,5,6,6,5,5,7,5,4,8,6,5,6,6,8,7,5,4,5,9,5,5,5,3,6,7,5,5,5,5,5,5,5,4,2,6,7,5,5,6,5,3,10,3,6,2,9,5,5,5,6,2,4,3,2,7,8,11,3,2,2,4,6,6,7,6,4,8,2,2,1,4,5,7,8,5,7,5,3,5,6,6,4,6,9,9,5,5,2,6,4,4,3,5,4,6,4,7,3,6,2,2,3,7,3,3,6,7,4,3,5,4,4,6,4,4,5,5,5,4,4,5,4,7,2,8,6,6,7,3,5,5,5,1,5,10,4,5,2,6,4,6,5,4,4,3,2,1,11,5,8,4,2,3,8,4,2,6,5,8,2,1,4,6,7,6,3,3,5,9,6,5,0,3,8,7,4,5,8,9,4,11,5,10,4,6,2,4,11,6,3,4,2,1,5,8,6,9,7,3,6,4,6,3,3,4,4,2,6,5,6,5,3,0,7,4,6,4,3,5,6,6,6,4,4,5,2,5,4,7,3,6,2,4,6,5,3,6,6,6,0,6,6,5,4,6,8,1,5,6,4,4,6,6,2,8,8,2,7,5,7,6,8,7,5,4,10,6,4,6,9,3,5,3,10,9,5,5,5,7,9,3,5,5,7,6,5,4,6,7,8,2,6,5,6,10,6,2,3,8,5,5,1,8,9,8,3,4,3,7,2,6,5,1,5,5,5,9,7,3,5,6,2,2,8,2,4,5,4,10,11,6,3,4,4,5,5,6,4,5,2,4,4,3,9,9,3,10,1,7,2,6,3,1,5,6,6,6,8,2,7,6,6,4,4,7,6,2,1,6,2,4,4,6,7,5,5,7,4,4,6,11,4,3,5,6,4,3,8,2,3,3,5,8,6,5,11,6,5,2,5,2,3,2,5,2,4,4,3,3,10,7,4,3,1,7,2,5,12,7,4.878,9.19799916879835,0.558000831201648
10,6,1,6,4,5,4,4,1,5,5,5,3,4,7,2,5,4,3,5,10,5,7,4,7,3,6,1,5,3,5,4,5,6,6,1,4,7,5,3,5,2,8,5,10,2,8,5,3,7,8,6,5,9,5,4,6,1,3,5,7,3,4,8,4,4,6,6,6,1,2,7,6,7,5,2,3,3,7,4,2,6,5,3,3,1,6,8,4,3,2,5,3,4,4,2,6,4,7,1,5,9,2,7,2,3,4,8,3,1,6,4,6,5,2,6,3,2,8,5,11,6,2,10,6,9,5,3,3,6,5,4,7,3,3,5,9,4,7,5,2,3,6,9,7,9,5,4,4,3,6,5,13,4,7,1,5,5,4,6,2,2,7,3,3,4,2,6,4,6,5,1,9,7,4,3,5,3,4,4,7,3,0,6,9,4,2,2,1,2,5,2,6,5,3,6,8,6,4,6,2,4,8,8,5,3,8,4,6,6,7,5,1,3,5,3,3,1,1,5,4,4,3,5,0,4,6,1,4,6,7,3,4,2,4,7,2,5,5,2,4,2,5,5,3,1,4,7,7,2,7,5,7,4,5,3,2,2,5,2,5,3,1,6,7,0,1,7,2,11,5,3,9,4,1,5,4,4,5,1,5,8,5,11,4,2,2,5,3,4,4,9,1,4,2,6,7,10,6,4,2,8,2,4,6,6,2,3,2,2,3,8,9,5,3,7,2,3,10,4,4,4,6,4,5,5,8,3,2,7,4,0,3,4,3,9,4,4,4,4,2,7,5,8,5,4,3,4,4,6,8,9,8,1,6,5,4,4,4,7,2,2,6,3,2,4,5,6,7,5,6,3,3,5,2,5,4,2,5,1,7,8,6,6,3,5,7,3,6,4,4,6,5,13,8,4,4,3,4,6,3,3,0,2,8,8,2,7,8,7,10,8,4,1,7,0,6,3,0,2,3,5,1,2,7,5,5,7,4,2,5,6,5,6,6,9,6,1,9,4,7,7,2,6,5,8,6,6,6,6,5,4,7,7,2,6,4,4,4,2,0,3,5,2,3,8,3,5,3,4,8,4,4,5,7,5,5,5,5,2,4,4,2,1,3,4,5,2,3,2,7,4,11,4,8,2,6,0,5,5,2,1,9,9,6,4,3,3,0,6,6,3,5,3,3,2,2,3,9,6,8,8,3,6,6,6,6,2,6,2,5,2,6,8,2,4,2,9,3,4,5,4,4,5,5,6,5,5,2,3,1,7,3,3,3,1,7,10,7,3,4,4,4,5,8,9,5,3,9,3,7,4,1,4,4,4,1,1,7,2,1,7,5,7,5,5,6,3,6,4,2,7,4,5,5,6,10,3,4,4,7,3,5,7,6,9,2,4,2,7,5,3,5,5,3,1,3,3,7,3,5,7,0,5,1,3,5,6,1,6,1,0,5,5,8,4,2,5,3,1,2,5,4,4,9,4,7,6,6,4,5,4,7,3,6,6,4,5,8,4,1,6,6,4,4,4,4,7,7,5,7,4,5,3,6,6,5,6,4,2,7,9,4,6,5,4,3,6,6,1,6,5,4,3,0,8,5,4,11,6,6,4,5,4,2,4,6,2,2,3,5,4,6,2,3,6,3,5,3,4,10,2,4,7,6,5,1,5,8,5,5,8,1,2,6,4,3,3,2,5,4,4,0,7,2,7,4,4,4,5,2,2,3,2,5,5,6,5,5,6,4,2,5,2,5,4,6,3,5,5,7,10,2,7,6,4,2,5,7,4,4,4,7,4,6,10,3,3,2,5,3,2,8,5,7,0,2,5,5,4,4,5,8,6,3,8,2,5,6,6,2,4,3,3,8,3,6,4,5,8,3,4,8,3,6,8,2,6,2,5,8,10,9,5,6,7,6,9,2,6,4,5,4,1,5,3,6,11,5,6,6,9,5,10,4,9,5,4,4,1,7,11,8,5,3,5,3,6,5,5,4,8,6,2,4,3,9,5,8,6,5,5,9,5,2,8,3,7,4,3,6,6,7,5,5,1,3,5,4,2,8,3,5,5,5,3,9,4,2,3,3,4,4,3,1,1,3,3,7,5,5,8,9,3,4,6,7,4,1,5,8,4,4,1,5,6,4,3,3,5,8,5,7,3,4,6,5,1,3,4,6,1,7,2,7,1,3,4,2,4,10,9,4,3,5,6,4,2,2,4,9,4,5,5,3,7,4,4,4,5,5,4,4,4,3,8,6,5,3,5,3,4,3,5,3,5,3,5,2,6,4.65,9.06786807842408,0.232131921575926
6,6,4,5,8,3,4,5,2,5,3,8,1,5,6,5,2,5,3,2,11,4,8,5,2,2,4,3,6,5,1,7,2,6,5,5,5,5,6,5,3,0,2,6,2,5,4,5,4,5,2,5,6,2,5,3,9,6,5,6,8,1,2,3,8,2,4,3,6,4,1,4,1,4,5,10,3,3,6,3,7,3,5,2,5,2,6,5,2,5,3,4,3,9,3,6,3,4,5,5,3,4,2,3,4,6,4,7,4,4,6,4,5,4,7,1,13,7,5,5,14,4,3,0,6,3,5,6,8,3,4,6,7,7,11,4,8,6,6,5,7,2,6,1,8,3,5,4,2,10,3,6,6,8,6,2,3,5,4,7,5,6,7,5,2,3,3,5,6,5,6,3,5,3,5,6,8,5,8,5,4,6,2,6,7,0,3,7,5,7,3,4,4,6,4,6,1,4,6,4,11,7,5,2,4,4,5,6,7,6,4,10,7,5,3,5,7,5,4,7,2,2,6,5,4,4,8,3,5,5,1,6,5,7,4,5,3,7,5,3,4,7,3,9,6,5,7,4,2,4,5,8,7,4,6,5,5,1,5,1,9,2,3,6,5,5,8,4,7,5,4,7,5,3,5,3,3,2,4,3,9,4,9,3,2,5,5,4,5,5,3,5,4,1,10,6,10,8,4,3,3,3,6,5,5,11,2,6,1,7,6,2,6,3,4,3,7,5,6,7,7,8,5,6,2,5,6,7,5,7,6,4,7,5,9,5,3,7,4,4,3,3,2,5,6,8,3,5,4,3,4,4,1,6,2,3,6,2,3,5,8,5,4,3,4,1,5,6,9,6,6,2,5,1,4,8,3,4,3,3,6,1,5,4,3,8,2,12,1,2,5,4,8,5,5,7,4,3,2,3,3,1,2,5,4,8,4,5,7,7,4,5,1,5,9,2,5,3,4,7,6,4,5,5,4,9,5,3,4,1,3,3,3,6,5,6,5,5,4,8,5,5,8,2,2,4,3,3,2,3,6,3,6,3,9,6,4,1,4,5,3,6,5,3,5,5,4,6,5,5,4,1,6,6,1,6,1,6,4,7,10,10,9,2,4,7,4,3,3,2,6,7,4,3,4,4,8,11,5,5,5,0,4,8,9,6,3,7,3,8,0,7,8,4,5,4,4,2,4,4,5,2,8,8,6,1,5,6,1,0,2,10,6,3,5,3,2,5,2,2,3,6,5,3,2,7,6,7,12,4,6,3,3,8,7,10,2,3,7,5,6,2,4,8,2,5,4,4,11,5,4,3,7,4,3,3,4,5,7,8,4,9,4,6,3,6,8,8,5,2,4,7,8,2,4,5,10,2,5,11,7,2,3,5,9,7,7,4,1,3,2,3,5,9,3,8,4,7,2,6,5,2,8,4,7,3,11,5,9,6,2,5,2,2,6,7,4,6,6,6,6,2,8,5,1,7,4,4,5,0,5,6,5,6,6,5,5,8,4,3,6,4,5,2,4,7,3,7,4,4,9,7,4,5,5,4,3,6,5,6,5,4,4,4,9,6,7,4,3,10,10,2,3,4,4,8,3,4,7,3,2,3,5,3,3,6,5,4,5,3,5,2,4,4,5,3,10,3,6,4,1,4,4,2,6,4,3,2,3,3,6,7,2,2,6,5,4,10,11,7,5,4,5,10,5,3,3,3,6,4,3,2,3,8,6,1,8,3,11,8,1,2,3,2,3,5,3,4,4,4,5,3,10,7,6,5,6,3,7,7,4,3,5,3,6,7,6,4,2,4,4,8,5,5,6,2,6,10,2,7,4,4,6,3,2,6,4,5,7,8,5,3,5,6,7,4,7,12,7,3,5,2,3,6,5,8,6,7,3,5,8,6,8,6,4,7,4,8,5,6,3,5,6,3,5,7,5,5,6,3,7,8,2,3,5,13,5,7,3,4,8,6,1,6,6,3,8,5,5,10,2,3,5,2,8,7,3,8,8,4,6,3,9,3,3,7,1,6,6,1,5,1,9,4,3,5,7,3,6,2,7,3,5,5,3,4,4,7,7,1,4,4,8,1,6,10,5,5,6,6,9,4,7,2,3,5,6,1,4,1,2,15,4,4,2,8,1,5,6,8,1,2,6,6,6,6,4,4,4,9,1,3,3,3,5,6,4,3,4,3,4,1,4,4,3,6,4,2,9,7,5,4,5,8,4,6,9,5,4,8,1,3,3,7,5,5,2,2,5,1,2,1,1,6,4,3,3,7,2,3,4.816,9.32119864214723,0.310801357852766
5,5,5,7,4,7,5,1,8,4,3,2,5,12,4,7,5,7,6,5,6,1,9,3,4,8,5,4,2,4,2,7,2,5,3,3,3,5,6,7,7,10,7,1,5,7,3,6,4,5,5,7,4,8,3,7,7,2,5,5,5,7,3,4,7,4,6,9,5,3,6,6,4,2,6,9,1,5,7,6,5,3,1,7,8,5,1,6,2,3,2,4,5,5,3,6,0,9,2,5,6,2,4,8,5,4,3,6,3,7,5,1,4,2,7,3,6,3,2,7,7,3,5,3,2,3,6,8,10,2,5,10,3,10,3,5,3,7,3,4,7,4,6,5,8,4,4,4,5,6,5,4,6,4,7,5,12,6,5,4,4,4,3,8,4,2,4,2,7,1,7,2,4,5,3,7,6,5,7,8,3,8,2,0,3,7,4,5,8,5,4,5,5,5,3,3,7,2,5,3,5,8,11,4,5,5,4,3,9,2,5,3,8,3,6,4,4,3,6,4,4,9,5,2,5,5,4,5,3,11,3,4,4,6,7,6,4,0,5,6,4,6,4,6,4,4,5,4,6,7,6,1,6,4,6,2,9,3,2,3,7,1,4,3,8,6,4,9,4,6,8,5,12,4,2,8,1,6,9,4,4,2,10,9,5,2,4,5,4,4,6,4,2,3,6,5,6,4,4,9,4,9,2,6,4,5,4,4,6,4,5,4,3,0,1,2,5,5,7,4,6,3,6,3,5,6,7,6,4,7,3,6,6,4,4,7,8,11,3,6,3,4,6,0,6,6,1,4,6,15,2,2,5,7,7,8,4,7,4,4,6,2,4,4,4,6,2,6,6,4,7,3,6,4,8,6,4,4,6,7,4,8,9,5,3,5,8,1,8,5,4,8,5,8,7,4,3,5,7,6,5,7,4,6,7,1,2,1,10,5,4,4,3,8,6,11,4,9,7,4,2,3,2,3,6,1,1,1,8,5,4,9,7,5,7,3,5,7,3,6,2,7,3,6,8,8,4,10,5,6,6,3,4,11,7,2,3,4,4,3,6,3,5,3,11,8,2,5,4,3,9,4,6,5,4,7,2,3,4,5,5,7,7,3,5,10,3,2,3,8,4,7,7,5,3,6,1,8,7,3,8,0,6,5,10,5,6,5,7,3,8,0,5,7,3,5,5,4,6,3,5,3,4,2,11,3,8,2,3,3,3,1,6,4,2,6,5,2,3,7,8,3,8,4,5,11,6,6,5,2,6,5,5,5,1,4,6,3,7,6,6,4,3,5,6,1,3,3,10,5,6,7,6,3,7,5,5,9,6,3,5,5,5,6,6,2,3,4,3,3,6,6,3,2,7,6,4,8,4,5,3,3,0,7,7,5,4,4,4,10,5,7,7,8,6,4,5,5,10,4,3,3,5,5,4,4,3,4,1,3,8,4,3,9,4,6,2,8,6,7,3,3,11,4,4,6,7,5,5,7,3,5,2,3,7,4,5,4,4,7,5,4,6,7,4,2,6,3,7,7,5,4,4,1,6,6,5,4,6,1,5,5,4,12,2,4,5,4,4,1,6,3,4,6,4,7,3,8,5,5,1,4,7,9,5,10,5,4,5,6,4,2,5,5,5,11,3,3,7,6,3,4,5,7,5,8,3,2,6,5,4,5,6,3,5,5,7,5,9,5,8,4,7,2,6,4,5,4,13,7,3,2,4,6,3,6,3,2,6,3,5,6,4,5,6,7,0,6,4,6,5,2,8,4,4,5,7,2,8,9,5,2,8,3,10,4,2,5,4,3,7,2,11,4,6,8,7,7,6,8,5,3,5,5,1,2,6,4,3,8,4,4,5,7,1,3,6,7,6,3,3,7,7,4,2,8,4,5,6,4,3,7,5,0,3,3,3,6,2,4,7,7,4,4,3,4,3,4,5,3,4,4,5,3,9,6,6,7,3,12,5,9,3,8,6,4,5,8,5,5,5,3,4,6,7,7,7,3,4,5,8,3,5,5,6,10,5,5,7,3,3,2,8,5,5,6,6,2,9,2,13,4,2,4,3,2,5,11,4,7,4,2,4,1,4,5,3,7,6,8,2,7,5,4,9,4,3,4,3,6,3,4,2,4,6,6,3,4,7,8,4,3,6,8,5,6,3,3,1,1,4,8,6,9,8,6,5,8,9,7,6,4,7,6,6,5,2,5,5,4,3,1,5,9,5,3,6,3,7,5,3,5,2,3,1,4,6,1,6,4,11,3,3,4,5,6,6,1,2,4,4.954,9.41448076591113,0.493519234088872
4,5,2,4,6,9,5,8,5,1,8,6,2,3,3,7,9,11,7,3,6,6,5,6,6,4,2,3,10,3,13,4,8,3,1,4,5,3,5,4,3,9,5,7,6,7,4,9,6,5,3,6,5,7,4,5,3,2,6,9,5,3,11,8,9,4,7,5,8,5,4,6,1,1,6,3,7,3,6,2,3,5,7,7,8,3,8,5,3,4,3,3,5,8,2,5,5,3,4,2,3,10,9,8,3,3,6,4,6,1,4,2,4,5,7,3,6,7,6,8,11,5,4,3,5,6,5,6,4,5,7,3,6,3,7,1,8,5,7,4,6,1,7,3,8,4,3,5,5,5,4,6,4,8,7,1,3,6,12,2,7,6,3,2,2,0,6,8,2,3,7,7,7,3,4,5,3,5,8,5,6,4,2,10,4,1,3,3,5,2,10,4,3,6,7,4,8,7,6,1,3,7,2,5,4,3,4,5,6,12,1,5,5,10,7,3,4,8,5,3,7,2,5,1,5,4,3,4,7,2,3,4,6,5,4,10,6,5,5,6,7,6,7,3,7,8,5,5,7,3,6,2,3,4,3,2,3,5,2,0,6,6,3,6,8,5,5,5,6,5,2,9,5,8,9,6,5,4,4,1,12,6,4,5,2,6,3,3,4,7,5,3,7,5,6,4,6,10,7,8,2,7,6,4,4,7,6,5,5,4,5,3,3,5,5,2,5,6,6,3,10,4,3,2,4,4,4,3,4,4,4,3,8,2,5,6,2,2,7,3,3,6,0,6,14,6,7,5,6,6,2,5,4,5,5,4,4,7,3,4,5,7,7,6,7,8,4,5,3,7,7,12,3,5,1,5,10,7,5,2,4,5,5,5,1,3,4,2,12,1,5,6,4,2,7,2,5,11,5,5,6,3,1,3,5,6,4,3,2,2,1,7,5,7,2,8,6,11,4,4,4,4,6,4,9,4,4,6,4,7,0,3,7,4,3,5,4,7,3,6,6,4,3,5,7,5,6,3,7,6,4,4,7,7,7,5,4,2,5,4,4,0,5,3,4,4,2,4,4,4,5,7,2,4,4,5,4,4,5,8,7,3,4,8,7,7,6,2,6,1,2,6,9,6,4,6,4,4,6,6,5,7,3,3,5,5,5,3,4,3,5,3,6,1,4,4,3,3,4,4,6,2,5,9,7,5,2,5,2,4,5,2,1,4,4,3,5,4,10,6,7,6,6,3,5,7,3,10,9,4,2,5,6,4,5,2,6,4,5,9,1,2,7,7,7,7,7,5,3,1,7,4,5,6,6,3,1,6,4,3,2,5,4,8,2,5,5,2,6,5,7,4,4,5,1,5,4,5,4,7,10,6,8,7,8,4,9,5,3,2,3,4,1,4,3,4,7,5,3,2,5,8,2,10,4,11,3,6,10,6,8,5,7,3,5,6,7,6,3,7,2,7,11,6,7,3,2,7,6,2,4,8,5,7,5,7,5,6,2,6,3,6,4,6,7,7,5,5,8,8,1,6,3,4,4,4,2,7,2,3,7,7,8,7,4,5,3,4,5,3,8,2,5,4,4,8,5,1,7,7,5,5,4,4,6,6,6,4,5,4,4,8,5,6,10,7,5,1,2,4,4,3,2,7,5,1,9,7,5,4,7,3,4,7,2,7,5,10,6,4,5,0,6,7,3,3,10,3,7,9,2,3,2,6,5,1,8,3,7,5,2,4,3,2,5,11,3,4,6,2,5,3,2,3,5,5,6,10,6,6,6,5,10,2,1,8,8,8,4,2,3,4,6,0,5,6,2,4,4,5,4,9,11,4,4,5,3,7,8,4,4,4,6,3,5,1,5,3,7,2,3,4,8,5,4,2,5,4,4,1,5,5,2,6,4,2,11,6,0,8,4,8,9,4,4,4,7,6,3,6,1,4,7,3,5,5,6,1,7,4,6,5,4,6,4,5,3,3,4,4,6,5,4,7,8,10,6,1,4,1,7,6,6,3,5,7,4,7,3,7,3,5,6,5,4,5,6,7,4,2,3,3,3,6,4,4,5,8,5,5,5,8,5,5,3,0,3,4,3,4,1,1,6,5,6,2,6,3,2,10,6,5,8,2,4,6,1,7,2,3,4,2,8,5,4,5,5,1,4,4,5,4,7,4,5,6,5,6,4,4,4,7,5,2,3,1,2,3,5,4,5,3,7,4,4,3,2,5,7,6,5,6,2,1,2,2,6,9,9,3,5,3,1,3,4,3,1,7,3,10,4.868,9.32619212670772,0.409807873292282
4,7,5,5,10,4,3,5,3,5,6,5,7,8,7,2,3,6,4,5,4,3,2,8,4,3,5,4,7,2,9,3,4,3,5,10,1,8,11,4,7,6,10,6,8,6,3,6,6,4,5,8,6,9,9,5,6,0,3,3,7,8,6,4,7,2,4,3,5,2,6,9,5,3,5,3,9,8,6,9,5,7,5,3,6,3,7,6,4,9,4,1,3,6,4,4,6,5,4,4,5,5,5,10,4,7,9,4,4,4,3,2,4,4,7,4,2,10,7,5,10,6,5,10,4,4,7,7,3,4,2,6,9,4,5,3,1,5,5,7,7,5,5,6,5,6,7,5,5,4,5,8,9,4,4,4,10,4,3,8,6,6,4,4,5,7,4,6,3,2,4,1,6,9,4,2,6,7,3,9,4,3,5,5,6,4,6,13,3,3,7,4,7,3,3,2,3,5,4,5,4,2,4,8,6,5,5,10,3,7,3,7,1,6,3,7,3,5,3,5,5,8,6,3,5,3,3,7,4,6,4,5,2,3,4,4,8,3,7,3,1,3,7,11,7,4,3,3,5,6,5,4,2,8,4,5,4,7,2,4,3,4,2,5,5,5,7,3,4,8,5,8,1,6,6,4,5,4,4,5,7,6,5,3,2,2,4,6,7,3,7,2,3,4,2,2,9,6,3,7,5,3,5,8,3,6,7,4,4,9,4,10,7,6,4,4,8,3,6,4,4,6,3,6,5,6,3,6,14,4,7,3,8,6,6,6,4,3,4,3,3,4,7,11,1,3,3,5,4,4,6,10,5,4,3,6,4,2,5,2,4,4,5,3,7,4,4,4,8,6,4,1,5,5,2,6,7,8,3,5,8,4,6,4,3,5,8,4,6,3,5,8,3,5,7,5,6,4,4,4,5,2,3,3,7,7,1,6,5,3,6,9,3,8,0,2,1,1,4,4,4,6,4,1,7,8,6,6,3,4,4,7,4,5,7,6,4,1,6,5,2,8,6,9,5,9,3,8,6,5,4,5,6,7,8,3,5,3,5,4,3,3,2,4,5,4,5,7,1,6,3,6,7,7,6,4,7,3,8,8,6,2,9,4,7,6,5,7,4,4,4,8,9,2,6,2,5,4,4,5,3,2,6,5,5,5,6,4,3,8,6,4,4,4,3,4,3,0,5,4,4,1,5,11,12,6,7,6,1,1,13,6,4,3,5,11,3,8,4,5,8,5,6,5,4,7,9,8,4,3,7,2,5,6,2,5,11,7,5,2,11,7,5,5,2,4,11,8,8,4,4,5,14,3,3,4,4,4,2,5,2,4,4,7,3,4,5,3,6,6,5,5,6,4,2,3,6,6,7,4,8,7,7,4,5,5,6,6,5,4,8,9,5,8,3,4,4,5,7,6,5,9,8,2,0,3,7,9,4,4,7,7,7,5,10,2,4,7,4,5,2,2,2,4,8,2,5,8,7,11,5,3,6,4,9,3,1,3,5,8,3,3,6,7,8,6,6,5,7,6,12,4,2,4,7,3,2,5,5,3,3,4,6,10,7,10,4,8,7,4,9,4,4,4,5,4,8,4,5,2,4,4,7,3,5,4,5,3,6,5,7,5,6,3,4,4,2,4,1,5,7,6,5,7,7,5,6,5,7,5,10,2,0,2,5,5,3,4,7,7,6,4,7,7,4,7,4,2,1,5,6,2,6,6,3,5,5,7,5,8,3,7,4,5,4,2,3,2,6,8,6,6,8,5,3,9,7,3,7,9,8,5,9,4,4,6,4,5,8,6,3,5,5,3,5,5,3,9,3,8,2,8,8,3,3,3,5,5,9,10,3,6,2,3,5,5,2,10,7,7,0,2,7,4,7,8,7,4,5,7,6,9,8,5,3,6,5,1,3,4,7,8,2,7,2,3,3,6,4,3,12,3,3,6,12,4,7,6,6,4,6,6,5,2,9,4,8,6,4,10,4,8,7,4,5,1,4,3,2,7,6,5,9,4,5,6,7,3,4,9,7,7,5,8,4,10,5,7,2,5,4,5,8,11,4,2,7,4,6,2,5,1,4,3,4,6,2,5,3,2,5,11,5,1,4,1,3,7,4,4,9,7,5,7,5,3,3,4,3,8,2,8,8,4,1,9,5,1,2,7,2,4,6,5,5,2,1,4,3,5,5,7,3,6,2,4,5,6,7,3,2,6,8,8,4,5,6,3,8,6,4,6,6,7,6,3,6,2,3,8,5,6,4,4,3,5,4,6,7,8,5.09,9.55221155616495,0.627788443835052
4,8,2,5,4,5,3,1,5,3,7,6,5,3,5,8,8,11,5,6,7,9,7,5,9,8,5,4,2,3,4,4,2,4,7,7,9,7,5,6,6,6,5,7,3,4,5,5,7,8,7,5,8,2,2,9,5,5,3,4,2,7,2,8,5,7,8,5,5,6,3,8,5,3,9,2,7,5,10,2,6,5,5,4,6,5,5,6,5,3,7,2,2,1,6,6,3,2,4,4,1,6,4,4,3,6,6,10,2,4,8,10,7,9,5,4,6,10,7,2,10,4,4,5,7,1,9,3,5,6,1,8,8,2,8,7,4,7,7,5,2,8,7,5,2,6,6,5,2,7,3,8,6,8,7,4,4,7,4,5,4,5,3,1,2,1,6,4,2,7,2,7,6,7,5,7,7,9,5,5,6,4,3,4,5,3,4,6,1,9,4,2,8,4,3,4,4,8,3,6,7,2,4,3,5,6,6,3,6,4,4,8,8,2,5,2,8,6,6,3,2,3,5,5,2,5,2,5,5,5,2,3,4,3,3,2,11,5,6,3,6,3,7,10,4,4,7,7,3,5,10,3,8,7,3,2,6,6,3,5,9,7,5,4,9,4,10,10,7,4,7,4,8,4,2,5,2,3,7,5,2,5,6,7,3,4,8,6,5,4,3,5,2,6,3,4,8,12,3,6,8,5,5,6,4,5,7,7,6,1,5,2,3,3,6,7,5,2,3,4,4,8,6,4,3,9,6,7,5,9,7,4,4,3,7,5,3,3,3,5,7,5,2,5,3,3,4,5,3,2,3,6,7,4,3,6,6,4,1,6,6,3,3,6,1,6,4,1,7,4,8,7,7,7,7,5,2,4,7,4,3,5,5,8,5,5,6,4,2,2,2,5,1,8,3,5,4,6,8,4,4,0,4,5,3,6,6,6,6,3,3,4,5,3,10,5,3,6,5,5,5,6,3,5,6,5,5,6,5,6,3,5,8,4,7,9,5,2,5,8,0,6,3,5,3,6,3,5,6,1,6,13,7,7,1,4,1,7,4,3,6,7,5,4,4,2,6,5,6,7,7,7,4,9,3,6,3,4,6,3,5,12,5,7,6,8,7,5,2,2,5,6,9,5,4,3,3,6,8,5,9,2,8,6,7,7,2,3,5,9,5,5,4,8,3,8,11,0,7,5,4,3,4,7,7,7,7,3,7,5,6,3,6,4,4,8,4,6,3,3,6,9,4,9,6,4,5,10,5,4,5,7,6,3,4,4,6,8,3,6,9,3,5,6,8,3,6,5,1,7,3,5,9,4,4,7,6,6,5,7,7,8,9,5,11,10,6,9,8,6,3,3,3,11,7,4,10,2,5,7,4,4,7,7,9,4,7,4,2,9,7,7,3,5,8,4,7,3,4,2,2,3,3,4,5,5,4,7,3,5,3,2,5,8,4,7,3,6,4,7,1,3,8,6,6,10,5,6,5,4,8,6,7,7,2,7,7,3,8,7,5,7,4,3,3,5,6,7,6,3,6,4,9,6,4,5,5,6,8,3,9,6,6,9,5,1,8,5,4,6,9,3,5,8,3,6,7,5,3,3,8,5,3,6,2,4,7,3,3,3,4,11,6,2,8,5,6,4,2,2,2,5,5,4,5,6,4,3,6,5,3,5,10,2,5,9,7,4,6,6,8,6,6,5,8,1,5,6,4,6,3,5,0,8,5,4,5,1,11,4,2,2,7,3,4,4,6,4,4,4,4,11,9,8,8,3,3,3,7,6,9,4,6,2,7,4,3,10,4,0,4,3,10,7,10,5,9,2,8,5,7,7,3,5,3,8,10,8,7,5,6,6,3,5,3,5,6,4,7,5,5,7,3,5,7,8,5,4,2,7,5,5,10,3,8,6,3,2,3,6,6,1,6,6,12,3,6,5,4,5,9,2,13,4,8,2,3,3,4,6,2,3,4,5,5,3,8,5,2,4,5,5,3,2,4,8,3,10,8,8,5,4,1,4,3,5,4,2,4,5,4,6,5,4,8,3,6,1,6,7,7,2,5,3,10,6,6,6,6,9,5,6,4,6,7,6,7,6,9,9,3,7,8,6,6,4,4,4,2,2,4,5,3,3,6,4,3,5,4,7,5,2,3,7,7,8,5,6,1,8,6,1,5,10,4,2,4,5,4,6,5,3,10,8,3,6,1,6,4,11,2,6,4,4,2,9,6,5,8,8,7,3,3,7,4,7,6,5,4,5,3,6,2,6,6,10,3,6,7,9,5.18,9.62567783486517,0.734322165134833
6,6,6,9,10,2,5,2,3,5,6,2,5,6,4,6,3,5,7,6,2,4,3,2,8,3,6,6,6,4,3,7,5,3,4,9,6,4,11,6,8,5,9,4,6,9,5,6,3,2,4,6,5,12,11,7,10,1,4,6,8,1,6,5,7,2,2,6,7,1,5,7,5,7,2,7,7,7,5,3,5,7,2,7,9,7,4,7,6,4,5,5,1,10,6,6,4,2,4,3,6,5,6,10,7,5,5,6,6,4,7,4,4,1,8,7,10,1,3,4,4,3,8,4,3,5,3,7,3,1,9,3,7,9,3,3,4,6,7,3,2,5,8,2,7,6,5,8,5,6,3,11,3,5,6,3,4,8,4,5,4,3,3,5,2,3,4,3,5,3,2,6,5,3,3,5,4,11,9,4,5,7,2,4,3,2,5,2,6,4,4,3,4,3,9,5,3,4,1,5,4,5,5,6,2,4,5,4,7,6,6,3,3,10,5,4,6,3,6,5,7,5,4,7,5,5,7,3,8,6,6,6,4,7,3,4,4,4,3,8,5,3,8,9,0,6,7,2,10,5,5,1,5,3,7,4,3,1,4,2,10,5,5,5,8,7,6,6,9,3,5,3,4,2,5,11,2,4,8,5,4,5,6,5,6,5,6,8,9,4,3,5,3,6,6,8,2,10,5,4,2,3,3,3,6,5,3,6,3,5,9,6,6,3,7,4,8,9,4,8,5,3,3,7,5,3,4,2,5,4,4,6,7,4,5,2,2,4,4,5,4,3,4,5,4,6,3,6,5,4,5,6,6,8,7,8,10,10,2,3,5,5,8,5,4,4,6,6,5,5,3,5,1,6,4,3,2,3,2,3,5,7,4,5,4,5,1,4,6,1,4,8,3,6,8,8,10,5,4,4,9,1,5,3,6,10,6,3,8,9,2,7,5,7,3,5,7,8,2,2,4,5,5,2,4,6,4,1,4,6,10,6,7,5,5,6,6,2,7,1,3,6,4,4,5,6,6,1,5,6,8,6,5,5,4,7,4,2,3,5,3,2,3,3,8,11,5,3,7,3,6,8,5,8,2,6,4,7,4,3,10,2,4,4,7,6,6,4,8,5,8,7,5,6,4,9,4,6,8,10,3,5,5,4,7,6,2,5,5,4,0,3,4,3,5,3,4,7,3,5,8,4,1,4,10,6,11,3,0,3,7,4,4,5,6,4,4,5,5,3,6,3,5,8,3,12,9,6,3,2,3,2,6,4,8,7,8,1,7,5,8,5,3,12,3,4,7,5,8,3,4,7,8,6,5,5,6,9,5,4,4,7,5,5,6,8,4,5,6,6,4,4,4,3,4,8,5,0,13,7,8,5,4,6,6,10,6,7,3,5,11,4,3,8,7,5,4,3,4,10,2,4,4,4,5,5,4,4,4,8,5,3,6,2,6,3,9,5,4,6,2,4,5,3,6,7,2,3,6,9,5,4,3,6,8,5,5,4,6,11,4,5,4,3,5,3,7,2,8,5,6,4,7,1,3,4,5,7,10,7,5,6,5,5,5,6,4,7,7,6,4,7,4,8,4,10,5,6,4,3,10,2,4,4,6,4,7,7,7,4,5,4,5,9,4,9,6,3,1,2,3,0,4,9,7,8,3,5,5,4,7,5,3,5,6,3,2,7,9,4,3,6,3,5,3,4,3,1,6,6,1,1,6,4,9,3,7,4,3,6,1,5,4,4,6,5,1,6,4,1,7,5,4,5,4,5,5,10,4,6,4,3,9,6,4,5,4,3,6,3,6,2,10,4,7,1,7,7,6,10,6,6,6,4,5,7,8,4,2,2,2,9,8,10,2,4,1,5,13,2,4,3,5,7,6,6,5,2,9,8,6,3,4,4,5,6,5,9,2,3,5,6,1,3,9,7,7,9,7,5,2,10,7,6,3,6,5,8,4,6,7,4,7,14,7,2,7,2,11,5,5,5,8,4,4,4,4,0,5,5,8,5,8,4,4,1,6,6,6,5,5,4,7,6,4,1,6,7,6,4,7,4,6,7,3,3,4,4,3,8,2,3,13,4,7,5,2,5,5,6,3,4,4,5,5,6,2,3,3,6,1,7,6,5,6,5,2,6,8,5,7,5,6,4,5,5,4,1,5,4,5,9,4,2,5,7,4,7,5,6,6,4,5,4,3,5,5,2,7,7,7,7,8,9,5,7,9,4,3,4,3,6,3,5,4,4,3,1,6,5,8,4,2,7,3,6,2,6,6,3,5.088,9.5374199158078,0.638580084192197
7,3,5,10,5,10,8,3,1,6,4,2,5,6,7,4,4,3,5,6,5,6,6,6,6,2,7,5,3,1,6,6,5,8,8,3,5,8,2,4,6,5,6,6,6,7,4,11,2,4,2,5,4,6,6,4,7,5,4,2,4,5,10,2,13,6,4,5,6,8,5,3,1,4,10,4,6,4,9,6,5,3,7,6,3,4,4,4,3,2,3,7,5,4,8,8,5,8,4,4,5,5,4,8,9,3,9,7,3,8,7,5,2,9,8,7,7,4,5,4,12,7,4,3,5,3,5,5,9,4,2,6,3,5,6,4,8,5,6,7,4,5,8,2,10,4,9,8,2,4,5,4,5,3,5,2,6,4,3,3,5,7,4,4,2,5,7,5,3,3,6,9,4,7,4,5,5,3,9,5,7,3,4,4,5,7,2,11,9,3,5,6,3,5,7,6,6,8,8,3,5,10,5,4,5,1,7,4,9,7,10,7,7,4,9,3,6,6,2,2,9,6,8,3,5,3,6,8,7,7,3,6,7,2,3,6,8,3,9,4,2,4,2,7,2,5,10,3,7,5,10,4,5,7,6,3,7,3,4,7,8,2,8,2,7,3,6,3,6,3,4,7,6,10,6,9,7,0,6,4,14,3,5,6,7,4,1,4,7,10,6,1,2,2,4,8,6,5,5,2,3,9,4,5,6,9,2,8,2,11,5,5,2,5,4,5,3,3,7,4,5,6,3,6,5,7,5,9,4,8,4,7,9,5,6,5,4,2,4,1,7,4,5,4,5,9,2,3,2,9,3,8,4,10,4,7,5,4,4,5,5,8,7,8,9,5,8,8,6,8,4,4,6,6,10,1,4,6,3,6,10,5,9,8,6,10,6,6,8,4,3,7,4,4,10,6,5,7,6,5,6,6,3,5,7,4,2,3,6,4,5,13,6,9,4,6,7,4,4,10,1,5,4,1,7,3,9,5,6,4,1,2,4,3,5,3,9,11,7,7,5,3,6,3,5,4,9,7,7,8,12,5,8,12,6,5,7,8,4,3,7,4,2,7,6,4,1,8,6,5,6,7,5,8,6,3,4,6,6,6,11,5,9,2,2,8,9,3,4,5,4,6,6,0,7,5,3,7,8,6,7,4,6,7,3,5,4,6,5,10,1,2,8,5,3,2,5,3,6,1,6,2,5,6,11,9,6,7,3,6,7,1,6,6,4,4,5,5,7,6,7,5,0,5,6,10,6,8,8,3,7,4,5,7,4,6,3,5,6,5,4,6,6,5,1,5,1,4,3,5,2,4,8,4,8,7,9,6,7,7,3,10,3,6,4,6,7,0,10,7,5,6,8,2,7,4,6,4,5,9,9,4,8,4,12,4,3,7,6,6,8,6,9,10,4,6,7,5,7,3,4,3,3,0,6,5,11,6,7,4,5,3,4,6,3,7,7,10,4,11,6,3,10,3,5,5,6,2,8,7,6,11,6,4,5,8,0,2,7,6,7,3,5,6,6,4,10,6,5,7,7,3,4,0,6,3,8,5,8,8,10,4,5,6,10,5,6,8,4,1,10,4,5,5,3,5,7,7,1,5,6,2,7,5,5,6,5,6,5,1,5,9,6,2,6,7,5,4,8,4,0,5,7,8,3,4,7,3,6,5,7,5,5,2,6,6,3,7,4,5,8,2,6,5,10,5,7,6,3,4,5,5,6,2,6,4,9,5,9,6,1,5,5,3,6,4,5,6,8,8,4,2,6,8,3,3,6,0,9,3,4,7,3,4,9,4,3,8,8,4,6,3,8,3,8,3,2,13,3,8,3,4,4,4,4,5,4,7,11,0,3,4,5,2,2,0,8,5,5,5,4,7,4,6,4,5,3,4,8,7,4,5,7,3,7,6,5,7,5,2,2,8,3,3,4,2,8,7,0,8,10,0,6,2,7,8,5,1,3,6,7,11,5,5,6,11,7,2,1,6,7,4,3,4,3,11,5,4,4,5,10,8,7,2,6,3,7,8,2,3,3,7,6,7,6,4,3,6,6,5,4,10,2,10,3,4,2,9,3,2,5,6,9,7,2,9,1,7,8,12,3,11,3,4,6,4,8,5,4,7,6,3,5,5,10,7,5,4,6,2,6,0,5,4,0,8,5,5,1,10,3,3,5,8,8,3,6,6,5,4,4,7,1,6,2,4,9,2,5,3,7,4,5,6,4,3,4,3,6,7,2,5,4,4,3,3,5,4,4,6,9,9,6,3,5,8,6,3,5,6,5.343,10.0808491761997,0.605150823800267
6,7,3,3,4,5,3,6,4,5,8,4,5,2,7,7,7,8,5,13,5,3,7,5,5,10,4,5,5,4,3,2,4,2,6,6,7,5,9,3,4,3,10,2,1,9,10,13,6,8,4,4,9,6,2,4,6,3,3,6,10,5,6,2,4,2,0,2,5,1,6,6,3,4,10,3,2,4,7,4,5,5,4,3,8,5,2,7,7,4,3,4,4,2,3,2,7,2,3,1,5,8,5,8,6,9,4,4,4,2,10,3,5,7,7,6,10,9,4,7,8,8,3,4,4,3,6,5,9,4,9,9,13,6,10,3,2,12,9,5,3,1,8,8,7,2,2,5,4,9,3,3,10,5,3,8,9,0,3,4,5,5,8,4,3,1,6,4,4,4,4,3,6,6,6,5,4,6,1,5,3,5,3,9,5,9,4,7,4,7,3,4,7,8,6,2,3,3,10,1,5,7,7,6,4,7,5,9,4,4,7,5,1,2,5,8,6,2,6,4,3,3,2,4,5,6,7,4,2,7,4,4,6,8,3,6,6,4,5,2,5,4,11,7,7,8,3,2,3,6,9,4,8,6,4,4,8,3,3,0,6,4,4,3,6,6,5,4,3,9,2,3,7,5,1,5,0,6,4,6,6,3,5,5,7,3,4,4,3,4,3,7,6,7,9,2,7,9,5,3,7,5,4,5,3,3,7,6,6,9,7,7,7,6,1,6,2,8,5,5,5,8,5,2,5,4,8,6,4,3,7,3,9,6,6,7,7,6,4,3,1,4,6,6,8,8,6,2,6,5,5,4,5,6,6,3,6,5,6,6,2,3,7,6,5,8,7,6,10,6,7,1,4,8,3,6,3,6,7,4,8,5,3,2,7,3,6,7,6,5,6,6,5,9,11,4,6,6,5,6,5,5,1,4,5,7,4,6,6,8,5,6,6,4,7,7,4,4,3,2,2,12,6,4,4,6,5,6,5,11,4,5,6,7,5,2,6,3,3,5,1,10,1,6,5,5,3,4,0,9,5,5,6,10,7,1,2,7,7,8,5,2,4,7,8,5,5,4,3,6,5,4,4,5,6,6,1,5,4,6,5,8,8,8,10,11,7,1,5,2,0,9,9,9,4,5,3,6,5,4,8,3,5,8,0,3,6,6,6,3,6,3,6,4,4,9,7,2,6,6,4,5,6,5,7,5,8,4,5,6,6,8,5,6,4,10,6,2,8,6,6,4,3,6,3,10,5,13,5,4,5,6,5,10,6,7,9,5,1,4,8,5,6,4,2,3,4,4,7,5,5,5,3,6,7,8,7,6,6,5,8,4,3,3,5,2,7,6,5,6,7,5,2,5,4,6,13,9,6,9,5,4,6,4,6,3,7,7,5,1,11,7,5,12,5,1,1,8,9,8,4,6,2,8,3,8,4,1,5,3,10,3,7,5,6,4,5,3,2,8,4,4,9,7,2,4,4,5,4,6,5,10,4,2,5,2,1,5,7,5,6,3,3,6,3,5,7,3,5,4,7,4,6,2,5,4,5,2,7,6,4,6,7,10,6,5,10,7,3,2,14,6,2,7,7,4,3,4,7,1,4,6,10,11,5,5,2,6,8,3,3,2,9,5,7,7,3,2,7,6,4,6,5,8,10,5,6,3,5,6,3,13,6,2,4,7,4,4,8,6,3,2,2,3,3,1,5,3,13,9,5,5,4,5,5,4,5,7,6,6,5,7,4,3,6,8,6,7,9,8,5,3,9,3,4,6,4,6,9,4,6,5,5,4,4,3,7,5,9,9,5,3,8,2,4,1,4,7,7,3,6,4,2,6,4,5,9,5,6,6,4,1,7,8,5,4,5,5,6,6,2,7,3,3,3,8,3,4,5,7,3,4,7,8,5,4,1,7,0,10,2,10,2,5,4,3,6,6,2,6,6,6,8,5,7,11,3,5,2,11,6,5,10,5,4,1,3,7,4,6,5,6,6,4,4,3,5,7,4,4,6,2,5,6,4,5,4,6,4,4,6,6,3,6,8,3,9,5,3,5,7,4,6,7,8,2,4,12,6,4,9,9,8,6,0,2,1,8,5,4,7,3,9,8,5,5,5,5,5,4,3,7,6,3,4,8,3,8,5,6,5,4,11,4,3,4,6,2,3,11,1,4,5,8,4,6,3,2,6,3,11,7,7,4,1,3,3,8,4,6,3,2,6,9,13,6,3,5,7,8,6,4,4,2,3,7,6,4,3,7,6,7,2,3,4,1,7,14,8,8,5.25,9.98384973708855,0.51615026291145
4,3,3,2,6,1,5,4,4,3,8,11,6,5,3,6,5,8,5,6,9,5,10,3,5,4,5,9,4,6,5,4,7,3,3,6,12,3,3,8,5,8,7,6,4,4,1,5,3,7,8,7,4,7,8,8,5,8,3,3,7,6,7,5,6,7,3,1,6,6,4,9,2,4,4,3,5,1,12,6,1,0,9,5,4,3,7,6,5,7,5,4,3,7,5,3,5,7,4,6,4,2,5,5,11,8,5,7,2,6,9,2,6,7,7,5,7,10,5,7,6,4,8,2,2,5,8,7,10,5,5,6,4,6,7,5,1,3,8,6,7,4,9,4,1,8,4,6,7,6,3,7,13,4,5,4,5,7,9,5,6,7,6,7,6,8,8,6,3,5,7,5,7,6,6,5,4,8,8,6,4,5,4,4,9,5,4,10,1,8,5,1,7,7,8,4,4,9,6,3,5,7,1,0,2,9,2,9,8,4,9,7,5,5,5,3,2,9,5,4,4,11,7,1,9,5,7,5,5,5,5,7,5,6,8,6,1,6,10,6,5,3,5,1,8,3,9,2,8,4,9,7,7,1,3,3,1,6,7,4,8,7,4,7,4,7,5,3,6,7,6,7,5,7,9,5,5,5,5,4,9,8,7,5,1,8,0,5,8,6,3,6,0,4,3,4,6,9,2,5,4,7,4,8,3,8,9,4,6,3,9,5,6,11,5,5,3,7,4,3,5,12,4,5,5,8,9,5,5,4,4,6,4,7,10,2,3,4,6,5,6,3,6,2,7,5,2,4,3,7,8,2,4,3,3,5,4,4,5,3,8,1,7,6,7,3,3,5,7,3,5,8,5,10,8,4,1,5,4,2,5,7,3,9,6,4,4,7,4,3,2,5,4,4,3,0,6,10,12,9,4,7,1,2,6,9,6,3,7,7,9,7,4,5,10,4,7,7,6,4,4,6,6,1,4,7,7,9,3,4,6,6,4,8,5,8,7,3,3,6,3,4,3,4,5,1,4,7,5,5,8,6,11,5,6,6,4,4,3,4,3,3,7,2,4,8,9,3,7,5,6,9,7,6,4,2,5,5,4,3,8,2,5,6,7,7,8,6,5,5,7,3,4,6,2,4,4,4,7,4,5,5,5,6,6,7,8,8,6,3,1,1,3,2,4,5,2,4,3,3,10,5,3,8,5,4,8,0,3,7,9,2,2,4,7,6,3,9,3,7,5,5,5,6,7,12,9,4,9,3,5,3,7,7,3,11,6,7,5,6,4,3,8,11,5,4,5,4,7,5,7,9,3,5,5,5,8,11,8,8,4,8,6,6,4,9,6,3,12,4,3,6,6,3,10,5,5,6,8,5,7,8,10,8,4,7,8,6,7,7,7,10,7,4,7,5,4,1,4,5,4,2,3,9,7,6,4,7,6,5,6,5,5,10,5,7,7,6,4,3,6,6,5,4,6,5,2,6,12,5,6,10,6,6,6,4,1,5,8,1,4,5,6,5,6,4,10,2,7,8,3,8,4,3,5,4,8,9,8,6,6,6,8,10,5,2,11,5,10,3,4,3,6,8,7,3,2,3,3,5,3,6,12,5,9,9,6,1,5,4,2,4,7,11,7,6,5,4,2,4,5,6,6,6,4,9,3,11,6,1,8,5,5,3,6,3,7,7,5,3,7,5,7,11,2,6,3,7,4,6,5,5,3,7,5,10,4,9,6,6,5,11,7,3,2,5,6,6,5,4,4,4,7,6,7,2,4,5,5,5,7,5,9,4,4,10,5,4,3,4,8,1,3,5,9,5,6,8,4,4,6,6,3,4,4,4,5,4,9,4,6,2,4,1,3,6,11,6,5,3,0,6,6,8,5,7,6,3,2,6,11,11,3,5,3,2,2,9,1,9,12,4,5,8,4,1,4,4,1,7,6,9,11,2,5,7,8,4,6,8,8,5,6,6,8,4,4,6,6,8,4,9,5,3,3,5,6,8,7,3,4,4,5,2,5,4,7,7,6,4,1,6,3,3,6,2,8,4,4,5,6,7,7,6,5,9,2,9,4,4,4,5,5,5,6,7,7,1,7,8,4,4,10,4,5,5,4,7,1,5,4,4,3,2,5,5,1,2,4,8,4,5,2,5,4,7,3,3,4,4,3,6,5,5,8,6,7,4,3,5,3,4,10,6,4,6,0,6,9,7,4,5,6,7,3,2,5,3,3,2,5,3,2,0,2,2,7,1,4,6,10,4,5,3,3,11,5,3,2,3,5.354,10.0270150357049,0.680984964295111
5,7,9,2,7,6,10,2,4,2,6,5,3,7,4,8,6,10,5,8,11,5,6,5,8,6,10,2,4,9,5,8,5,2,4,5,5,2,6,6,7,8,5,4,11,6,2,7,8,8,3,5,9,6,4,3,4,8,6,6,6,6,4,6,3,5,7,4,5,7,8,5,4,5,5,4,6,5,5,2,2,5,3,9,4,5,4,9,6,5,6,3,5,8,8,3,6,4,4,3,2,12,5,6,9,2,7,11,7,5,8,6,2,5,2,8,7,8,6,6,8,2,6,4,4,2,5,4,1,6,5,5,7,7,7,2,7,8,3,4,8,1,7,8,7,6,10,5,1,7,9,7,8,3,3,7,5,2,8,4,2,7,9,8,3,1,10,3,9,8,5,4,4,6,3,7,5,8,7,5,9,2,2,7,7,1,5,4,2,5,9,3,6,7,2,4,6,9,4,9,8,3,5,6,6,7,8,9,6,7,6,11,10,7,5,4,8,5,3,2,11,7,5,6,3,4,7,3,3,9,1,8,3,5,3,4,7,2,2,4,4,4,5,6,4,8,7,7,7,5,6,7,9,11,3,5,5,5,4,6,6,3,2,0,6,4,7,9,6,6,2,5,4,4,3,7,7,3,6,6,7,6,6,6,4,4,2,7,9,8,2,5,3,8,8,4,10,7,3,4,4,5,1,6,4,6,6,2,5,6,3,7,6,10,4,8,7,4,9,6,5,6,5,4,5,9,5,8,5,10,6,4,4,10,4,5,0,4,2,4,5,7,2,3,1,6,4,3,5,2,5,9,5,5,6,11,7,3,4,3,4,3,3,2,5,9,7,6,8,8,7,5,3,6,3,4,8,7,8,3,1,6,6,6,5,7,4,5,7,4,5,14,4,5,6,7,6,6,4,7,6,1,5,3,3,4,1,7,8,4,4,7,4,7,3,7,3,4,4,4,6,12,4,2,7,6,9,2,5,3,6,6,12,8,11,6,8,5,3,10,4,7,5,5,11,4,5,1,0,10,7,7,9,7,7,6,4,7,3,7,4,3,4,7,8,12,7,6,4,6,4,2,8,7,6,3,3,5,8,5,8,6,7,3,6,8,7,3,4,6,2,8,2,5,6,4,4,4,4,9,7,1,8,7,8,8,7,4,5,7,6,3,5,9,5,7,7,5,8,9,3,8,5,5,8,8,4,9,6,5,2,11,7,7,3,8,8,5,3,1,6,6,9,6,2,5,4,11,3,5,10,3,4,3,3,9,8,6,6,3,3,2,4,8,10,2,12,6,2,5,0,7,5,4,9,5,7,9,4,6,4,10,7,9,7,3,6,3,2,1,9,7,8,3,4,7,6,3,4,10,5,3,7,4,9,4,3,7,4,6,11,2,4,6,7,3,4,4,3,6,3,5,4,5,2,4,6,12,3,6,5,2,7,2,3,5,6,3,5,7,1,3,9,7,4,6,7,3,9,5,7,9,7,5,10,8,3,5,5,5,5,5,6,5,11,6,3,3,4,10,7,2,5,9,4,5,6,6,9,6,2,6,10,4,7,7,2,11,6,3,9,4,3,7,3,8,6,4,7,5,9,5,4,4,4,5,3,4,5,5,7,4,8,4,9,6,2,1,5,7,8,4,7,5,9,8,7,7,8,5,4,4,4,4,5,7,1,8,5,3,5,2,8,7,5,9,5,5,5,9,0,5,6,3,3,7,7,7,0,9,3,7,8,3,5,2,3,1,3,5,5,3,6,4,10,4,8,4,3,6,3,7,7,7,2,3,0,2,5,2,7,8,7,4,7,4,7,6,6,9,7,8,2,3,6,10,9,4,3,3,1,6,6,4,7,3,3,4,6,5,6,6,4,3,9,8,5,5,5,5,6,6,2,4,4,4,3,8,6,6,11,6,3,7,9,2,6,5,5,7,9,3,4,6,4,7,2,2,7,7,3,7,4,2,7,6,6,2,5,4,5,9,5,4,3,6,6,2,3,9,5,5,2,8,4,1,10,9,4,9,7,6,7,2,8,4,4,6,3,7,5,3,3,7,4,7,4,5,5,8,4,4,6,6,6,4,3,12,6,13,6,6,8,3,4,5,4,8,4,5,3,8,9,4,3,4,4,3,5,8,5,4,4,6,5,10,4,6,4,5,5,7,2,11,4,5,3,8,5,10,7,5,5,7,4,6,1,5,8,7,5,5,2,7,4,7,4,5,1,10,3,5,6,7,3,5,9,3,6,10,3,6,3,6,7,11,7,8,6,4,5.467,10.1450431577087,0.788956842291277
10,12,7,6,10,9,2,3,3,6,4,8,9,5,6,9,4,7,1,9,5,5,6,4,6,4,6,5,4,6,10,3,8,6,7,5,10,8,8,7,10,5,7,1,3,4,6,3,5,7,6,5,7,8,4,6,7,4,5,2,3,7,8,1,5,3,6,4,4,2,6,2,11,5,5,8,5,9,7,5,3,8,6,4,3,6,1,5,8,6,6,2,1,1,4,8,8,4,6,6,8,8,4,3,7,4,8,9,7,4,9,5,5,5,11,5,5,2,4,7,10,1,3,3,8,4,3,9,8,4,1,5,8,4,2,2,5,5,6,4,2,4,10,4,6,10,8,7,5,14,7,5,4,4,2,3,4,4,5,9,5,5,7,6,5,3,1,4,8,6,4,5,8,7,4,12,8,2,6,9,5,5,4,3,5,6,8,7,4,7,8,5,5,1,6,3,4,5,6,3,4,8,6,4,3,7,9,5,8,5,6,7,1,10,4,6,4,6,6,6,5,8,8,7,5,3,9,1,6,1,4,7,5,4,3,4,3,5,2,4,4,3,4,6,7,6,5,2,12,8,11,2,8,6,1,5,5,3,8,5,12,6,4,3,3,9,2,5,5,6,4,6,6,3,10,7,8,7,7,6,7,3,2,7,8,5,5,8,4,8,3,4,5,3,4,5,8,10,3,4,4,7,6,2,4,3,1,5,8,6,6,2,2,6,8,7,7,8,5,3,2,4,4,6,4,5,6,8,3,8,2,7,6,5,4,5,6,4,4,1,4,2,4,2,8,8,4,4,2,6,7,5,4,12,5,4,7,2,2,5,6,8,6,5,1,8,7,13,13,5,6,5,4,5,4,8,6,6,3,1,9,7,3,8,4,3,3,0,7,5,3,5,7,4,7,9,4,6,1,5,7,4,4,6,7,9,2,7,5,8,3,10,8,3,5,3,11,11,7,4,5,4,11,6,4,6,6,3,3,5,4,8,4,8,6,10,3,2,2,7,3,4,4,3,6,3,6,5,7,7,5,7,4,3,5,12,8,2,5,6,4,5,3,7,2,9,4,4,4,5,5,8,5,3,4,3,1,5,3,2,10,3,4,4,8,3,6,4,5,5,4,8,8,4,7,4,7,7,6,5,12,5,4,5,3,4,6,6,8,5,5,2,7,3,6,4,9,3,6,2,8,7,1,7,5,6,10,2,3,9,11,13,6,6,4,5,1,5,9,3,3,3,7,6,9,9,6,8,9,4,10,1,4,5,4,2,6,4,3,9,6,7,1,5,2,5,3,5,4,8,5,6,5,5,3,2,4,8,5,7,5,12,4,6,2,6,7,2,9,7,3,3,4,8,9,6,9,4,4,6,7,2,9,7,5,7,6,5,6,2,7,8,9,2,3,3,4,2,2,9,5,7,5,10,7,4,5,11,7,2,2,1,2,7,2,2,1,4,3,10,5,6,5,5,5,7,2,3,5,5,6,3,4,4,9,6,4,5,4,9,8,6,6,5,1,11,10,3,7,10,11,7,4,0,5,4,6,3,9,4,10,7,5,4,6,10,8,4,5,2,5,2,6,9,9,3,1,6,5,3,2,6,9,2,6,7,7,5,9,8,4,7,6,4,10,4,6,7,6,4,3,5,5,5,3,7,7,8,6,6,6,7,7,2,4,6,4,11,6,2,6,3,6,9,7,8,6,7,3,7,1,4,3,6,5,9,5,6,9,5,1,4,5,5,6,6,4,4,1,7,8,9,9,6,8,3,7,6,8,9,6,6,4,6,7,2,3,4,1,3,3,4,15,7,7,3,3,9,5,4,5,13,7,3,4,3,7,3,7,6,4,9,4,5,3,5,3,3,4,6,4,7,6,10,2,5,6,1,8,4,0,4,3,3,4,5,4,6,8,5,4,5,5,5,8,6,5,5,5,3,9,4,7,9,6,10,4,4,8,6,2,8,7,6,14,6,7,7,2,4,7,9,6,4,2,7,6,6,6,4,6,11,11,4,5,2,8,5,3,2,8,12,11,8,2,6,3,4,7,6,6,3,6,4,5,7,6,3,1,5,3,6,11,3,12,3,2,2,6,4,3,4,9,4,8,5,4,4,4,8,4,2,6,3,4,6,5,4,3,4,7,3,6,3,5,6,7,5,5,4,4,4,3,9,15,4,1,4,5,5,9,7,7,4,4,4,4,2,5,6,5,4,6,10,8,7,5,4,13,9,1,6,1,8,4,5,3,1,3,5,6,9,5,6,6,9,6,6,6,3,5.423,10.3364488430361,0.509551156963861
8,4,6,2,5,3,6,4,8,7,6,2,5,7,3,4,8,4,5,9,8,4,7,6,6,9,4,4,4,4,7,2,6,7,8,9,8,4,6,6,5,9,5,11,5,4,8,7,5,3,1,5,7,6,5,15,7,6,5,4,9,7,4,3,8,4,5,8,8,1,6,5,4,3,8,4,6,3,6,5,4,6,6,6,2,5,10,9,5,3,5,2,3,4,7,2,4,5,8,4,6,6,5,9,4,8,6,6,6,5,8,7,3,5,5,4,8,9,3,2,5,9,7,4,6,6,4,6,4,3,13,5,6,9,5,2,6,6,5,6,6,4,7,5,10,8,3,6,8,11,5,8,5,6,3,2,5,8,2,4,4,6,7,6,5,3,2,3,6,4,5,5,4,4,3,6,6,8,8,4,4,5,2,3,5,5,9,9,8,5,5,8,6,10,8,2,4,8,6,2,3,3,4,8,1,1,3,6,6,7,11,7,8,4,5,7,5,9,6,3,4,4,7,3,3,8,5,3,10,1,4,7,6,9,4,4,1,9,5,5,3,5,9,9,2,9,10,3,6,6,7,4,7,6,3,7,1,4,7,8,11,8,3,11,2,6,5,4,3,3,5,4,1,6,2,12,6,3,6,6,7,1,6,5,5,2,4,5,1,5,3,4,7,7,2,4,4,7,3,5,5,7,8,6,4,8,9,4,6,4,4,1,8,2,3,10,7,7,4,4,6,5,4,6,5,6,4,3,6,5,6,7,5,10,5,2,6,7,4,2,6,2,7,3,5,4,4,5,2,6,4,4,7,6,6,10,5,2,3,9,7,4,8,8,5,3,4,6,6,2,2,2,5,9,7,3,6,6,4,2,1,7,4,3,7,8,7,5,5,4,2,7,5,6,6,4,5,7,7,6,3,7,5,8,5,4,7,4,4,6,4,4,3,1,7,4,5,6,7,5,4,4,5,9,4,4,10,8,5,4,4,4,8,10,7,7,9,6,6,3,2,8,4,7,2,4,1,7,5,9,8,6,13,7,6,7,7,9,2,5,4,3,1,2,10,7,2,6,8,3,2,4,7,12,3,3,4,3,7,5,8,6,5,2,8,2,4,2,3,6,5,8,5,7,2,8,7,2,7,10,8,3,4,7,3,10,3,3,5,4,4,2,6,7,2,7,5,2,6,5,5,6,6,3,10,5,10,4,3,5,8,2,7,4,6,6,6,6,6,3,8,2,10,6,5,9,7,11,7,4,3,5,5,6,1,6,8,5,5,4,6,11,1,11,5,5,4,8,5,8,7,6,8,8,4,5,5,5,8,5,5,5,5,3,5,6,5,10,6,8,4,3,7,3,10,11,5,7,6,6,10,5,7,12,4,4,7,14,2,4,7,2,8,2,6,6,4,4,8,3,6,2,3,8,8,6,7,4,4,8,10,7,6,2,7,6,5,3,5,10,7,3,6,11,4,6,8,4,11,9,3,6,4,7,4,2,5,5,6,3,7,4,6,7,5,5,9,6,3,10,1,1,9,4,11,8,6,8,2,5,11,6,2,8,7,5,1,3,10,5,6,6,6,6,5,5,6,6,5,5,6,4,10,5,5,7,4,4,6,4,2,7,4,3,7,4,4,6,3,4,7,9,9,5,5,5,6,2,8,5,6,8,6,6,8,10,6,8,5,2,6,2,4,7,3,4,6,7,8,5,2,5,6,3,4,8,5,7,5,6,3,6,10,3,2,2,4,5,3,5,10,7,4,2,6,3,2,2,3,7,1,5,8,2,5,8,3,4,6,7,7,4,3,4,6,6,2,12,6,7,4,5,7,6,5,6,6,2,8,1,2,6,4,7,8,4,2,5,7,5,1,4,6,5,1,6,3,2,7,9,6,6,4,8,7,3,3,4,1,9,3,5,7,5,6,4,3,5,2,4,5,2,7,6,8,3,4,3,3,3,10,9,2,7,5,3,4,0,7,4,6,4,11,11,2,4,6,5,3,6,3,4,5,7,7,7,6,6,4,3,5,5,8,6,4,4,4,6,7,5,8,5,2,2,6,4,2,9,5,3,1,7,10,9,5,4,2,3,6,16,3,7,9,8,6,9,1,1,4,4,4,3,4,0,6,5,1,7,6,7,3,2,6,4,4,6,3,3,4,5,0,4,2,5,2,6,8,5,3,3,5,7,3,4,4,2,5,7,7,15,10,4,5,9,9,6,5,3,6,8,5,3,5,11,4,4,4,8,9,5,6,10,6,10,10,7,11,3,5,5,5.405,10.1564749366985,0.653525063301486
8,4,5,2,7,5,2,5,3,5,7,6,5,6,8,13,6,3,2,9,3,5,6,7,5,6,5,5,6,4,6,9,4,3,6,7,7,2,9,12,10,1,9,1,6,8,6,8,4,5,5,1,5,9,8,6,4,7,2,6,5,3,5,6,4,7,1,4,8,8,7,4,4,1,6,9,7,6,4,2,10,7,6,8,6,5,2,6,4,5,8,6,5,5,2,6,9,5,6,1,4,5,6,8,4,5,4,3,1,1,5,7,2,4,11,7,8,3,9,9,4,6,3,2,7,6,8,5,6,7,7,6,6,9,8,4,7,4,4,5,4,4,5,4,7,3,6,6,3,9,3,2,5,6,9,6,7,8,6,6,3,1,6,5,6,2,5,10,5,4,3,7,8,4,5,6,8,1,10,7,9,4,5,7,6,6,5,5,3,11,3,12,7,7,6,3,2,2,4,8,9,9,8,11,1,6,1,4,3,3,10,8,2,8,8,3,3,4,9,4,6,4,2,4,9,5,6,3,5,6,2,5,6,8,7,4,2,9,2,8,0,1,0,6,13,8,12,2,4,6,6,9,8,6,3,1,6,7,6,4,8,4,2,2,6,6,3,4,5,11,4,8,9,6,6,4,1,3,5,5,10,4,7,6,5,8,4,6,8,5,2,4,3,2,5,4,4,8,6,3,4,6,2,5,2,3,6,5,4,3,2,6,6,4,3,9,4,4,5,5,4,6,6,2,5,4,9,4,4,14,3,1,8,7,7,7,2,6,5,4,3,10,5,6,7,9,2,2,6,2,3,10,7,3,5,3,3,3,4,2,6,3,6,5,5,6,4,6,8,9,4,3,5,10,3,6,6,8,6,2,3,6,1,3,3,3,3,7,6,2,8,7,7,5,3,4,2,5,9,4,2,5,5,8,4,7,2,8,3,7,7,2,4,2,5,3,4,10,7,4,3,3,4,6,6,5,1,3,7,6,8,5,5,4,3,8,5,5,6,2,3,13,1,5,6,5,5,3,8,3,8,3,3,2,5,5,5,6,6,5,8,3,5,4,5,8,4,8,4,3,3,2,4,7,1,6,4,1,8,5,6,5,7,9,6,5,3,5,3,6,3,3,5,4,4,4,3,4,12,7,6,7,4,4,4,4,10,7,8,9,4,5,5,4,4,7,4,5,5,3,3,6,6,6,10,5,5,8,7,8,9,5,7,5,6,10,6,2,8,5,6,5,6,5,8,3,7,4,8,3,4,4,3,10,6,7,4,5,4,2,6,8,9,7,1,4,7,4,5,3,3,6,8,3,4,11,7,6,3,10,6,8,6,6,5,5,8,1,7,6,7,3,1,3,7,5,7,4,3,4,6,3,5,4,10,6,8,6,4,0,4,6,11,4,6,4,3,5,9,8,6,4,3,10,3,10,3,10,5,5,8,2,7,4,3,4,3,10,4,3,11,8,4,6,7,3,6,4,6,6,8,6,4,4,9,11,4,3,4,6,3,6,6,5,5,5,5,2,3,6,13,7,6,7,5,5,6,5,7,5,5,8,3,6,5,4,8,6,7,3,9,5,2,6,3,5,2,8,1,1,4,8,8,9,5,9,5,7,2,3,5,4,3,2,4,3,1,4,6,5,6,6,5,2,4,9,6,3,5,4,2,4,3,3,7,6,2,7,5,5,2,7,6,5,6,2,5,3,6,8,6,0,4,4,6,5,8,8,8,2,1,6,3,3,5,5,3,4,6,1,5,5,14,5,4,6,4,4,6,10,5,5,0,5,6,4,8,7,9,3,4,4,1,1,8,7,2,6,4,5,5,7,5,4,2,4,6,3,8,6,4,7,2,5,4,4,5,3,4,4,1,7,10,5,6,5,5,6,6,4,2,6,5,1,4,9,7,5,3,6,9,5,3,6,8,2,9,5,8,3,6,3,3,1,4,9,5,6,4,9,6,9,7,9,5,4,4,4,3,7,7,6,6,3,1,4,5,5,8,3,5,6,6,5,4,9,7,6,7,1,8,8,1,7,3,7,10,7,5,4,6,5,8,7,3,1,9,6,5,6,7,6,8,7,3,4,5,8,6,9,4,4,7,4,3,4,3,7,8,8,5,2,5,6,2,7,3,6,2,5,8,5,5,3,2,7,8,2,15,10,4,3,8,4,9,4,9,4,4,5,9,6,8,4,3,3,2,3,5,5,5,4,5,4,7,7,3,3,6,15,7,5,1,3,4,3,8,6,3,5,7,4,3,3,5,9,5,5,5,4,5.268,9.97850921011928,0.557490789880718
11,3,4,3,10,5,2,3,4,8,9,8,6,5,5,7,5,5,4,6,6,3,4,3,2,5,7,4,6,1,6,6,7,6,8,5,9,4,4,8,3,9,10,6,8,5,11,4,3,1,7,5,8,8,2,10,5,9,1,3,5,4,5,6,5,6,2,2,4,2,2,4,4,4,3,6,3,4,6,4,2,3,5,5,6,5,2,5,4,3,2,6,7,7,8,3,6,4,4,5,9,5,3,3,3,5,9,10,4,6,9,4,1,5,9,9,8,13,7,6,7,6,4,1,4,6,4,2,5,6,4,6,3,9,2,10,5,6,3,7,4,3,7,6,3,12,10,2,4,6,5,8,12,3,4,6,7,5,5,3,3,5,5,0,4,4,3,3,11,8,4,0,6,8,6,6,2,2,4,3,7,3,5,7,7,4,4,2,2,7,5,4,11,4,5,7,7,9,6,7,4,5,6,7,6,7,5,6,3,4,5,10,5,3,1,3,4,3,7,4,10,5,7,11,10,2,7,6,5,1,5,6,5,4,5,6,8,6,7,5,8,6,5,7,3,6,7,6,9,4,7,4,10,6,4,2,5,8,5,2,7,4,1,1,3,9,2,6,8,7,2,3,5,4,9,10,7,6,9,10,4,2,8,7,4,3,3,6,8,10,5,7,2,5,1,5,3,4,6,5,6,3,7,7,5,9,6,4,4,4,6,4,7,8,6,4,5,8,7,1,4,3,3,2,8,6,7,6,2,8,6,8,7,2,3,3,6,9,7,2,3,6,7,2,7,4,2,3,6,4,4,6,3,10,7,8,5,4,7,9,4,1,7,7,3,7,5,3,8,6,2,3,4,2,3,2,3,3,5,3,1,7,2,6,4,7,5,10,4,2,5,7,4,4,4,6,7,8,10,5,4,9,6,8,5,7,6,7,10,6,5,3,1,3,3,6,5,2,5,4,5,5,5,4,2,4,13,9,7,4,8,5,10,9,6,2,6,6,2,7,7,3,1,5,3,4,8,3,5,3,8,4,8,5,3,11,5,10,4,4,4,3,6,4,10,7,11,6,5,5,3,2,6,4,2,6,7,4,5,3,11,8,5,5,12,9,10,5,8,3,4,5,8,8,4,5,8,4,5,6,5,9,6,1,5,3,2,1,4,4,2,6,3,1,4,8,6,4,5,6,7,2,6,5,4,7,4,1,5,10,6,8,6,3,2,7,7,4,6,5,6,4,4,5,3,9,11,6,4,3,3,7,5,7,4,5,7,2,10,3,3,4,5,3,2,2,2,2,6,3,3,2,2,5,7,4,10,8,6,7,6,8,4,3,4,4,1,7,5,7,2,6,8,9,10,9,5,4,3,4,6,3,6,7,8,3,6,9,1,5,9,4,3,5,6,3,6,7,3,8,4,2,2,3,6,2,2,4,6,9,6,6,6,4,5,6,5,7,5,5,3,3,8,8,5,7,5,7,7,6,5,10,6,5,4,8,3,6,0,5,4,2,4,4,3,4,5,3,7,5,8,6,8,4,6,5,8,4,6,7,6,3,1,2,6,2,5,7,2,3,4,6,7,6,8,7,3,4,11,3,6,3,2,7,5,5,8,2,6,4,6,3,4,9,6,9,4,5,4,7,5,3,9,5,2,4,3,3,7,6,6,7,4,4,2,6,10,7,4,2,6,3,1,6,2,4,4,8,4,6,3,8,1,3,3,10,10,8,5,3,1,11,9,4,7,5,3,4,7,7,8,2,7,6,6,0,4,5,3,6,7,5,10,7,4,4,6,7,3,5,4,1,8,3,3,6,3,5,4,4,1,6,3,7,5,8,7,5,5,2,4,6,3,6,4,6,7,2,7,7,5,5,10,7,1,6,5,6,3,2,6,3,7,3,4,4,3,6,4,3,8,5,2,4,7,3,4,6,4,7,8,3,9,5,6,10,5,4,4,4,7,9,7,3,6,1,5,2,6,6,2,5,3,2,6,6,3,6,7,5,7,5,1,4,5,3,13,3,5,4,4,6,4,2,6,1,8,5,2,5,3,2,5,8,2,5,3,5,3,5,5,4,6,4,7,6,7,5,9,10,2,11,5,5,7,5,7,7,6,4,2,4,6,5,3,7,4,4,5,2,5,2,5,4,7,5,1,8,6,2,7,2,2,7,2,4,5,1,6,4,1,6,5,9,4,2,1,3,5,2,4,0,6,11,10,6,4,4,10,8,8,3,3,9,8,9,6,6,5,6,8,4,7,3,5,6,3,6,12,7,5.187,9.86714705602997,0.506852943970031
7,2,1,1,4,10,5,0,5,5,7,5,3,5,5,7,5,7,3,5,10,2,7,2,7,4,3,3,8,5,3,7,5,4,5,8,4,4,8,5,6,8,6,7,8,1,4,4,6,2,7,6,7,8,5,4,8,12,5,6,3,4,5,5,4,1,8,6,3,2,3,4,3,4,2,4,5,4,2,6,9,5,4,5,3,6,7,6,5,5,4,3,3,4,2,7,9,5,2,4,7,10,2,4,3,2,9,7,5,5,11,3,6,10,9,4,5,5,3,7,8,4,8,4,5,2,1,5,2,7,5,7,5,8,6,2,3,4,10,3,5,7,7,4,8,6,10,2,4,6,2,4,10,3,4,5,6,2,4,3,6,3,6,5,5,8,6,8,6,0,6,10,2,6,6,3,6,7,5,6,5,4,3,4,6,2,3,7,7,3,5,5,8,4,2,5,6,3,6,7,8,4,4,6,5,7,3,7,3,3,5,7,3,4,5,9,5,2,3,8,3,4,5,1,5,6,5,6,4,7,8,3,4,3,2,2,3,5,2,5,3,8,6,4,3,3,1,1,8,3,6,3,10,8,2,4,9,5,6,7,5,1,5,4,6,4,1,3,3,3,6,4,2,6,7,7,6,6,7,7,8,10,8,6,8,8,7,4,7,5,3,7,7,2,6,5,5,3,4,2,5,7,5,5,5,5,2,5,9,10,9,1,6,9,2,11,4,5,1,4,4,3,6,3,5,3,4,9,8,3,3,5,8,8,3,4,3,5,5,4,7,4,7,5,5,10,2,1,2,6,1,7,2,5,7,7,2,6,4,5,9,5,1,7,7,4,3,4,8,7,5,3,9,6,12,4,3,6,6,2,5,5,5,4,8,4,4,5,5,9,7,3,0,2,5,4,8,10,10,6,6,1,6,8,6,4,6,5,8,6,6,4,6,5,10,7,2,3,6,6,4,2,8,4,6,7,5,2,3,8,4,1,4,6,8,2,7,3,10,3,4,12,3,4,4,3,3,9,3,4,5,4,3,6,3,7,10,7,4,5,6,9,2,8,8,7,2,2,6,6,1,5,10,2,4,6,4,7,3,6,8,3,3,5,8,4,4,6,2,5,3,9,1,9,3,1,6,2,3,5,11,5,6,8,4,4,8,1,4,0,7,1,5,3,9,11,7,5,9,6,6,4,2,3,8,2,3,4,5,5,5,3,4,10,2,1,9,5,3,2,5,3,7,2,2,5,4,6,4,3,3,5,3,9,3,7,7,6,3,9,7,5,5,6,4,5,9,4,1,7,5,7,4,7,2,5,6,8,6,5,4,12,8,6,7,4,7,3,5,4,2,4,5,5,6,5,6,3,5,4,2,7,4,10,6,3,6,10,3,6,6,4,5,8,7,5,5,0,6,9,6,5,5,3,5,3,2,6,5,4,7,4,3,5,3,5,8,1,6,4,5,1,5,3,4,6,5,6,9,6,3,7,3,4,5,3,3,5,7,5,8,4,8,5,6,6,2,5,5,9,5,4,2,4,4,4,3,6,9,1,5,8,6,5,7,6,6,6,5,3,3,7,4,10,7,9,4,4,6,5,7,6,1,4,8,4,8,5,4,2,3,4,4,5,7,8,5,6,4,3,1,2,6,5,5,8,5,3,5,9,3,9,6,4,7,6,3,2,8,1,2,5,4,9,4,6,8,8,7,3,1,8,2,6,7,7,6,4,7,7,9,3,5,4,4,6,3,5,5,4,5,1,5,5,5,1,6,4,6,5,4,8,10,3,10,8,5,6,8,5,11,2,6,5,5,9,7,8,3,5,5,3,3,3,8,3,8,3,6,5,4,7,10,9,4,3,8,3,5,3,0,6,4,3,3,7,4,10,5,6,1,3,4,2,3,2,2,4,3,4,6,5,2,6,1,0,5,3,4,1,3,1,3,9,4,5,8,4,2,6,7,4,3,6,6,5,5,5,3,5,6,4,5,4,3,7,6,4,1,2,6,4,1,7,0,5,11,6,5,11,5,6,4,3,5,1,4,9,5,4,7,5,3,4,8,10,7,5,2,9,4,5,7,5,6,6,2,7,6,5,2,1,9,2,4,4,2,3,8,11,8,8,5,3,3,5,6,4,5,3,5,5,4,2,4,7,1,7,7,6,3,2,5,6,6,5,7,7,9,5,3,5,3,5,7,6,3,5,4,4,7,5,4,10,8,5,1,5,5,3,0,5,5,9,6,5,4,4,2,9,9,7,4,5,5,5,5,7,2,8,5.047,9.58563939448304,0.508360605516961
6,5,5,4,5,6,8,4,4,6,6,5,8,3,5,3,3,3,5,7,5,4,9,3,1,2,6,6,2,2,3,5,1,5,6,6,8,3,3,8,3,7,6,2,7,6,7,6,9,4,4,7,9,6,7,3,5,6,5,6,5,9,3,3,7,5,4,9,9,1,7,8,6,8,6,6,1,4,7,5,3,4,4,9,3,8,5,4,3,7,13,4,4,3,4,3,7,4,3,5,4,8,2,3,1,3,2,5,3,1,5,7,7,3,4,6,6,6,3,3,5,3,6,8,5,5,2,4,9,5,7,2,4,9,6,3,6,7,5,5,3,2,3,6,5,4,14,6,6,6,5,3,5,7,5,8,3,5,5,7,4,7,4,4,6,2,2,5,1,8,5,4,4,2,5,9,6,7,8,5,2,4,3,4,4,4,7,6,3,4,4,7,4,7,6,4,7,6,4,10,5,3,3,3,3,5,7,8,6,7,6,5,5,6,9,3,1,7,7,8,5,9,6,2,1,5,3,5,9,0,5,7,3,11,6,3,4,3,4,6,4,3,6,5,8,3,8,3,5,5,9,6,5,5,5,6,1,7,3,2,9,5,1,4,6,5,5,2,3,5,4,6,6,6,6,3,4,4,4,1,5,4,7,5,9,4,4,4,4,2,4,7,7,1,4,5,6,7,7,4,8,6,3,5,5,5,7,4,4,4,4,8,7,3,4,3,3,3,10,4,6,8,9,5,3,9,7,4,6,6,3,3,9,2,9,3,6,7,4,4,3,5,3,1,9,5,10,3,2,5,3,3,8,4,4,4,2,5,3,2,6,1,7,4,4,4,7,5,7,4,4,5,3,6,3,2,4,4,6,8,4,8,3,9,8,8,6,3,0,7,4,5,5,4,5,7,2,9,5,4,3,3,3,5,8,4,2,5,4,8,5,3,4,4,11,1,4,3,9,5,8,10,8,4,3,5,2,2,9,5,2,5,6,7,5,9,3,7,4,4,5,10,1,6,6,1,2,5,4,5,3,8,9,2,1,6,4,7,5,6,4,5,4,4,5,5,5,6,6,5,3,7,7,6,6,2,6,5,8,7,9,4,3,6,12,5,4,5,7,3,4,3,4,3,5,1,6,5,4,7,8,4,4,5,6,3,0,5,3,7,3,2,3,6,3,3,4,1,8,2,5,5,3,6,5,6,9,4,4,7,13,6,6,5,6,3,1,3,9,2,7,4,2,4,3,5,4,7,7,9,5,4,6,8,6,6,1,2,4,7,3,5,5,10,6,5,2,10,6,1,4,9,9,6,4,7,7,4,7,7,2,5,5,5,2,3,2,4,6,3,9,2,8,8,5,8,7,4,6,5,5,4,5,7,4,6,5,3,3,5,11,3,6,6,5,4,6,4,7,8,3,8,7,8,4,5,3,8,7,12,1,8,7,5,3,5,4,6,3,6,3,8,7,12,6,3,4,6,6,6,4,11,4,7,7,8,5,6,2,1,4,0,4,3,6,2,5,2,7,3,2,4,1,4,2,7,7,2,7,7,1,8,4,3,10,5,6,9,5,3,8,6,7,4,7,2,3,5,5,2,3,5,4,5,6,4,6,2,5,3,7,9,5,1,3,7,5,7,2,4,4,7,5,5,2,4,5,5,4,9,8,3,5,3,5,7,5,6,6,5,8,3,10,5,6,8,6,4,9,10,3,3,4,3,4,7,7,5,6,4,1,6,4,5,4,7,5,1,6,8,1,3,7,5,5,3,3,4,2,6,3,7,9,4,6,1,5,4,2,3,4,9,4,2,3,3,5,3,3,1,8,6,4,4,3,3,3,3,2,6,6,3,3,6,7,6,4,3,5,7,6,6,6,9,7,6,2,2,5,6,2,6,5,2,5,6,7,5,5,6,2,8,7,6,4,6,6,7,6,4,9,4,2,7,4,4,4,5,6,6,4,10,8,7,3,2,6,3,3,3,8,10,8,8,3,7,6,5,5,6,5,5,9,8,3,2,8,5,7,4,7,7,3,4,4,7,6,8,1,9,5,3,10,5,3,5,9,8,7,3,4,5,6,9,7,4,1,8,5,5,4,7,5,6,4,3,6,10,6,6,3,1,8,6,3,6,2,8,3,2,4,4,7,4,7,6,6,2,6,7,6,6,6,6,5,4,4,10,5,3,5,6,5,5,6,4,5,9,2,4,10,5,5,3,6,7,6,7,4,9,2,4,2,9,6,0,6,6,2,6,1,11,4,7,7,7,7,4,9,5,5.072,9.45987394798249,0.68412605201751
1,5,9,3,7,3,4,7,3,8,8,6,6,5,6,9,7,5,3,1,8,2,5,5,2,3,8,2,7,5,5,3,5,6,5,8,6,3,5,12,6,7,5,8,3,7,3,5,4,9,2,1,6,8,6,4,4,4,7,6,8,4,4,6,6,1,5,4,6,5,8,10,6,5,8,2,7,5,6,1,3,8,7,4,3,8,3,10,5,6,4,2,7,5,3,3,7,2,5,1,5,5,8,7,7,2,6,5,5,8,6,11,5,4,7,5,8,4,4,7,7,5,3,5,4,8,2,1,5,6,2,4,5,7,6,7,2,9,3,5,4,1,4,3,6,5,8,6,5,4,4,3,5,3,10,3,7,5,3,5,4,6,7,6,6,1,7,4,8,5,7,4,6,3,7,8,5,6,6,5,4,5,5,6,5,4,6,8,3,6,3,2,6,3,9,3,5,4,4,4,4,5,3,10,4,5,4,1,5,7,2,10,4,7,6,7,2,4,9,7,9,4,9,8,9,4,3,2,9,5,6,4,5,7,7,4,6,4,3,4,3,4,4,11,5,4,4,5,5,6,7,6,4,9,3,3,4,6,2,4,15,1,2,8,3,2,4,8,5,8,0,6,5,5,2,2,7,3,0,3,5,2,7,11,2,4,1,4,5,1,2,8,7,4,4,7,5,2,3,5,2,6,4,8,2,4,1,6,5,10,4,5,4,5,3,2,5,6,4,1,5,4,4,6,6,6,8,3,5,5,4,4,3,5,7,5,9,2,2,3,8,7,5,5,5,6,5,4,4,4,7,3,7,4,4,8,5,1,2,5,7,3,8,6,8,6,4,8,4,4,2,8,2,11,4,4,7,5,3,2,3,7,8,6,9,7,1,4,4,5,2,5,0,4,8,2,3,1,7,6,2,3,5,8,4,5,3,3,7,5,6,2,5,5,5,6,6,4,9,4,4,4,7,8,3,6,8,6,5,3,6,5,1,10,2,7,5,4,0,5,5,6,7,5,2,6,7,6,5,4,7,9,3,5,2,5,4,4,6,8,6,5,4,4,5,6,8,5,6,4,6,5,4,9,6,7,9,3,4,4,7,8,7,7,6,10,3,7,2,6,6,2,1,9,4,4,6,3,11,4,7,4,1,5,2,6,2,6,4,8,3,1,14,5,2,8,1,3,11,1,9,7,4,5,6,3,6,1,3,6,6,3,5,2,3,4,6,2,2,5,5,4,9,5,7,6,7,6,10,4,5,8,4,2,6,2,3,0,12,5,1,4,3,3,2,2,5,5,4,5,5,4,5,5,6,2,7,3,5,7,5,6,5,5,7,5,3,7,5,10,5,3,4,4,9,8,4,2,5,5,10,4,6,9,7,3,4,5,4,6,4,7,5,6,7,6,1,5,7,6,4,4,4,7,9,2,4,7,4,4,1,5,3,10,5,6,9,1,8,7,6,4,4,11,6,7,6,3,4,4,7,4,4,3,6,11,7,4,2,6,8,3,6,3,7,1,4,3,7,2,12,3,4,5,8,9,8,7,8,3,7,10,6,9,6,6,6,4,7,8,4,3,7,7,5,7,3,7,2,3,4,9,4,5,3,7,5,5,1,1,8,4,1,1,4,4,5,3,1,7,3,6,10,4,3,6,3,3,2,0,4,3,6,2,5,5,2,8,6,3,8,4,6,2,5,3,2,6,8,8,4,4,3,2,1,6,4,9,5,3,3,6,1,7,2,1,5,4,7,2,3,2,6,7,2,2,5,3,4,9,5,6,8,3,4,3,6,6,2,5,7,4,7,1,1,4,4,7,9,8,2,8,5,6,5,3,8,5,4,6,5,9,3,4,3,3,6,4,3,3,5,5,4,8,4,4,6,7,6,4,8,4,6,1,7,6,7,6,3,3,2,4,4,8,5,6,11,3,5,7,2,4,4,5,4,5,2,3,6,6,1,6,4,6,5,6,2,7,5,9,4,14,10,3,5,5,7,8,7,4,5,1,7,3,4,6,6,7,6,6,3,6,7,3,4,1,6,8,6,5,5,6,7,5,9,3,6,11,5,6,2,5,7,6,5,6,6,6,10,2,8,4,8,7,2,5,4,1,7,8,4,2,5,4,2,10,2,1,2,2,8,5,9,5,4,4,2,6,3,8,4,6,5,8,4,6,3,4,4,5,6,3,7,3,1,2,5,4,4,7,0,2,6,9,6,6,4,3,5,3,5,1,8,7,9,4,6,4,2,3,6,8,4,5,5,8,6,4,3,7,5.022,9.57025629234995,0.473743707650049
4,4,8,3,6,7,7,1,7,12,6,5,1,4,5,6,4,4,7,5,4,5,5,2,5,7,5,4,2,6,9,4,4,8,6,11,9,6,2,7,8,4,8,3,5,1,2,7,7,2,2,9,6,5,7,7,4,5,4,7,6,6,5,4,7,3,4,4,7,5,3,7,6,1,3,4,1,1,2,7,6,6,5,7,7,5,6,10,4,4,7,6,8,2,4,5,6,1,3,7,8,3,2,3,4,3,6,2,5,7,9,4,6,7,14,4,6,8,6,8,3,5,7,3,1,8,6,4,4,7,2,7,3,5,5,5,6,5,2,6,5,4,7,7,5,6,1,7,4,4,1,3,5,2,7,1,2,6,4,3,5,7,6,2,5,2,4,5,12,5,6,4,7,3,4,3,5,4,3,3,8,4,3,8,3,5,5,3,4,8,3,2,8,7,4,5,4,8,4,4,9,4,8,3,1,7,6,4,6,6,8,1,4,2,4,3,2,3,5,6,6,4,6,3,6,2,7,2,3,0,2,5,3,5,6,2,3,7,3,5,5,4,3,5,5,6,6,3,4,5,5,5,3,4,5,6,1,3,1,3,6,4,4,7,2,5,4,7,3,2,5,5,5,7,8,7,1,2,7,5,9,3,5,3,3,8,5,6,8,10,4,13,3,5,3,3,5,10,5,5,5,7,3,8,3,6,9,6,9,8,5,4,7,5,4,9,4,3,4,2,4,3,4,1,6,4,3,6,7,5,4,11,6,2,4,6,5,8,5,3,5,4,3,1,9,4,3,2,9,5,6,3,4,5,6,5,6,5,5,2,4,7,6,5,2,4,9,7,4,4,4,6,3,3,4,5,5,8,4,2,2,5,5,3,6,2,4,2,6,8,4,8,1,0,7,4,6,2,8,8,4,4,10,10,6,5,3,8,7,11,6,3,7,4,6,2,5,6,5,7,10,5,3,4,4,7,3,8,6,4,1,9,6,6,8,7,3,6,5,3,3,5,2,4,6,3,6,4,7,14,0,8,3,7,6,7,6,8,3,4,7,2,3,1,7,6,5,5,3,2,8,7,5,7,3,5,5,2,4,9,5,8,4,3,9,8,7,3,5,6,5,5,4,6,2,4,4,5,7,8,4,5,4,5,2,3,5,10,3,8,3,5,6,0,4,6,8,6,5,8,5,6,2,10,8,4,3,5,2,7,6,11,3,4,4,2,2,8,5,3,5,4,5,3,5,6,2,3,8,3,2,4,5,5,3,5,4,6,5,7,3,6,4,5,3,3,4,5,4,3,5,4,6,7,4,6,7,7,6,5,3,8,8,8,2,6,3,6,6,6,2,5,4,4,6,6,3,4,5,5,3,3,9,7,4,6,6,10,3,8,8,7,4,0,6,4,8,2,3,1,1,3,4,4,10,4,6,0,5,7,8,4,5,4,9,6,4,9,1,12,3,4,6,7,3,8,9,4,4,3,4,6,4,3,0,4,4,1,7,4,2,3,2,5,10,8,7,2,3,5,4,4,4,3,3,6,4,4,9,0,5,5,6,2,5,3,6,3,3,5,9,3,7,1,6,5,7,6,2,4,2,4,3,2,6,6,3,5,5,4,8,8,7,10,1,9,3,4,2,6,6,3,3,6,4,6,3,3,4,7,9,7,3,1,2,6,5,6,7,8,3,4,2,4,6,5,2,7,2,6,2,6,4,4,4,5,10,5,3,5,4,9,5,6,2,1,4,7,6,0,4,6,6,3,8,6,8,4,3,5,4,4,13,8,6,2,4,6,6,4,1,4,6,5,4,9,9,2,5,5,4,1,11,3,7,5,7,7,10,4,7,5,3,3,0,7,6,4,6,6,6,5,9,7,9,6,6,1,5,9,4,5,2,1,4,4,8,7,6,2,8,2,5,7,7,6,3,6,3,4,7,5,10,4,9,6,4,5,6,5,3,7,5,1,6,4,8,4,4,2,7,7,3,2,5,1,7,6,3,5,6,4,3,6,5,3,9,5,5,9,4,2,2,6,7,6,4,9,5,5,4,3,2,2,4,2,6,4,4,7,4,6,2,0,3,3,4,3,4,6,7,7,3,6,3,3,3,2,10,6,4,1,5,8,8,7,4,2,4,2,2,5,7,4,7,6,2,5,8,8,2,5,5,6,9,7,8,1,5,7,6,5,6,6,6,4,4,7,3,3,3,3,7,7,9,4,5,5,5,9,3,5,5,6,3,6,4,5,2,5,5,6,6,6,3,6,6,5,4,1,4.942,9.38639574195541,0.497604258044587
10,4,1,2,2,2,3,6,7,3,10,5,5,5,9,8,6,5,5,2,5,5,4,4,4,4,0,6,2,3,8,6,2,2,6,3,10,1,3,7,7,5,4,2,4,4,5,3,5,2,5,4,4,11,3,4,6,6,6,9,4,7,2,7,7,2,7,3,3,5,4,2,3,4,5,2,4,4,4,1,6,3,2,4,3,4,2,8,2,5,6,3,4,4,9,5,4,3,4,6,7,2,1,5,6,2,5,4,7,6,5,4,4,4,4,3,4,4,4,4,6,4,2,2,7,5,6,5,3,9,1,4,1,7,7,1,9,6,11,9,7,5,7,3,6,3,5,7,6,2,6,8,4,5,5,4,6,6,5,3,7,4,4,5,3,4,4,7,3,3,2,6,5,8,5,12,3,4,6,6,4,5,6,6,3,6,5,4,7,6,1,5,2,5,7,6,1,5,6,5,2,5,9,10,4,4,3,3,3,4,2,4,4,6,3,2,6,5,4,9,6,5,4,2,12,2,2,3,6,4,3,11,5,7,3,3,11,8,3,8,3,5,4,1,2,7,8,3,5,7,7,6,6,3,3,3,5,5,5,6,5,1,4,3,4,8,4,4,1,7,4,5,6,8,6,14,3,7,8,3,6,6,11,9,4,7,4,5,3,6,3,5,4,4,3,7,6,6,6,7,4,3,4,3,7,2,2,6,4,1,2,4,5,4,4,3,3,9,4,4,3,8,7,4,1,5,3,8,3,2,5,5,5,8,1,3,5,3,6,8,5,3,4,10,4,8,6,5,7,7,4,7,7,4,4,6,4,5,7,6,7,5,9,5,7,5,5,6,2,8,2,2,8,2,7,5,5,5,8,5,8,5,7,6,5,3,5,2,6,4,9,5,3,3,4,2,6,6,9,6,6,6,3,6,6,2,4,4,7,5,8,6,3,5,9,3,7,10,1,10,5,9,3,7,5,1,5,5,8,6,4,3,5,3,3,4,7,6,5,4,6,5,0,3,5,4,3,4,6,3,3,4,5,4,6,7,4,4,6,2,8,6,5,3,7,2,4,4,5,4,3,4,4,3,3,2,5,3,4,4,7,7,6,8,6,4,4,7,8,3,3,6,2,6,5,6,5,4,3,6,7,7,6,5,6,4,2,6,2,4,5,6,6,3,3,6,1,7,6,5,5,7,5,4,3,6,1,4,4,6,8,8,6,4,4,5,3,6,7,5,2,3,8,6,3,7,7,6,11,5,6,4,6,7,6,6,4,3,5,4,6,4,6,4,5,6,11,6,5,2,4,9,5,5,3,7,5,2,2,4,5,2,8,9,5,5,2,1,4,6,5,5,8,5,9,6,4,8,5,5,8,8,8,8,6,7,7,13,4,5,7,6,5,6,7,3,4,2,8,8,4,2,4,4,8,4,8,6,7,6,7,2,8,3,6,7,7,9,2,3,2,2,10,5,4,6,1,5,5,7,3,10,0,5,7,4,2,6,5,8,3,4,9,6,3,3,4,4,5,4,8,6,2,1,5,4,7,5,2,4,10,7,2,8,4,1,10,5,6,5,6,3,7,9,4,5,7,3,4,6,4,2,0,4,5,4,7,3,8,5,5,9,2,5,6,6,4,3,4,3,2,3,5,2,3,6,6,7,5,4,5,5,7,4,5,3,4,8,4,5,4,5,4,6,5,7,8,5,5,5,3,3,4,8,1,8,9,4,5,5,0,5,8,4,2,2,3,10,0,7,5,2,10,6,6,5,5,4,5,6,4,8,5,3,9,4,8,2,4,2,6,3,2,4,5,2,9,6,3,3,7,7,10,4,4,9,5,3,8,8,5,5,2,3,4,5,7,6,8,4,4,3,6,2,5,3,2,8,6,4,3,2,3,2,5,1,4,2,6,4,6,13,5,5,2,9,6,5,3,8,5,3,4,12,2,11,6,8,7,10,5,9,12,9,8,8,3,7,4,7,7,5,7,4,3,7,2,4,3,7,7,4,3,8,3,7,4,8,2,1,9,6,7,5,4,7,9,10,4,7,5,1,6,8,5,3,5,7,7,2,2,4,9,7,2,0,6,4,4,5,5,6,2,9,1,9,10,5,5,6,5,8,3,2,3,4,2,4,7,6,9,6,5,5,5,7,8,4,5,10,3,4,6,2,4,6,7,8,5,7,6,2,4,10,4,7,2,5,8,3,3,5,2,8,4,4,1,5,5,4,5,3,5,8,8,3,2,8,4,6,5,6,4,5,3,5,7,8,4,5,5.013,9.43927322521602,0.586726774783975
5,5,4,4,3,6,2,5,5,10,8,4,5,3,4,6,4,11,6,9,4,6,8,2,2,7,4,6,5,6,4,8,6,8,7,6,2,1,4,6,7,2,3,3,10,4,6,5,6,3,5,2,5,3,4,3,6,7,6,6,1,3,5,3,4,6,3,10,8,2,5,5,8,4,2,9,3,3,3,5,4,9,8,6,7,7,4,3,4,4,7,2,4,5,4,2,11,5,3,5,4,4,10,7,2,4,2,8,6,5,5,5,4,7,9,8,3,5,3,3,5,4,5,4,5,5,3,2,4,7,7,7,3,1,6,4,4,5,2,7,3,2,9,8,8,7,4,6,7,4,7,2,9,3,4,3,3,3,4,4,2,7,6,5,2,6,8,5,3,3,5,5,9,5,5,3,5,5,3,3,9,5,2,6,9,6,6,4,5,3,8,5,7,3,6,1,8,7,3,6,5,6,5,5,2,4,7,6,4,3,2,8,4,5,6,3,2,8,6,5,3,8,7,6,4,9,4,8,6,3,5,5,6,5,5,1,4,5,4,7,6,3,3,3,3,5,10,6,6,2,8,5,6,6,4,2,2,4,4,7,9,4,5,7,4,3,10,1,1,3,2,6,6,4,4,9,7,7,5,6,2,3,2,1,10,5,8,3,6,6,5,6,5,6,1,8,4,5,4,3,9,2,4,7,7,13,6,4,6,4,6,6,4,8,6,4,5,5,6,7,1,5,4,4,3,7,6,4,6,2,9,3,4,2,3,2,7,6,6,3,2,5,3,4,5,2,6,3,3,3,6,6,4,2,3,4,4,4,6,3,6,4,8,3,5,2,3,4,5,4,7,5,4,8,7,2,7,3,7,6,1,8,4,5,10,9,9,1,4,5,6,6,5,2,3,9,6,1,3,2,5,5,4,4,8,7,2,6,4,4,4,5,8,5,7,1,4,5,5,3,2,9,6,4,3,4,3,8,5,6,9,3,3,11,0,5,6,4,6,3,1,2,5,6,7,4,8,7,7,3,10,3,5,2,5,4,3,2,3,6,2,5,3,3,9,10,9,6,3,7,8,3,6,4,3,7,9,3,7,7,9,6,4,4,11,9,3,4,7,6,0,4,6,5,1,3,4,3,7,2,7,4,3,6,4,4,3,4,5,1,3,2,1,1,3,4,3,2,3,6,2,3,5,2,4,6,4,1,5,6,4,6,6,2,4,6,7,6,6,5,3,1,7,3,3,3,3,5,7,8,3,3,9,13,6,3,4,3,9,7,11,4,7,6,4,3,4,9,6,6,4,4,6,9,7,7,5,6,5,9,4,5,4,1,5,1,8,4,4,7,3,3,4,5,2,4,7,3,11,5,2,5,8,14,6,6,5,6,8,3,6,6,3,6,10,7,1,1,2,7,7,4,4,4,2,2,7,8,8,6,2,7,7,6,0,4,3,5,5,1,2,6,6,8,6,1,4,3,5,4,3,3,7,5,11,4,8,2,5,3,8,1,3,3,3,0,11,8,4,7,6,3,7,6,7,6,4,0,6,8,5,3,7,5,10,9,4,8,5,5,3,2,9,3,3,6,5,4,3,6,6,5,5,8,4,4,4,3,7,2,4,4,5,3,5,4,4,5,2,4,3,5,7,8,3,11,4,6,5,5,5,7,6,4,5,7,8,10,3,2,11,5,1,8,2,0,6,1,5,6,3,4,4,5,2,7,9,6,7,4,0,5,5,4,4,7,4,2,5,10,8,3,6,7,5,5,4,10,7,5,5,5,5,3,11,6,7,4,7,2,4,8,4,1,0,5,2,4,2,3,6,5,7,5,9,6,7,14,6,4,2,7,2,10,7,2,3,4,6,6,1,6,5,1,7,5,7,10,4,7,3,13,4,4,3,5,5,8,6,6,6,3,5,5,5,5,8,10,4,5,8,6,5,1,6,6,6,4,4,6,7,6,6,5,6,4,4,6,6,3,4,3,4,5,7,5,4,2,4,2,5,4,7,3,4,3,7,4,7,4,2,5,2,4,2,4,3,8,5,10,8,4,4,4,6,4,9,2,7,12,7,6,6,3,5,8,1,6,10,5,6,8,2,6,3,8,1,8,3,6,2,5,9,4,4,4,10,5,4,5,5,3,11,7,8,1,5,9,7,7,3,1,7,4,5,6,2,6,8,4,4,7,8,8,2,7,0,7,6,4,10,0,3,5,1,3,6,6,4,7,5,6,4,5,7,3,3,9,4,9,3,9,3,7,4,5,2,5,4,5,5,9.59556159640869,0.40443840359131
6,2,5,2,6,4,8,6,10,2,4,7,8,5,4,4,4,8,5,5,4,2,3,3,3,4,3,1,9,9,8,6,8,7,12,10,6,1,3,10,7,5,2,5,4,4,6,1,1,3,4,8,8,7,7,2,9,8,9,5,10,5,1,7,6,4,9,3,3,2,3,4,4,5,6,4,5,3,3,2,2,2,7,3,6,7,1,3,10,6,7,7,7,5,3,3,11,5,1,6,2,6,2,3,6,1,2,4,5,4,7,7,1,5,5,2,5,5,10,2,7,8,5,7,7,2,6,7,4,3,5,7,8,4,6,6,1,5,4,7,5,4,4,7,9,5,2,8,7,6,5,2,7,2,4,5,5,3,4,4,7,6,5,3,6,5,3,7,9,8,4,6,3,7,3,5,3,10,6,9,10,10,4,2,2,2,6,6,4,5,8,9,1,11,9,2,7,6,5,5,3,7,6,4,5,5,5,3,7,4,5,5,8,6,4,3,1,4,7,5,5,8,6,5,0,5,4,7,8,4,4,5,6,10,6,3,3,5,2,2,8,4,6,5,6,5,4,3,6,4,7,7,7,3,5,2,6,8,4,3,7,3,2,3,2,11,2,6,3,2,2,9,6,4,4,3,4,8,5,1,5,2,5,5,7,5,3,7,2,4,6,8,3,5,5,3,5,6,7,7,2,4,7,3,3,4,3,5,3,6,5,4,6,3,4,4,3,4,8,4,4,2,4,6,4,4,1,2,4,10,0,8,5,8,6,3,3,5,7,4,0,4,2,4,5,6,2,6,5,2,4,5,0,7,5,6,2,7,4,6,2,3,3,6,5,6,5,4,7,6,4,8,8,3,4,7,2,2,5,4,7,2,3,5,8,3,2,7,7,3,3,5,5,2,1,1,3,3,9,10,8,3,3,9,3,7,4,6,10,8,9,4,9,8,7,8,4,4,6,8,3,7,5,3,7,4,7,2,7,8,5,6,4,1,3,5,5,4,1,3,5,5,5,5,4,5,6,6,3,4,5,2,2,5,3,3,3,5,4,3,2,8,4,5,5,2,7,4,10,6,3,7,5,7,4,4,7,1,4,7,8,8,7,7,5,3,9,5,4,4,4,3,6,5,5,2,2,1,2,6,8,7,3,2,5,5,5,3,5,4,3,6,5,4,5,6,5,3,6,7,5,5,6,9,7,2,5,1,3,8,4,5,8,7,3,4,6,3,2,4,3,4,6,8,5,6,7,4,5,6,5,4,8,6,7,6,5,4,4,3,8,9,5,6,7,2,6,8,5,8,5,7,3,9,2,5,5,5,12,12,4,6,5,3,5,1,3,8,3,5,4,2,8,2,3,6,3,7,5,9,3,2,9,6,3,3,9,5,5,1,9,6,4,2,4,4,2,6,5,1,6,4,3,6,7,2,0,8,7,12,5,3,6,6,2,7,8,3,4,8,3,7,1,13,4,0,7,2,4,5,5,6,2,3,3,8,6,9,7,5,3,2,8,7,3,4,2,5,6,3,3,2,5,6,3,7,3,5,5,4,5,6,6,4,6,4,6,3,4,3,5,7,2,7,4,5,3,4,5,5,7,6,3,5,9,4,6,3,3,5,5,9,5,2,3,3,12,4,3,5,8,6,7,5,6,5,3,4,4,2,6,3,10,6,2,3,5,4,6,0,9,4,1,6,5,4,2,3,3,8,5,8,6,5,7,10,6,3,6,5,5,4,4,8,4,4,4,8,8,6,6,5,7,5,4,3,5,2,4,9,6,4,6,8,5,3,6,5,5,2,6,2,5,2,1,3,11,1,5,5,2,4,6,4,6,3,4,4,5,4,4,4,3,4,3,4,5,3,5,6,2,4,8,6,6,3,5,7,8,5,1,7,2,2,3,6,5,8,8,5,3,6,3,8,7,8,5,8,1,7,5,5,3,9,3,5,5,7,11,6,3,3,4,3,12,3,2,4,3,8,5,4,5,8,1,5,2,1,4,4,3,9,4,2,2,6,5,4,6,12,7,2,5,8,4,1,11,2,4,4,6,4,4,7,3,4,2,6,5,6,4,6,6,5,7,5,5,6,5,4,6,4,9,6,5,3,10,3,7,3,3,3,4,5,3,7,4,9,4,2,5,3,5,4,3,3,2,3,5,6,1,4,5,7,6,6,6,7,6,6,7,9,7,5,6,3,4,5,4,5,3,4,4,2,5,3,5,5,4,3,3,5,5,4,9,2,4,3,4,8,5,5,7,4,6,9,7,6,6,10,4.935,9.36645852566224,0.50354147433776
2,5,5,9,6,2,11,3,3,6,12,3,8,6,4,9,6,6,3,8,5,7,10,3,2,3,3,0,2,5,11,3,8,4,5,8,8,3,3,3,7,6,3,5,6,2,6,1,4,4,6,7,8,0,5,3,6,6,3,5,6,3,1,5,5,3,3,5,4,5,5,4,1,4,5,2,4,3,7,4,5,8,6,2,1,3,7,9,5,5,9,6,2,3,6,5,2,4,4,4,6,5,5,9,6,4,5,6,4,6,7,10,5,4,5,6,2,6,4,5,4,6,5,5,2,10,6,6,6,5,6,4,9,4,6,5,10,5,5,2,5,6,6,4,5,3,2,5,4,3,6,4,5,4,4,5,3,2,6,3,3,5,8,4,5,3,7,6,7,3,5,10,6,6,1,2,4,8,1,8,6,8,9,4,5,8,5,4,6,4,7,3,1,7,4,4,4,7,3,9,7,4,5,6,6,4,2,8,3,4,2,4,2,4,6,2,2,3,8,4,3,7,7,6,7,4,7,6,6,4,1,6,2,6,4,3,9,1,6,7,4,3,5,3,9,6,3,2,5,7,5,4,7,4,6,2,3,4,3,7,8,4,6,3,4,4,5,2,3,2,6,6,3,4,5,6,3,6,6,8,10,4,6,8,2,9,2,3,4,7,1,4,7,3,5,9,6,10,3,5,4,4,5,2,2,5,3,9,6,5,5,8,4,6,2,4,4,5,9,4,2,3,3,9,7,6,8,3,4,11,1,3,7,5,2,3,5,4,4,4,5,4,7,2,9,10,5,4,3,3,6,5,7,4,2,4,4,5,5,5,1,1,8,6,6,6,3,10,4,7,3,6,3,7,9,5,3,5,5,6,1,6,6,7,4,11,6,5,3,9,2,9,3,3,5,0,9,4,8,6,9,10,3,5,5,8,6,8,4,4,2,1,5,4,4,3,3,3,4,1,6,8,3,6,4,8,4,3,4,2,7,3,7,3,3,5,4,8,6,3,3,11,5,2,12,6,7,4,3,1,6,3,2,3,1,7,6,6,8,6,5,4,7,5,5,1,8,7,3,5,4,2,3,6,5,4,4,5,6,3,1,9,7,7,3,4,1,4,3,4,7,4,5,5,7,9,5,5,9,4,5,6,5,8,5,7,2,5,3,3,3,5,6,6,2,8,4,6,4,4,8,7,2,7,9,4,5,4,6,11,6,5,7,2,5,3,5,3,1,5,2,3,4,5,6,6,5,9,2,7,5,4,9,4,4,8,2,2,4,7,5,4,9,3,1,5,7,5,9,3,3,11,5,6,7,9,12,5,1,0,8,3,5,11,5,3,9,6,4,5,5,4,6,8,2,7,7,5,7,7,10,4,1,5,4,3,6,7,4,5,5,8,5,5,7,5,3,3,3,7,4,7,4,5,6,4,7,4,5,6,4,4,6,10,5,6,5,6,6,3,5,5,5,6,4,4,2,6,9,6,2,5,3,6,3,4,4,7,2,4,2,4,5,9,7,3,6,3,4,12,7,2,9,1,5,9,4,2,11,2,7,2,9,7,5,5,5,7,10,5,4,2,4,2,4,1,5,7,3,6,1,2,4,4,5,1,3,6,8,5,7,8,6,3,4,4,6,6,5,7,5,4,5,6,3,4,3,6,7,5,5,7,7,7,6,5,4,7,8,4,3,1,5,7,5,3,3,7,8,5,4,2,3,5,5,3,4,5,3,6,3,5,4,8,4,1,4,1,4,3,8,2,7,4,5,6,5,5,1,7,2,1,7,2,6,3,5,8,3,0,3,4,8,3,5,1,6,9,4,9,1,9,7,2,3,6,2,3,6,3,7,9,7,5,3,7,6,2,6,4,7,3,3,3,5,3,4,7,6,7,9,4,6,6,4,5,5,7,6,9,7,4,5,6,4,5,5,5,10,7,5,3,7,8,8,5,3,2,4,5,4,6,5,6,7,1,7,5,2,5,6,8,6,4,6,7,4,7,2,4,6,5,2,6,4,4,4,3,2,11,7,6,8,1,7,6,6,9,3,6,5,6,7,3,10,3,4,5,6,9,3,4,2,6,6,5,5,6,1,5,5,6,9,3,2,6,4,6,7,5,6,2,1,2,3,5,4,2,6,3,6,1,7,5,2,5,5,5,4,5,4,4,4,7,9,6,8,4,6,3,2,5,5,6,3,2,1,9,5,4,5,3,4,6,5,8,3,5,7,8,3,2,2,8,7,8,4,5,3,6,7,5,4,3,4,4,4,5,3,2,4.96,9.33452565596714,0.585474344032861
4,3,5,5,1,8,8,7,6,7,7,0,8,2,8,6,5,6,5,1,3,10,5,4,2,5,3,3,7,6,9,5,6,3,4,3,4,3,3,6,11,3,8,2,3,7,6,6,3,0,4,5,5,11,4,6,3,9,9,4,2,5,2,7,8,5,3,5,4,6,3,5,9,5,7,5,5,1,6,4,4,6,5,4,5,5,7,5,3,6,8,4,7,3,5,6,2,7,8,8,6,1,6,1,7,1,8,4,5,5,1,4,2,8,3,9,4,6,3,4,7,6,6,4,3,7,2,5,6,4,6,4,7,4,3,3,1,8,5,2,2,5,6,3,8,8,1,8,4,4,2,8,8,5,7,3,6,5,1,5,3,3,3,1,5,4,2,10,8,6,2,6,1,1,6,4,3,6,5,4,3,6,2,6,4,6,8,9,7,3,7,5,6,7,3,5,7,6,6,1,8,4,4,11,5,4,4,6,2,6,5,3,5,4,7,1,4,8,12,9,5,4,6,3,6,1,4,4,7,4,4,8,3,2,7,3,6,3,5,9,2,7,8,5,4,3,7,8,5,8,6,7,3,5,6,6,3,6,5,5,8,4,1,8,3,6,2,0,2,5,3,3,5,4,4,5,4,4,7,6,5,4,9,4,11,5,6,3,1,3,4,5,1,4,6,2,4,4,5,6,4,4,5,4,4,6,6,7,7,11,3,4,7,4,5,4,2,8,4,4,0,6,5,5,4,5,4,2,10,1,2,6,4,5,4,5,10,4,5,4,8,2,6,9,6,3,4,8,6,2,6,4,6,5,3,9,5,3,5,9,4,10,5,5,3,6,4,6,8,7,8,6,7,4,8,6,4,6,6,5,4,4,5,4,6,1,6,7,4,2,4,5,6,6,2,7,5,1,8,6,4,0,2,10,5,5,4,3,11,8,4,5,6,6,10,5,4,5,9,4,7,5,6,3,3,6,5,5,7,5,8,3,2,4,6,7,1,4,9,1,5,2,2,4,5,4,7,5,2,3,9,3,4,7,7,3,2,3,9,3,9,8,1,3,8,5,5,8,7,8,5,5,3,8,6,10,6,2,4,4,12,2,5,6,8,10,6,11,2,7,5,5,2,8,6,3,3,8,5,3,4,1,5,8,4,2,4,5,6,6,6,6,7,4,9,3,3,4,3,4,3,6,10,6,3,5,1,4,5,4,4,7,2,4,7,4,8,1,3,2,5,3,6,6,4,2,7,2,5,1,3,7,3,8,2,2,4,2,7,8,2,3,3,4,6,6,5,6,2,5,7,4,4,9,5,3,3,4,9,5,8,5,6,3,4,2,5,1,3,4,3,3,8,5,8,12,6,4,4,6,6,3,3,8,3,6,5,7,4,6,13,3,2,5,8,5,5,4,6,6,3,6,1,6,6,6,5,11,4,7,9,6,8,4,5,1,8,8,6,4,5,1,3,7,1,6,5,5,7,2,6,6,3,5,4,5,7,5,6,4,3,6,6,5,7,6,6,6,6,6,8,2,8,5,4,5,4,5,3,5,11,3,7,2,9,3,14,4,9,3,7,3,8,1,8,7,6,6,1,0,6,7,6,4,2,6,6,7,4,5,6,5,9,3,4,8,4,5,3,7,4,12,7,3,7,3,5,4,5,4,8,5,2,5,5,3,2,6,9,7,4,6,4,2,5,7,4,6,9,9,6,8,4,4,4,4,10,7,7,4,5,11,4,2,1,7,2,4,1,11,8,6,4,6,3,5,6,8,4,6,4,7,8,9,15,4,5,6,2,5,4,6,6,3,3,3,7,2,9,5,2,10,5,7,3,8,7,5,3,4,3,3,3,5,2,7,3,1,7,3,2,7,1,7,7,3,7,4,5,3,6,4,4,1,2,6,1,6,9,3,5,3,2,5,5,4,6,3,4,6,5,6,2,6,3,5,5,7,11,10,4,7,6,4,9,4,4,6,8,6,6,6,11,5,7,3,4,4,5,3,2,4,4,7,4,10,5,6,6,2,10,6,1,1,4,6,8,9,6,3,3,4,3,2,6,2,8,5,7,4,3,3,1,4,4,2,6,7,9,7,3,7,3,4,3,7,3,3,5,6,5,9,3,4,7,5,1,2,8,4,9,4,4,8,3,4,8,9,6,11,3,5,7,6,4,7,3,7,7,6,2,5,8,8,8,5,4,3,6,1,2,6,6,6,5,5,3,2,8,7,5,9,10,6,5,4,3,10,3,4,2,6,7,3,1,5,4,4,6,6,5.059,9.6577063714365,0.460293628563498
5,4,5,4,5,10,4,9,5,4,7,3,4,6,6,8,7,5,5,5,2,6,5,4,2,6,5,4,2,3,9,5,7,6,10,8,5,7,7,9,8,7,6,5,7,5,3,4,6,4,5,4,7,9,7,6,1,4,4,7,7,3,6,6,10,6,6,4,3,3,8,4,6,4,3,4,1,5,3,3,7,8,5,2,8,4,3,5,5,4,5,5,7,7,7,3,5,1,2,4,4,5,3,3,3,4,3,4,5,5,8,3,0,6,12,4,5,8,9,5,3,3,8,2,7,6,4,8,8,6,7,3,5,1,7,2,3,3,5,8,7,3,7,8,8,5,6,9,6,2,4,3,8,6,5,2,2,4,3,2,7,2,8,6,9,4,5,7,4,5,6,3,4,0,3,6,8,5,2,2,9,3,3,6,6,6,6,5,4,4,9,7,5,3,2,2,1,3,5,8,6,7,10,5,4,3,5,7,6,3,6,3,4,8,4,5,3,4,8,4,4,5,6,9,7,4,1,3,4,7,6,7,9,10,4,4,7,8,6,4,3,3,2,4,4,5,3,3,10,6,7,9,9,3,10,4,5,7,4,6,6,4,4,3,3,6,9,4,3,6,2,8,5,5,8,4,4,3,5,5,7,4,8,3,7,3,5,4,5,3,2,4,3,3,2,5,3,2,2,7,5,7,4,3,4,5,6,3,8,4,4,6,7,5,3,3,4,2,5,2,3,7,6,6,4,6,10,7,7,3,9,2,4,11,6,4,10,6,3,4,2,2,4,4,5,5,4,1,3,8,5,5,5,5,3,7,5,2,2,4,3,7,5,2,5,3,4,7,6,6,5,8,5,7,7,1,3,5,5,5,4,6,1,6,7,8,5,7,7,4,0,8,4,5,3,6,1,6,6,5,7,8,6,7,6,3,5,4,5,9,4,7,5,2,6,7,3,9,4,6,11,6,7,1,7,2,4,8,4,7,9,5,3,7,7,7,4,6,8,3,6,6,3,4,2,6,7,5,6,11,5,2,3,5,7,4,1,2,3,9,1,4,6,6,7,5,8,5,3,6,6,6,3,8,7,7,6,6,10,10,4,6,7,5,5,10,11,4,5,6,10,6,2,11,3,4,3,2,3,10,6,8,7,6,9,2,3,6,1,3,3,9,4,7,2,5,4,10,6,7,4,5,4,6,5,6,3,6,2,7,7,5,2,3,3,10,2,6,6,8,3,1,4,6,7,4,3,4,6,7,7,4,4,6,7,3,6,4,7,6,8,5,7,5,2,4,4,4,6,6,4,5,3,8,9,3,9,7,4,1,5,5,2,8,3,5,6,4,4,1,2,4,4,5,7,3,4,3,1,6,4,7,6,9,6,6,3,4,4,7,10,5,5,3,7,3,5,2,5,5,4,4,6,2,4,4,4,8,7,3,3,7,7,5,5,13,2,6,4,5,2,3,3,6,5,2,7,3,8,2,10,8,11,1,5,4,6,1,5,8,10,7,1,4,3,4,5,6,5,3,7,5,5,8,6,4,5,5,5,3,3,11,2,0,7,4,7,5,3,6,7,5,7,6,4,5,5,6,2,7,6,3,2,4,5,4,7,2,8,7,6,3,10,1,3,3,8,1,4,6,5,2,2,6,5,5,8,2,5,4,5,6,5,5,3,7,2,5,8,5,5,7,3,3,5,4,3,2,9,5,6,5,6,8,3,7,8,5,2,4,3,4,6,5,3,7,4,4,4,2,3,5,8,5,4,7,5,6,3,4,7,9,5,7,6,2,10,5,5,1,6,4,3,3,4,4,6,1,7,4,1,6,6,4,7,3,10,10,4,4,8,7,4,7,6,4,6,5,6,5,2,4,1,3,4,9,5,9,6,6,3,12,2,1,5,7,7,2,9,10,8,3,5,5,8,3,7,6,4,7,6,5,6,5,1,3,7,2,9,9,5,7,3,5,5,8,13,1,5,4,9,4,3,3,5,3,10,1,3,6,5,4,5,3,2,6,4,3,2,6,3,0,5,9,3,4,4,4,5,5,4,11,3,9,5,6,4,3,3,10,5,2,5,3,4,3,5,6,1,7,7,9,11,7,2,7,7,8,9,6,2,4,6,7,5,9,10,4,8,7,5,4,3,5,5,3,5,8,11,7,3,2,7,5,12,7,9,10,5,6,7,12,7,6,4,7,2,2,6,1,4,6,3,9,3,3,6,5,9,4,5,2,9,2,6,2,6,4,4,6,9,9,10,5,7,7,4,6,1,5,5.14,9.6708416399126,0.609158360087398
5,4,5,7,10,11,4,6,10,8,11,5,7,3,10,5,3,9,6,8,2,7,3,6,4,2,2,5,7,4,1,2,5,8,6,6,4,1,4,5,9,10,11,6,9,5,5,2,8,5,8,8,4,9,6,5,6,8,5,3,1,1,3,2,5,11,5,5,5,5,9,6,6,6,5,3,3,6,7,8,6,6,1,8,6,7,3,5,10,4,12,5,2,5,5,5,6,1,5,3,3,3,3,5,2,3,3,3,3,5,2,6,4,6,5,2,6,2,5,3,5,4,7,3,5,5,4,4,4,6,9,5,8,2,6,6,6,8,5,4,3,5,8,6,7,5,1,6,4,2,7,7,8,7,6,4,8,3,3,1,2,4,2,3,6,6,6,5,6,2,5,6,6,8,11,3,6,8,4,3,8,4,5,3,5,4,7,4,8,4,5,8,3,9,2,3,9,5,6,3,1,6,4,5,2,5,4,6,4,1,2,4,0,6,7,2,10,5,5,8,5,5,6,4,8,4,4,7,6,4,3,5,4,7,4,1,1,3,9,1,5,4,5,5,3,2,6,3,6,7,8,3,6,8,9,2,1,3,5,5,5,4,8,4,8,6,4,4,6,1,6,5,7,5,6,4,4,6,5,5,5,3,7,2,9,5,5,3,5,5,3,9,4,6,6,4,8,5,6,4,4,8,6,7,5,7,8,3,7,6,7,5,4,3,4,8,7,6,5,2,3,4,6,10,1,4,2,6,6,4,6,3,2,6,1,2,8,10,4,5,9,3,6,3,5,6,7,2,7,6,4,6,2,5,7,4,5,5,2,2,5,5,8,1,7,2,5,7,5,3,6,5,6,4,7,6,1,1,2,5,6,4,5,2,5,7,4,6,8,3,1,7,3,11,6,5,9,4,8,4,5,3,4,6,10,5,2,8,7,6,1,8,7,6,4,5,1,3,5,4,6,7,6,3,5,4,6,7,6,8,2,1,3,9,5,7,4,2,5,2,6,8,6,6,7,3,11,4,5,6,5,6,1,3,2,4,5,3,6,7,6,4,6,4,6,6,6,7,8,5,6,3,8,5,4,6,5,2,6,6,7,6,9,5,2,7,5,8,4,5,4,3,8,5,10,9,6,6,5,8,7,6,4,4,9,11,5,3,5,2,2,5,6,4,3,4,4,4,3,7,3,3,9,4,8,6,3,1,6,3,4,5,9,1,4,3,7,2,5,5,1,3,6,12,2,3,4,6,5,9,2,2,12,10,4,5,1,2,5,8,8,7,5,6,4,2,5,6,9,3,5,11,2,9,5,2,8,8,10,10,3,6,12,3,6,3,2,6,2,2,4,5,9,8,5,4,9,4,7,6,3,6,6,10,7,7,4,7,2,0,3,9,3,5,7,3,3,5,3,4,4,7,3,5,3,4,4,8,8,5,5,3,2,5,4,6,6,5,3,4,3,5,2,9,4,8,9,5,5,6,6,4,2,4,2,6,7,8,4,7,11,6,2,5,3,2,4,2,4,4,3,4,5,3,3,5,6,8,3,5,6,5,4,1,7,1,5,1,7,7,4,6,5,1,2,9,5,5,6,3,1,3,5,5,8,5,2,9,6,5,7,6,9,4,4,3,5,2,2,6,1,2,2,3,0,8,6,4,4,7,4,5,5,6,5,5,6,5,8,4,9,4,6,5,2,6,5,3,1,7,3,6,5,4,2,3,7,4,4,5,2,5,11,6,4,4,5,3,2,4,11,7,7,5,5,7,4,5,3,4,5,6,3,6,10,4,2,6,4,1,9,1,6,4,3,1,8,2,1,7,4,7,4,3,2,2,5,5,4,6,4,5,8,4,5,5,7,6,9,4,2,8,5,3,9,6,8,5,7,6,9,4,3,5,5,7,2,5,8,6,4,6,5,9,8,7,2,4,6,7,3,5,3,5,8,7,6,3,9,8,5,4,4,4,6,7,5,6,3,4,3,10,6,2,3,7,4,6,3,6,6,10,6,8,9,7,10,3,5,7,8,2,4,8,6,6,3,4,1,8,5,5,6,4,8,6,5,5,3,2,3,4,6,6,5,1,4,5,2,4,6,7,9,6,3,4,3,6,2,5,2,7,4,3,12,6,4,6,6,4,1,7,4,5,2,8,4,8,5,5,4,3,7,1,5,5,5,7,6,5,3,5,7,9,7,5,1,8,8,5,2,3,2,4,6,5,5,3,6,9,7,1,4,5,9,5,4,5,3,5,10,5,6,7,3,8,5,5,2,2,5.071,9.56158551334373,0.580414486656265
2,3,4,6,5,1,8,1,6,6,8,2,4,4,6,6,6,5,4,8,7,11,4,8,3,7,2,3,4,8,10,3,7,9,4,6,5,5,6,5,10,5,4,4,5,6,2,1,7,9,1,4,7,4,3,4,6,4,7,1,7,5,4,2,5,4,7,3,6,4,6,7,3,8,5,7,7,3,6,4,4,5,5,3,7,7,7,6,4,6,8,8,4,8,11,4,8,5,5,1,5,5,4,3,3,3,9,5,6,3,3,3,3,6,5,6,4,6,8,3,5,3,3,5,4,8,8,4,5,4,5,7,3,10,4,4,2,3,5,7,6,8,5,5,7,5,3,4,7,1,9,4,7,5,2,2,10,5,1,8,5,3,5,2,6,2,4,6,7,9,6,9,4,4,7,4,3,8,6,5,6,12,3,8,3,4,6,7,6,2,7,5,11,7,1,6,7,4,3,2,10,6,5,5,6,6,8,5,3,6,4,4,2,6,2,2,3,5,3,6,4,5,5,3,7,9,4,4,2,4,4,6,4,3,7,4,7,5,0,6,3,3,4,3,5,6,5,4,7,4,8,6,3,5,8,4,5,4,5,4,6,8,3,8,4,5,4,3,6,4,5,10,7,6,4,2,2,4,3,5,4,7,6,8,7,4,2,3,1,9,10,3,4,7,6,4,6,5,6,8,10,3,7,4,3,4,4,4,3,9,4,5,3,10,3,4,3,0,7,4,8,5,8,5,4,4,6,1,7,3,8,6,4,7,3,5,6,7,8,5,6,4,8,7,4,7,8,3,4,1,6,5,6,5,3,5,4,3,2,4,1,4,3,6,4,7,3,6,3,6,3,5,3,1,7,2,2,5,5,8,2,7,9,5,6,3,4,7,4,5,1,4,6,4,8,5,10,4,7,11,9,3,7,7,10,6,8,2,5,5,2,4,5,5,7,2,4,4,4,11,1,7,6,3,3,4,3,4,7,2,2,3,3,4,1,5,9,3,7,5,4,3,6,10,4,1,6,2,2,6,7,6,3,5,7,3,6,5,7,8,3,3,4,4,4,3,9,10,5,6,7,5,5,4,3,2,4,2,5,3,5,3,7,8,7,4,7,5,7,5,2,9,5,7,6,3,0,5,2,3,9,6,5,5,6,4,6,7,4,6,3,5,10,5,5,6,1,2,2,3,4,8,4,4,1,1,4,5,3,7,8,7,3,2,6,4,9,6,4,1,9,9,7,5,6,7,0,4,7,2,10,5,8,3,9,1,4,3,4,6,8,6,6,7,9,2,5,7,5,7,4,7,8,7,5,5,8,3,9,5,3,3,4,3,5,3,8,6,6,4,4,5,4,5,4,9,3,5,2,6,4,6,10,7,8,2,9,6,2,3,12,5,6,3,8,7,1,1,5,6,5,6,4,4,5,7,11,6,4,3,10,7,8,7,6,6,6,10,4,2,5,6,3,8,1,4,4,2,4,4,2,10,2,10,4,5,6,5,6,6,4,5,5,7,9,4,3,7,8,6,5,2,10,4,4,6,3,3,5,7,6,1,8,3,8,7,3,7,5,2,6,6,8,5,8,1,5,12,4,9,4,5,5,4,6,3,4,5,3,6,9,9,6,2,7,1,7,3,6,3,6,1,4,5,5,6,1,8,7,1,5,6,7,2,3,4,1,4,6,7,8,4,2,5,5,6,4,4,4,1,5,8,5,5,1,7,11,9,6,5,2,7,4,5,5,4,5,4,8,6,6,5,5,4,2,5,6,8,8,8,2,6,8,4,9,5,6,13,6,2,9,7,8,3,1,2,6,4,0,8,4,9,3,3,3,6,6,4,3,1,3,3,6,13,4,3,1,3,8,7,4,7,5,0,6,6,8,3,3,5,3,7,3,6,9,2,9,5,5,5,8,6,2,5,7,1,4,8,4,10,4,4,5,4,6,4,6,8,2,7,7,6,6,4,4,2,4,2,5,6,8,5,10,7,4,5,5,4,8,8,6,3,10,3,6,4,5,3,6,9,5,3,1,3,3,7,3,5,4,6,7,3,6,4,5,5,5,6,9,5,6,1,6,4,6,2,10,8,10,7,4,6,4,4,2,5,6,2,1,5,0,4,2,4,3,6,7,7,7,4,2,3,5,6,4,3,4,3,5,9,3,5,11,4,9,4,3,7,6,4,4,7,8,6,3,11,4,7,7,3,6,6,5,10,5,4,5,5,7,3,5,6,6,6,8,6,2,4,8,5,7,5,3,3,3,5,6,8,4,4,5.105,9.60756507473818,0.602434925261818
2,1,7,5,7,7,3,2,10,9,11,2,6,3,10,2,8,5,5,4,6,8,8,7,2,3,7,6,5,4,6,5,4,3,6,7,5,5,2,5,8,3,6,8,6,6,6,6,7,5,7,2,8,6,3,7,8,6,5,5,4,2,3,5,4,10,8,4,2,2,4,5,9,5,4,4,1,3,6,7,8,13,7,7,9,8,4,7,6,3,9,1,5,3,5,1,7,4,3,5,5,5,4,4,6,8,6,11,4,7,6,7,2,9,6,8,3,2,8,1,3,5,6,2,5,8,5,3,6,4,4,4,4,8,4,4,4,9,3,2,9,7,5,4,8,7,3,8,3,2,3,3,4,6,2,5,1,6,2,5,4,4,3,4,5,3,5,9,4,2,1,1,9,3,5,5,3,9,7,5,4,9,3,2,5,4,10,5,1,9,5,7,2,7,4,7,3,9,5,3,5,6,7,3,9,4,5,4,4,4,3,3,3,1,6,10,3,6,9,7,1,8,6,5,5,4,7,8,5,1,3,7,2,5,5,6,7,5,2,2,5,2,6,9,5,7,4,1,2,7,10,5,8,5,7,3,3,3,5,6,9,4,5,4,11,6,4,8,4,1,5,8,6,5,7,6,5,5,7,5,3,4,2,3,5,2,4,3,5,6,2,3,7,6,6,2,6,6,6,2,2,4,3,4,4,7,4,5,5,11,4,6,2,8,9,2,4,5,9,6,4,2,9,4,3,5,6,6,5,6,4,7,0,5,2,4,7,5,5,4,6,5,3,0,6,9,5,6,6,0,5,5,5,3,2,5,7,7,4,5,3,5,7,1,5,6,5,1,5,0,6,4,5,7,9,8,3,4,3,8,1,7,3,6,6,7,7,1,3,4,5,7,8,1,2,2,7,4,4,6,7,9,4,7,7,6,6,1,6,7,8,9,4,4,7,6,7,6,5,5,9,5,5,6,8,9,5,4,7,3,3,6,1,9,5,4,6,8,5,3,7,4,7,2,2,8,4,2,2,6,3,2,5,4,5,5,1,1,6,7,4,5,4,7,6,5,7,4,1,4,5,5,5,3,2,3,10,3,5,9,5,8,4,4,5,6,3,7,4,6,3,3,7,6,4,9,2,6,5,7,7,2,5,6,5,8,6,6,1,8,2,5,5,4,7,1,4,4,5,2,2,4,9,5,8,2,4,3,4,2,8,5,3,6,9,6,4,3,3,9,7,8,6,7,7,3,2,4,1,3,3,6,5,7,4,2,13,4,5,6,5,1,8,11,2,4,6,1,6,8,3,5,7,8,2,4,6,8,6,8,9,6,5,6,5,4,5,8,3,7,5,3,3,5,5,2,6,8,2,10,9,3,4,12,2,1,5,7,2,6,12,1,5,6,10,5,5,2,4,7,5,4,4,2,8,4,8,11,5,5,6,3,5,9,5,11,4,3,7,2,2,3,5,5,3,4,5,4,5,3,6,8,8,2,1,8,6,0,6,5,6,8,7,3,4,7,2,6,5,8,10,2,2,5,5,4,4,10,4,9,1,7,4,3,10,5,4,6,6,7,5,3,8,4,10,8,7,7,6,3,2,7,5,4,7,0,3,5,4,7,4,2,6,3,4,2,10,3,4,7,6,6,4,3,5,2,4,5,7,9,5,4,4,3,4,2,3,10,6,5,6,5,3,3,1,6,2,3,3,8,3,3,2,4,2,8,8,4,3,5,4,7,9,6,4,6,2,5,6,5,5,6,8,4,5,2,10,3,4,4,8,3,5,3,6,1,6,5,4,4,6,3,3,4,6,6,5,4,6,6,1,8,8,8,7,4,7,3,4,2,3,4,6,3,6,4,9,3,3,8,4,5,6,4,5,3,2,2,5,2,4,5,4,3,6,7,7,7,9,6,5,5,2,7,1,4,2,4,9,7,6,5,4,4,8,5,3,5,8,5,5,4,6,10,8,2,5,4,4,3,6,6,4,5,6,6,7,6,2,4,4,12,5,8,2,2,4,4,8,5,4,3,7,4,6,6,10,5,7,6,6,6,12,5,8,3,3,4,1,12,4,8,3,4,8,1,6,7,4,10,3,5,5,10,5,6,6,9,8,7,9,1,4,3,7,8,5,8,1,2,5,5,6,10,3,8,10,11,3,8,6,3,4,12,3,4,6,9,8,7,6,10,7,4,5,4,6,6,8,1,4,3,4,5,4,3,2,5,6,5,6,5,3,5,7,7,3,4,4,5,7,5,9,4,4,3,6,1,7,5,5.099,9.70258719842401,0.495412801575988
2,1,9,5,6,6,4,5,4,5,7,3,5,3,6,7,3,7,0,3,7,5,3,10,5,3,8,4,5,10,5,5,7,5,6,7,3,5,5,3,5,7,3,7,3,5,5,2,5,5,3,8,2,9,3,0,5,7,2,3,7,2,2,5,11,2,1,8,5,3,9,2,3,2,6,7,2,5,8,4,3,5,3,9,4,7,5,3,1,6,11,3,4,12,8,5,3,9,6,5,4,4,1,4,6,4,10,8,2,8,7,4,6,8,4,2,3,3,6,4,1,5,4,4,7,7,7,3,8,8,6,2,4,2,6,3,5,1,2,5,1,6,6,5,3,7,1,3,3,9,9,5,7,2,3,8,3,7,4,3,3,5,9,1,3,2,4,5,1,10,6,5,6,10,5,7,3,6,7,0,7,4,6,8,11,9,0,5,5,5,4,3,3,4,3,2,7,4,8,4,5,3,7,2,7,6,1,6,5,7,2,5,4,6,4,4,7,5,6,9,9,4,5,8,7,9,7,8,4,5,7,6,1,3,5,3,5,5,10,6,7,3,5,2,5,9,3,3,8,3,1,3,4,2,4,6,4,4,2,7,2,8,3,8,1,7,6,4,7,5,9,5,11,4,8,3,2,6,5,10,2,5,9,2,4,3,8,7,3,8,4,3,4,7,7,7,2,2,8,4,7,4,3,3,8,10,8,7,7,8,1,6,5,4,3,3,6,7,6,2,6,4,4,8,6,4,7,8,5,8,3,6,6,4,3,4,8,4,5,2,9,2,8,7,8,5,6,6,7,6,5,3,9,9,2,8,6,5,3,10,3,6,6,7,4,3,7,6,7,7,11,6,3,1,5,5,7,3,4,2,2,7,6,7,4,7,5,5,2,5,4,9,4,5,2,11,6,3,11,4,4,5,6,2,7,6,6,4,7,5,3,3,5,4,3,4,3,8,2,5,7,3,3,5,4,4,7,4,5,4,9,3,3,7,8,6,8,6,8,5,6,8,4,5,5,6,6,6,5,4,3,4,4,2,5,6,5,5,9,9,2,6,6,8,5,4,7,5,4,3,8,6,8,5,7,4,5,2,8,6,4,5,5,7,4,11,0,7,5,5,7,5,1,10,3,6,6,1,8,7,6,3,2,7,3,7,7,7,3,11,8,5,7,3,8,3,8,7,4,6,6,3,8,11,15,9,6,5,4,5,5,6,5,3,8,4,4,2,6,5,2,2,5,3,7,4,4,3,3,4,6,4,4,5,9,3,5,3,9,10,7,8,9,5,3,2,5,6,9,6,2,3,8,8,6,7,9,8,5,6,5,3,5,4,2,2,8,6,3,1,6,2,2,7,5,6,6,9,4,4,2,4,10,7,7,8,1,3,3,5,11,4,2,4,8,5,0,3,3,2,7,5,5,4,6,7,3,5,7,11,2,6,2,10,4,9,7,8,7,3,8,5,7,7,4,10,5,4,5,3,3,4,2,5,5,4,6,9,2,6,4,5,2,10,2,7,8,3,6,6,4,7,10,7,4,7,11,4,5,3,9,9,9,2,6,3,8,2,3,7,4,6,8,3,6,6,3,7,6,4,5,5,8,4,4,3,5,2,8,2,8,8,6,5,2,1,7,4,2,1,5,8,6,6,5,5,8,5,8,8,1,4,4,6,5,6,6,6,4,2,9,4,1,5,1,4,2,5,9,11,4,9,10,6,3,4,7,5,7,5,5,7,1,4,3,4,7,6,4,6,5,6,7,7,5,11,11,7,2,4,10,7,5,5,13,7,8,7,3,1,2,7,4,2,5,2,4,1,8,7,8,2,3,5,5,8,10,8,2,5,13,4,7,4,4,5,8,3,5,6,1,7,3,5,8,9,4,2,5,3,3,4,3,5,5,4,7,7,9,3,5,2,0,5,6,5,4,4,3,6,5,2,4,8,3,7,6,9,11,5,10,4,5,8,3,2,9,8,3,7,2,4,7,6,4,4,4,2,7,7,2,8,3,3,5,5,4,3,2,4,7,2,6,7,4,5,6,9,5,5,6,3,5,6,6,3,5,3,5,4,5,2,2,4,1,5,10,5,3,6,6,3,8,3,1,7,3,6,8,8,2,5,5,6,5,5,8,1,6,4,5,8,2,2,7,9,2,5,3,5,3,5,7,7,7,9,6,3,6,8,4,5,8,5,6,2,2,5,4,2,4,8,5,6,4,3,4,5,7,5,3,4,4,3,7,6,6,4,9,7,13,5,6,7,5,1,3,3,5,6,5.192,9.90126818778293,0.482731812217073
3,3,5,4,3,6,7,4,3,9,5,3,3,2,4,2,4,4,5,5,0,5,7,3,2,6,6,2,6,2,7,5,4,7,8,4,6,8,7,9,9,10,9,2,3,4,2,3,9,7,10,7,5,6,3,6,7,7,9,5,7,3,4,3,8,11,2,7,9,5,4,3,5,7,8,3,2,4,5,7,4,8,6,5,6,6,3,5,5,3,13,2,5,10,11,4,3,5,5,4,5,7,2,7,6,4,7,3,10,10,8,1,5,5,6,1,3,4,5,6,10,7,4,4,4,5,7,0,9,7,10,13,8,10,10,8,1,3,5,3,3,5,5,6,4,5,2,8,4,6,7,7,4,10,4,4,6,6,4,1,5,5,5,2,6,3,10,9,3,3,3,4,6,8,8,9,4,5,2,5,8,4,3,6,9,5,7,6,5,7,6,6,6,3,6,7,5,5,5,3,1,6,5,7,7,4,4,4,4,6,5,7,6,7,4,4,7,8,1,3,4,0,3,7,4,6,6,5,6,5,2,4,4,6,2,4,5,4,6,4,4,4,5,6,2,5,2,1,7,9,3,6,4,8,12,3,3,3,9,7,9,3,1,8,7,3,4,3,5,2,3,4,6,3,7,4,7,4,2,4,2,10,11,2,5,1,6,9,7,7,6,4,4,5,7,2,1,5,4,5,2,10,4,7,5,5,4,3,8,8,5,6,6,7,4,6,7,3,7,4,3,7,3,6,4,4,5,7,5,2,8,3,2,7,3,3,7,3,10,3,7,4,4,2,5,4,5,5,8,5,4,2,5,6,5,3,4,4,4,3,5,5,8,5,3,3,5,7,5,4,4,2,4,3,3,2,0,3,6,1,5,3,5,4,6,3,4,7,11,3,4,6,8,3,5,7,3,8,8,6,6,6,3,3,9,6,9,4,9,8,6,6,7,3,4,1,5,6,8,8,2,7,6,0,4,4,3,10,2,7,9,6,6,4,9,4,6,8,10,3,6,8,5,9,5,3,5,3,2,8,5,4,3,4,10,3,5,2,4,5,5,6,3,9,6,5,4,6,5,2,4,8,7,4,4,7,8,3,4,6,4,6,11,5,7,7,6,1,5,6,5,5,7,7,9,4,2,4,5,6,9,1,3,6,12,2,6,7,1,5,3,4,6,1,4,4,5,2,4,9,3,5,5,7,5,8,7,6,6,8,3,2,4,6,7,6,3,2,5,5,3,1,10,6,3,7,1,2,5,3,4,6,5,7,4,6,5,4,8,6,2,6,8,7,6,7,8,6,4,3,5,5,3,5,7,3,9,10,3,7,3,4,10,5,4,1,3,5,10,5,9,7,6,4,7,8,8,3,4,5,6,7,6,6,6,6,8,6,5,4,4,4,7,5,8,1,3,4,4,3,10,4,7,7,6,2,8,9,6,5,8,3,4,9,2,11,4,8,4,4,7,10,3,7,5,6,3,3,3,4,9,4,6,4,4,7,6,2,5,3,4,4,7,9,2,5,5,6,5,5,6,3,4,3,6,5,9,2,8,5,5,7,4,2,5,9,6,6,4,5,0,3,10,1,5,7,6,3,3,5,8,6,9,0,4,5,3,6,1,9,4,6,9,5,12,3,9,2,3,3,9,3,4,4,4,7,6,4,7,2,3,5,6,4,6,5,2,2,9,7,4,8,5,6,7,7,5,7,7,6,6,4,7,5,2,4,11,4,5,3,2,6,7,4,7,13,6,3,5,7,9,11,8,6,6,7,4,2,5,6,5,4,7,3,5,2,4,5,5,2,7,4,9,2,3,3,10,3,9,1,7,4,3,6,2,4,5,4,5,4,7,6,7,9,4,6,4,2,4,3,1,9,5,6,7,4,7,9,2,4,6,3,5,10,6,10,7,5,5,2,9,4,11,9,2,4,4,9,3,10,2,7,8,8,10,7,5,12,9,6,7,7,5,11,4,5,7,0,2,2,8,1,8,6,5,3,3,6,11,4,11,8,4,2,3,4,4,1,6,8,6,4,4,2,6,2,6,6,3,3,4,2,8,9,3,6,5,1,7,10,7,4,7,3,6,0,10,10,7,6,4,7,9,8,5,7,5,8,4,6,5,5,4,2,12,1,6,1,8,6,11,3,5,4,1,10,5,7,4,7,8,6,4,6,4,4,10,6,8,7,8,10,4,8,3,4,1,6,3,8,1,5,4,5,7,8,9,5,2,4,2,6,8,7,12,7,11,7,5,4,7,8,4,7,4,3,5,1,5,1,5.281,10.0563158496443,0.505684150355719
11,8,6,5,6,5,4,6,7,2,7,7,2,5,5,3,6,5,4,7,2,8,2,7,2,5,2,6,3,6,5,2,5,7,11,7,8,7,4,6,4,9,7,7,7,4,2,9,3,2,9,7,10,5,6,6,7,6,4,3,3,6,4,4,1,6,4,5,5,1,5,2,9,5,3,2,7,7,4,5,8,8,6,6,4,4,3,5,7,8,6,4,5,3,9,3,5,1,6,8,3,10,4,6,7,4,5,7,5,6,6,3,4,4,1,4,3,10,4,3,3,5,12,4,10,4,3,6,7,2,4,11,4,4,6,4,1,6,2,3,11,13,2,9,6,5,2,5,5,2,10,7,8,7,4,1,9,3,1,6,7,4,5,6,7,4,7,6,5,3,2,9,4,6,0,5,7,7,6,5,2,5,4,5,2,2,6,5,5,3,6,5,8,6,8,7,7,3,7,4,8,6,8,5,3,6,5,5,2,10,3,6,2,5,2,3,5,9,6,5,6,9,3,3,3,4,5,5,7,11,7,10,6,6,2,6,5,5,8,3,7,3,4,4,4,8,5,4,6,4,5,2,1,2,10,2,9,3,5,7,7,3,9,6,5,11,4,4,5,2,3,8,9,6,5,5,5,3,4,2,5,3,4,7,9,5,5,3,4,5,4,6,6,7,7,4,3,5,3,0,7,3,9,9,4,7,5,10,7,8,4,7,3,4,5,3,7,3,13,0,7,4,5,8,6,1,8,2,2,3,7,4,2,6,5,8,6,6,2,7,3,4,3,10,9,5,4,4,3,5,6,8,3,4,2,6,8,5,3,4,2,7,6,8,4,4,3,6,6,2,3,7,4,3,1,5,2,2,1,6,3,10,10,9,5,3,6,4,6,3,4,7,2,7,2,7,5,3,5,5,8,9,7,4,10,5,7,5,3,12,5,5,2,6,8,5,0,7,4,3,7,5,3,6,5,4,5,7,10,6,9,4,4,7,4,5,8,3,4,4,12,9,2,6,1,10,8,7,4,9,7,4,6,6,4,8,2,4,10,4,6,5,5,6,6,5,8,6,7,11,8,4,7,4,1,6,7,6,5,8,7,1,5,6,6,4,5,5,3,1,6,5,9,8,4,3,5,3,4,2,10,3,10,13,5,3,5,7,2,6,6,6,4,2,2,4,6,9,7,6,5,4,5,8,14,5,3,4,3,10,8,7,5,1,4,8,6,7,7,2,3,7,4,8,9,5,6,7,5,7,4,7,7,2,2,6,7,3,7,7,5,6,5,7,1,6,4,7,4,4,6,7,6,10,3,2,7,5,3,4,8,9,4,6,3,8,4,3,5,2,3,6,10,7,8,5,4,6,4,6,4,4,9,7,6,10,5,8,1,7,12,2,4,4,8,4,4,3,4,6,9,7,7,3,4,4,3,3,8,5,3,4,4,6,5,7,4,7,7,3,6,4,8,4,6,4,6,3,7,4,5,6,11,5,2,3,11,6,10,3,6,2,4,8,8,4,4,9,7,7,8,7,8,3,5,3,3,2,4,11,2,3,5,4,11,6,7,6,3,9,8,5,2,3,6,7,4,10,5,5,5,5,8,5,5,8,5,6,3,3,8,1,11,2,5,2,6,2,6,6,2,2,7,5,6,3,1,7,5,4,7,11,7,4,3,6,2,11,2,4,6,2,3,4,1,5,4,3,5,7,5,3,3,3,3,3,4,2,4,5,3,5,4,7,4,1,9,4,3,4,5,6,4,3,4,4,3,3,4,5,2,6,8,9,8,5,12,6,5,6,9,6,3,5,3,4,9,5,6,5,3,6,4,6,4,7,7,6,6,5,4,6,6,7,3,7,9,6,7,7,7,3,5,3,7,6,7,3,2,5,5,2,4,6,6,10,5,4,9,9,6,7,4,6,5,7,5,6,7,6,5,5,3,4,5,6,2,5,11,8,8,4,7,8,3,5,7,5,5,6,4,6,11,5,5,6,7,7,4,5,7,9,5,2,7,9,3,1,1,4,3,3,4,8,5,7,6,8,5,7,5,6,8,0,9,6,5,4,4,6,6,6,5,3,3,1,8,7,2,6,6,9,6,3,2,4,5,9,3,4,0,6,3,3,6,4,7,5,12,4,5,4,6,4,5,5,2,7,6,6,6,3,7,6,5,11,5,8,10,5,6,3,6,9,4,10,5,9,10,5,5,4,6,2,6,4,1,5,5,6,2,1,7,4,7,4,4,4,4,4,7,6,8,9,6,5,6,5,3,5,5.312,9.96686436449568,0.657135635504317
6,6,7,6,5,4,2,6,2,12,5,1,3,4,11,4,6,11,2,4,7,7,5,7,3,10,3,5,4,10,5,2,4,4,7,7,3,8,4,1,5,7,3,9,7,5,1,6,2,11,6,3,4,2,4,2,8,3,4,2,2,7,5,7,6,10,6,7,6,6,7,4,6,6,9,7,8,4,8,4,9,13,8,6,3,9,8,8,5,6,5,4,2,8,7,5,3,4,5,3,4,5,5,11,3,4,7,5,1,6,6,4,5,6,5,5,3,4,7,2,5,1,7,3,1,6,8,7,6,6,7,2,3,5,5,5,3,4,4,6,3,5,7,5,8,10,3,6,5,5,10,5,3,8,3,9,8,2,4,6,2,6,4,3,2,3,6,11,4,5,7,6,4,9,5,9,6,7,7,5,12,9,6,3,5,5,4,9,9,5,2,5,8,4,4,6,7,2,1,7,7,11,8,3,9,5,2,10,4,0,4,6,1,4,5,7,4,8,5,3,5,10,7,3,5,6,2,6,2,7,2,10,4,6,8,4,7,2,4,3,5,3,4,5,8,5,5,4,11,4,5,4,2,6,4,4,3,5,9,8,6,7,2,6,3,3,3,4,7,6,1,8,3,3,5,5,7,5,4,5,5,5,3,6,4,4,6,3,5,12,7,5,2,2,5,5,1,3,6,9,9,4,4,4,8,6,2,4,7,10,1,5,6,4,6,7,8,8,9,5,7,6,7,8,8,6,4,7,4,3,3,9,2,4,4,3,5,3,4,2,7,3,5,3,6,3,3,6,4,5,6,6,4,6,7,4,4,4,5,7,3,6,7,2,1,8,2,5,7,8,3,6,4,3,8,10,3,6,6,6,2,6,6,4,3,4,7,4,2,7,6,7,5,3,5,4,9,7,6,5,9,3,3,5,4,4,4,5,6,8,6,5,5,4,2,4,6,5,4,3,8,9,5,6,7,4,5,4,5,7,3,8,8,7,5,3,6,3,7,5,7,4,3,4,5,4,6,2,4,8,3,5,2,4,4,7,9,8,7,4,4,13,4,10,5,6,11,6,6,6,10,7,4,5,1,1,7,2,4,3,8,3,5,6,5,12,8,1,8,4,1,2,5,7,5,2,6,1,8,12,3,3,4,1,6,7,2,8,4,1,5,1,9,6,5,8,6,6,9,5,1,6,7,4,9,2,8,3,9,11,4,8,6,5,10,8,8,5,6,6,6,7,7,7,6,3,2,6,3,6,6,6,4,7,4,4,6,2,3,6,5,6,4,7,6,5,5,8,8,6,9,8,5,13,1,3,8,2,8,5,6,3,4,5,9,3,4,6,11,3,6,7,2,5,6,3,8,4,4,7,4,2,6,6,2,8,2,6,9,6,12,5,3,3,3,3,8,2,4,3,11,4,6,4,5,6,7,8,9,5,2,6,10,5,4,10,4,6,10,2,1,3,3,6,6,10,6,7,4,4,2,7,4,5,4,6,5,5,7,6,2,8,4,7,5,4,9,7,5,3,5,9,6,5,6,6,6,5,5,4,7,3,7,6,7,2,7,1,6,5,4,6,10,4,6,5,7,7,5,1,2,8,5,6,7,2,3,5,6,4,4,7,6,6,3,8,5,4,3,5,3,1,6,4,10,5,6,5,5,6,6,3,11,4,9,7,6,7,6,9,7,8,4,4,5,3,5,5,3,7,8,13,2,4,9,7,9,5,0,5,4,6,6,8,4,5,11,6,3,2,6,5,7,6,5,5,11,11,1,11,5,10,5,7,7,2,11,7,4,0,8,6,4,8,8,3,4,5,1,6,6,3,3,9,4,5,6,2,4,7,6,5,7,8,7,4,1,6,3,4,3,7,1,2,5,7,5,3,9,9,4,1,8,6,10,6,7,5,6,8,5,4,4,7,7,5,5,15,6,4,2,0,2,8,4,13,6,3,10,7,6,5,0,3,6,1,7,7,5,6,4,6,8,3,2,7,6,5,4,1,6,9,6,2,7,7,2,5,7,3,6,3,7,2,6,8,2,8,6,6,7,1,10,4,4,4,4,9,7,5,6,3,1,4,1,8,4,3,10,8,7,4,8,6,6,11,3,6,2,8,5,4,5,3,7,5,4,6,5,8,5,8,10,5,8,5,6,5,3,5,6,5,8,5,7,3,5,4,8,7,6,7,9,6,6,1,6,9,6,2,5,7,5,3,5,11,6,6,5,5,4,4,3,4,6,3,4,1,5,7,5,4,7,12,7,6,3,7,7,5,5.383,10.1342062361361,0.631793763863937
5,4,9,6,5,4,2,1,7,5,6,8,7,2,6,3,7,4,1,5,4,8,7,4,4,5,3,2,8,8,10,5,3,5,5,5,6,11,6,5,6,5,7,10,6,3,0,4,2,7,9,4,5,5,6,2,5,4,9,5,4,2,3,8,1,7,5,4,2,4,6,1,6,5,3,3,5,8,6,6,3,6,3,5,8,13,7,8,6,8,9,2,5,9,6,2,6,3,5,8,1,5,2,6,8,3,11,5,1,8,8,5,5,7,9,2,4,9,6,2,6,4,7,3,4,9,6,2,7,6,4,3,11,5,3,3,3,8,2,4,2,4,6,7,3,5,4,8,5,6,2,4,5,3,3,3,3,9,5,5,6,0,6,6,5,7,6,5,6,6,2,6,7,6,5,9,6,6,9,2,6,2,2,5,9,4,6,3,3,6,5,6,8,5,4,12,3,7,4,7,6,5,7,5,9,1,2,7,2,5,8,5,4,3,3,3,5,7,6,7,7,4,5,6,6,9,7,16,5,6,2,6,5,6,2,6,4,8,12,3,12,4,5,4,4,8,4,5,4,8,3,6,8,6,7,6,6,5,4,5,5,10,7,8,8,3,5,1,5,5,9,6,7,4,3,5,2,2,6,2,2,2,5,7,6,6,5,8,5,9,3,4,6,3,5,4,1,5,4,5,2,2,8,3,5,5,5,6,5,9,1,7,11,6,5,5,4,7,4,5,9,3,2,9,3,3,6,4,6,6,6,5,3,5,2,3,5,7,10,3,3,6,12,7,8,6,9,2,4,5,5,2,3,6,5,4,5,5,2,5,7,4,7,3,5,5,5,4,4,6,8,4,4,9,11,0,4,5,3,6,6,5,5,3,4,5,7,3,2,3,6,6,8,3,3,2,4,10,4,3,6,3,8,8,9,4,4,1,5,6,1,7,3,6,4,6,5,5,3,9,6,8,2,7,5,6,3,4,5,8,7,3,5,5,8,5,4,12,9,3,7,5,6,2,4,6,6,6,2,6,5,8,2,7,5,4,3,7,4,6,5,6,5,4,7,5,11,6,5,4,11,8,5,3,7,1,6,5,7,7,11,1,7,4,6,7,5,4,7,6,4,2,5,10,4,9,8,6,5,6,9,2,8,4,4,5,3,7,1,10,8,3,6,5,5,6,2,8,5,3,3,5,1,4,6,5,3,2,14,10,4,8,8,3,5,7,3,7,2,7,4,3,5,7,4,8,3,3,10,2,14,1,6,7,9,3,9,4,5,4,4,3,7,14,4,2,4,2,10,6,5,2,7,9,5,3,6,8,6,9,9,7,5,5,2,4,4,4,4,3,3,7,3,3,6,7,5,6,6,8,6,6,9,7,6,6,6,7,3,4,11,5,4,4,8,5,5,8,5,4,8,2,7,6,4,6,9,6,9,4,7,5,3,12,10,8,2,7,9,5,9,1,9,10,6,6,3,6,5,6,9,9,5,7,3,8,5,6,5,6,3,6,4,4,4,1,4,6,6,2,9,3,3,4,9,8,6,4,2,8,7,3,5,3,7,3,13,2,5,9,6,7,11,3,8,5,7,7,8,6,8,5,4,5,6,6,1,2,4,2,8,4,9,5,5,7,11,2,1,5,4,6,5,2,6,4,4,3,3,9,7,3,6,3,5,10,4,7,5,4,9,12,6,8,6,3,4,3,2,5,4,5,3,2,1,2,1,3,6,6,4,8,10,3,9,6,7,5,6,12,8,10,7,1,4,4,14,8,6,8,3,2,4,5,4,7,5,6,4,4,7,5,4,5,3,2,7,7,5,6,9,3,3,8,3,10,4,5,2,5,6,4,3,7,9,4,7,3,11,6,5,8,7,5,7,5,3,10,5,3,13,5,1,5,4,6,6,5,13,3,8,9,5,12,7,1,5,3,6,7,7,4,4,9,9,7,4,7,8,8,6,3,5,10,4,4,6,2,5,6,6,3,8,5,9,3,2,5,4,5,4,9,7,3,9,4,7,2,6,2,6,3,1,2,4,4,7,5,2,6,4,4,8,4,7,4,4,3,4,6,6,4,10,5,3,4,5,6,6,2,3,5,5,8,5,7,6,9,2,4,1,5,3,10,4,6,3,3,5,6,2,6,3,4,5,11,3,4,4,5,8,6,10,5,7,7,4,5,9,8,2,7,6,13,2,4,7,3,4,5,5,5,7,9,2,2,3,7,2,3,4,6,4,6,3,8,5,3,6,8,5,4,5,8,7,5,2,5,9,1,5.369,10.2165661935038,0.521433806496248
4,6,11,9,8,5,6,9,6,10,6,5,2,4,9,6,3,7,3,4,3,3,2,5,5,4,9,6,7,4,4,6,8,9,10,5,8,9,4,6,10,6,8,5,2,6,6,7,7,9,6,3,4,8,2,5,6,10,4,6,2,4,6,6,12,6,6,8,10,2,9,4,5,5,4,6,4,6,7,8,4,4,9,6,9,7,3,3,4,6,10,4,6,3,4,13,3,4,3,5,5,8,4,5,5,5,8,6,4,10,10,7,3,4,5,4,6,5,7,4,5,9,9,7,4,2,3,7,11,5,9,10,3,10,9,4,4,3,0,6,5,6,3,2,7,10,4,10,4,6,8,7,5,7,4,3,2,5,5,5,6,3,2,2,8,5,7,5,3,6,4,5,7,8,5,6,7,8,5,5,8,4,3,5,3,7,3,4,6,8,5,8,3,7,6,3,7,6,7,4,8,5,5,8,13,11,5,3,2,5,7,4,8,6,5,11,7,5,5,9,4,5,5,4,9,9,3,6,5,9,6,4,11,5,6,5,4,7,8,5,5,3,9,5,5,7,5,5,8,3,7,5,4,5,11,2,4,5,3,2,2,6,6,6,8,5,8,6,2,5,4,7,8,4,9,2,1,7,7,6,7,4,10,7,4,5,5,3,7,2,9,6,8,9,2,5,6,3,4,4,5,11,7,4,5,6,9,7,9,6,8,6,6,11,4,4,7,2,11,6,4,7,6,4,4,7,1,4,8,7,6,6,0,4,2,5,3,7,3,2,9,3,5,2,4,11,5,3,5,5,5,3,5,4,6,6,10,7,3,6,6,5,7,11,3,2,8,7,11,4,9,5,2,4,3,13,8,3,3,9,7,8,8,8,5,5,5,7,9,7,6,5,6,7,10,5,5,3,5,5,6,9,3,5,11,3,12,5,5,9,6,6,5,3,2,4,7,8,4,8,10,7,6,2,8,5,7,6,5,7,4,8,5,9,3,6,4,4,10,6,8,8,3,3,5,7,4,7,4,7,4,7,6,3,6,1,9,3,8,8,6,2,6,5,5,6,5,7,2,8,5,6,3,5,7,3,8,2,8,3,7,6,6,4,2,9,6,4,8,4,3,6,3,7,8,9,6,4,5,4,7,4,9,6,6,4,3,2,4,7,5,11,10,7,4,10,6,6,5,7,6,4,4,4,11,7,10,2,3,0,6,5,3,6,7,8,5,7,3,5,6,4,8,6,3,5,3,4,5,8,6,4,8,4,1,3,5,8,11,9,3,6,10,5,4,6,13,5,7,4,7,5,5,3,9,4,9,12,7,3,4,3,9,10,2,5,5,9,2,4,10,2,7,5,8,5,6,3,7,5,3,7,5,7,7,9,8,4,2,4,6,4,6,7,9,10,8,3,2,3,6,4,2,9,3,1,4,8,7,8,6,4,5,5,6,9,10,6,5,2,10,6,4,7,3,4,8,9,6,4,4,3,5,8,2,0,5,9,4,7,2,3,7,8,4,7,5,4,6,7,5,3,7,3,10,4,6,4,4,3,2,8,5,3,7,3,7,7,7,11,2,5,7,6,7,4,6,12,9,8,6,5,8,4,5,4,7,4,5,10,4,10,10,3,2,2,6,4,2,5,7,1,5,9,7,5,4,5,10,3,3,5,5,4,3,5,4,2,6,3,6,6,4,6,1,9,5,11,3,5,9,6,6,4,5,4,7,8,7,6,8,4,6,4,8,3,9,6,4,7,4,5,2,11,7,15,8,6,11,2,0,8,9,9,9,3,9,6,7,4,4,6,4,3,7,6,7,4,7,7,4,8,3,2,6,3,3,9,2,6,10,4,5,7,8,10,6,5,3,4,3,4,6,1,9,6,3,3,5,5,9,4,5,3,6,4,7,9,10,5,8,4,6,10,7,3,7,4,2,5,1,6,5,9,7,4,5,10,8,6,8,7,7,8,7,2,7,1,6,5,7,3,4,6,5,5,4,4,7,6,5,9,3,2,9,10,6,3,2,6,2,4,1,6,9,1,6,3,5,8,5,6,5,7,6,15,3,6,2,5,7,4,5,3,6,3,4,8,7,3,6,3,6,6,5,5,4,5,4,4,0,14,5,6,6,1,6,5,9,3,8,2,3,6,3,4,6,11,8,7,9,5,5,7,2,5,5,1,9,12,7,4,6,5,3,6,5,9,11,4,3,7,8,6,6,3,5,8,6,4,3,4,1,5,9,5,5,7,11,6,6,5,5,11,6,5,5,5,4,6,5.677,10.500642320782,0.853357679218033
7,1,6,6,5,6,3,6,1,5,8,7,2,0,11,7,4,7,4,7,1,6,7,2,5,5,5,7,4,4,8,5,5,6,14,9,6,5,6,3,9,9,5,4,6,5,3,6,5,5,6,8,8,3,5,4,4,11,8,6,6,8,5,12,3,7,4,11,7,8,5,5,12,4,3,4,5,1,4,2,6,6,8,6,2,10,4,5,4,12,10,4,8,6,12,5,4,9,10,10,11,7,3,3,9,9,6,9,4,10,5,3,5,6,9,7,8,6,5,3,9,6,7,2,3,5,11,4,5,4,4,8,5,6,3,5,3,5,6,7,9,10,10,3,5,8,5,5,5,3,6,1,5,6,5,7,2,5,5,7,8,2,3,5,4,4,6,7,6,7,4,3,2,6,6,7,6,8,6,2,5,9,4,7,10,8,4,8,11,4,5,7,4,9,5,5,3,3,3,8,6,5,5,5,8,9,2,5,7,5,4,5,8,5,6,1,6,3,6,2,6,7,6,5,5,10,8,6,2,3,7,6,3,6,3,9,5,6,5,5,10,8,5,9,6,8,6,5,16,7,6,6,7,7,6,4,10,3,9,8,2,3,5,12,11,8,8,3,3,6,9,9,10,4,5,7,5,4,13,6,3,8,6,6,10,9,7,7,8,9,4,6,6,14,7,10,5,5,6,4,6,5,4,9,6,11,8,6,5,6,3,10,5,3,9,8,5,3,4,8,6,6,3,8,5,7,8,5,7,6,6,5,3,6,4,6,7,6,13,5,3,5,5,6,7,5,6,1,6,3,6,5,7,3,10,8,8,4,5,8,1,6,10,7,2,9,6,4,9,3,3,1,7,6,4,8,1,7,6,3,6,6,9,3,3,2,11,2,3,2,10,9,8,3,7,5,8,4,10,5,5,4,13,2,5,5,3,6,8,7,6,9,1,3,4,4,5,5,5,5,7,8,5,6,4,4,5,4,7,6,5,12,7,4,5,5,6,7,4,7,11,7,3,8,2,6,3,8,1,5,2,13,4,1,6,8,2,9,3,5,6,5,4,4,6,4,10,9,6,6,4,4,5,8,5,3,3,4,4,3,8,3,7,6,9,5,4,3,6,3,7,1,7,8,2,5,7,3,3,6,5,2,8,12,6,5,9,6,4,5,7,3,5,8,8,3,11,5,4,4,4,5,6,8,8,6,2,9,9,8,5,4,8,7,8,13,8,9,3,3,2,7,6,4,10,4,3,4,6,9,7,6,5,6,3,0,7,2,8,7,8,4,9,4,4,9,4,10,9,3,6,7,3,11,3,3,11,10,7,9,4,7,5,1,5,6,6,5,7,4,7,8,7,9,8,2,7,5,6,7,5,4,12,12,10,13,8,5,3,9,9,7,1,8,4,4,7,2,2,4,7,6,8,2,2,7,11,5,11,7,2,5,11,6,8,5,7,7,5,9,4,6,5,11,3,6,5,9,5,4,3,6,5,3,4,2,7,6,7,8,6,5,3,5,7,4,7,7,6,5,7,3,9,1,8,0,2,4,9,3,7,4,6,7,7,4,7,4,4,5,2,4,7,6,6,8,8,3,6,3,5,9,4,3,9,4,3,7,4,6,3,7,9,10,4,4,6,2,6,9,5,4,2,8,3,7,2,6,4,2,3,4,7,6,4,3,3,5,4,2,3,6,2,3,4,6,7,6,4,7,6,5,4,7,2,5,10,3,5,3,7,5,0,7,7,6,12,3,4,3,0,9,5,0,4,5,8,6,7,8,5,5,6,8,9,2,8,2,3,4,7,5,8,6,2,7,4,7,4,4,14,3,8,4,6,9,8,4,2,5,9,9,7,3,9,5,7,3,8,6,3,5,1,4,2,8,7,6,8,2,6,7,6,6,7,4,9,7,10,11,11,4,3,2,4,7,6,9,10,11,4,5,3,5,4,3,5,6,8,4,7,10,4,9,2,3,9,2,8,7,4,5,8,9,11,6,3,2,3,7,7,12,6,3,5,5,3,5,5,5,6,7,5,4,2,9,7,8,4,7,5,9,7,2,11,4,3,7,3,6,10,6,5,7,3,1,6,11,6,8,6,6,13,5,6,9,4,8,4,6,6,5,8,6,3,2,7,6,3,8,7,6,7,4,4,9,7,7,7,8,5,5,9,4,5,8,7,12,8,6,7,2,3,9,5,9,3,7,4,5,8,8,9,5,2,2,8,9,7,3,6,4,9,6,6,3,4,4,5,6,6,5,3,7,6,4,6,10,6,4,5.804,10.8133689494458,0.794631050554206
8,5,8,5,4,3,2,1,10,12,2,6,4,11,5,4,5,9,4,7,4,4,2,5,6,5,8,7,2,5,3,5,6,5,10,5,11,0,6,9,7,14,11,8,2,10,3,6,7,12,12,3,5,8,3,2,8,4,4,5,4,4,7,5,4,9,3,7,4,4,8,4,7,3,6,7,5,1,8,5,7,12,5,12,9,8,5,9,7,9,6,8,12,11,12,5,4,3,8,4,4,6,6,6,5,5,3,3,5,11,4,6,5,1,3,5,2,7,10,6,9,7,6,3,9,3,5,3,5,7,9,6,3,5,9,10,2,7,4,7,5,12,6,5,12,9,9,9,5,8,6,6,4,7,12,3,6,6,7,4,7,6,9,6,5,4,4,6,8,4,8,6,5,5,6,10,9,8,7,6,5,4,6,9,6,10,6,12,9,1,5,8,4,6,5,11,6,6,3,5,7,5,9,6,4,4,3,7,7,2,6,6,3,7,2,7,2,9,8,4,4,8,9,14,3,10,3,4,6,7,4,6,3,6,9,7,10,4,6,3,9,10,4,8,6,6,5,6,7,9,1,5,5,3,4,9,11,5,6,7,5,3,3,7,6,10,6,7,11,4,4,6,5,6,10,3,4,3,5,6,3,11,8,5,6,4,3,8,8,5,10,7,8,7,5,3,3,5,3,5,9,7,8,8,7,8,7,3,8,7,3,10,7,7,7,4,4,4,8,3,8,5,5,3,6,10,8,4,3,6,7,8,8,4,1,8,7,5,9,2,9,5,5,3,6,7,9,4,7,6,4,10,6,8,5,8,5,3,2,5,7,9,5,7,4,4,2,6,8,5,1,5,4,3,10,3,4,7,3,9,5,7,5,3,5,5,12,5,4,7,7,6,5,3,8,5,6,7,11,5,7,2,8,5,15,3,8,5,4,7,3,8,4,5,9,6,8,7,4,7,11,6,2,2,6,4,4,6,2,6,4,1,4,9,6,2,3,5,13,3,7,11,1,4,4,4,5,1,7,10,4,9,5,0,5,7,7,5,3,5,7,9,2,7,9,8,8,8,4,1,7,4,4,5,4,6,9,9,4,5,8,4,5,1,3,7,4,4,7,10,1,2,7,12,8,6,7,10,6,5,6,4,6,10,6,7,7,5,7,8,4,6,13,5,4,6,3,5,5,4,4,4,4,5,10,8,7,4,7,11,7,6,8,9,7,3,6,10,3,1,6,4,6,7,7,5,8,6,0,6,7,5,12,5,9,4,6,2,8,2,9,3,10,9,4,4,9,4,7,8,7,6,7,8,4,5,6,4,3,6,6,5,6,7,3,2,6,7,7,9,5,11,4,5,7,4,6,8,5,7,5,7,6,3,8,4,4,3,8,9,9,9,4,8,5,8,1,8,7,4,12,9,1,8,7,4,7,6,9,4,4,6,3,10,10,6,6,9,6,5,9,4,6,3,5,9,5,8,9,3,7,3,7,6,5,8,1,4,9,4,7,7,5,6,8,7,3,11,6,5,15,4,8,4,6,2,7,4,7,3,6,4,5,4,11,8,7,8,6,3,6,11,8,3,7,11,6,4,1,7,7,8,3,0,7,8,8,5,10,3,5,7,11,1,6,4,5,5,2,4,7,7,4,1,5,6,6,7,6,4,6,8,6,7,2,5,8,6,11,4,5,8,5,1,6,5,4,7,5,9,6,7,8,5,6,6,3,1,3,5,5,10,3,7,4,3,9,3,10,2,4,4,8,4,2,3,9,7,7,8,3,6,9,2,7,7,12,8,8,10,6,3,5,4,5,2,7,2,6,5,11,4,3,9,5,9,2,8,4,7,7,7,3,8,5,7,5,2,5,8,4,9,7,4,8,3,11,5,7,9,10,6,6,3,9,10,6,3,6,4,5,8,2,5,5,5,5,5,7,6,4,10,3,4,6,2,3,9,9,8,3,6,10,7,8,10,7,8,4,9,6,7,6,6,6,3,6,5,4,4,11,7,6,6,5,4,4,5,6,5,6,2,4,6,3,3,9,7,3,5,2,2,10,9,4,5,8,5,6,3,4,6,9,6,9,3,10,8,6,8,7,7,9,6,2,4,8,9,5,7,2,3,8,2,13,5,7,4,5,6,4,6,5,7,9,12,3,5,4,7,7,6,5,4,10,3,8,7,6,6,5,8,10,8,4,5,11,14,16,7,4,8,6,13,4,10,5,4,7,4,2,5,4,7,7,9,8,6,11,2,8,4,9,6,8,8,4,1,8,3,5.994,11.0781858589403,0.909814141059719
4,10,5,7,5,5,9,6,8,10,7,5,3,3,10,1,5,2,6,4,4,5,3,4,3,8,8,12,12,2,6,2,5,5,9,3,7,4,6,7,5,5,4,4,2,9,2,8,4,6,8,5,11,7,4,2,10,4,8,5,3,6,3,9,13,8,2,6,7,6,6,7,6,11,4,7,6,6,6,4,8,9,3,7,8,3,12,6,5,4,6,4,7,9,11,10,3,4,5,5,4,8,6,4,3,3,12,6,6,6,2,3,7,4,8,4,9,3,5,6,5,3,4,2,5,5,4,5,7,4,4,7,10,3,6,3,8,12,4,2,8,6,4,3,6,3,4,4,1,6,8,5,11,5,3,3,9,6,14,5,3,4,1,4,5,3,6,7,3,9,8,6,5,6,8,6,6,6,6,4,6,5,6,4,1,6,6,4,5,8,8,2,7,3,10,11,7,4,5,7,2,6,7,4,11,5,4,4,3,7,6,7,4,5,2,8,5,2,6,10,5,5,6,2,6,4,9,5,8,8,5,6,6,7,3,5,7,8,10,4,6,5,3,2,9,4,7,6,11,4,5,6,4,7,5,5,9,4,3,4,8,7,4,9,15,3,6,7,5,9,4,6,8,8,4,5,3,0,7,6,9,10,7,8,8,10,5,6,6,10,7,6,4,5,6,4,4,9,3,10,2,6,5,5,1,6,6,5,10,7,7,6,8,4,8,7,5,12,6,4,7,6,5,11,6,5,6,10,8,3,11,5,2,6,1,6,4,5,3,3,5,6,4,6,7,6,4,6,3,5,10,7,3,7,8,6,2,3,1,6,7,4,7,7,2,2,3,7,4,4,5,5,7,6,8,3,6,6,3,4,7,6,11,7,6,7,7,9,4,7,8,9,10,3,7,7,5,9,8,6,6,9,7,5,13,5,5,4,5,7,7,10,5,2,6,1,3,6,2,6,7,4,4,4,10,6,5,7,4,5,7,4,7,5,2,9,1,7,3,4,5,5,6,6,3,2,6,5,3,8,5,8,7,2,9,3,6,8,5,7,6,6,1,10,8,11,3,3,6,5,10,4,6,6,2,3,8,4,3,4,8,5,9,4,13,8,3,5,11,6,3,1,3,13,9,7,8,3,2,6,2,5,4,15,6,4,5,5,4,2,11,2,3,4,7,7,5,7,3,7,3,7,3,5,7,8,9,3,6,7,4,7,5,2,3,10,5,7,4,5,8,5,6,5,9,8,7,3,6,3,9,4,6,8,7,9,7,4,6,7,6,6,8,5,8,8,6,3,9,6,7,8,3,10,4,2,5,7,7,7,10,5,9,5,7,7,4,4,4,4,5,6,11,6,2,11,8,7,12,3,5,3,9,12,5,7,3,4,5,6,12,8,3,6,8,8,6,6,6,4,6,5,5,6,7,6,9,9,11,4,10,8,11,4,3,11,4,6,11,3,4,7,3,2,9,3,5,10,8,5,5,12,3,6,5,7,7,10,8,11,7,4,6,11,6,3,5,3,5,3,3,6,3,6,4,11,8,5,9,5,11,7,5,6,7,3,7,3,7,4,4,8,6,5,5,4,2,9,7,8,5,5,11,9,11,6,5,7,7,7,13,9,5,5,9,8,4,3,1,0,5,3,4,4,3,3,6,7,4,5,5,9,9,1,8,9,7,9,1,8,4,5,7,7,4,6,5,6,4,7,8,4,7,7,1,12,5,5,5,5,10,6,0,4,9,5,8,5,4,2,8,10,4,2,2,6,8,7,3,4,4,4,11,5,7,3,8,7,6,2,10,4,4,12,6,4,7,7,5,3,4,2,8,8,4,9,4,4,9,9,7,6,8,5,8,6,6,3,9,6,7,6,3,3,3,8,4,8,8,5,6,3,5,6,2,5,5,5,7,5,4,5,2,2,4,8,5,11,4,6,5,7,4,11,8,8,6,4,4,6,6,6,3,7,6,11,1,4,5,4,8,8,5,7,5,6,5,4,4,6,10,7,5,5,7,5,4,5,2,7,12,5,6,3,10,7,10,9,5,5,10,8,8,8,11,6,4,4,10,6,6,3,5,1,0,5,5,11,9,7,9,9,15,10,7,9,9,6,1,8,6,11,6,10,8,7,7,7,7,3,5,5,7,5,6,7,4,2,9,6,12,2,7,4,7,5,5,6,7,7,4,10,8,5,3,7,5,6,5,5,2,7,6,4,6,3,6,7,4,5,8,6,3,7,7,2,4,3,8,8,13,3,6,6,11,7,2,8,10,3,5.909,10.9295392464082,0.888460753591828
4,6,12,8,8,3,4,5,12,13,8,13,5,5,9,3,8,8,5,3,6,2,10,8,5,6,10,3,9,5,5,4,7,3,9,9,5,11,5,8,8,12,4,4,7,2,6,8,2,5,4,1,6,11,12,10,6,7,3,4,9,6,5,3,6,8,4,8,7,6,4,4,11,4,5,5,10,5,3,6,7,10,9,8,7,11,7,5,7,10,12,1,10,7,6,3,3,5,6,3,4,6,7,5,6,2,6,6,4,6,10,7,4,4,6,5,7,4,6,3,6,6,14,2,9,5,7,4,5,7,8,9,6,5,10,5,4,9,5,6,8,6,4,6,3,2,3,11,12,1,6,7,3,5,6,7,5,6,4,7,6,11,8,5,3,3,5,3,2,3,5,6,5,6,4,11,9,2,9,5,5,6,2,2,5,7,6,3,10,8,4,5,7,7,8,11,6,8,2,11,8,6,1,9,7,5,5,7,4,3,12,6,4,8,9,9,8,6,4,6,10,1,1,8,6,7,3,13,6,6,3,11,4,3,4,4,9,7,10,6,7,10,6,8,8,8,8,3,10,4,5,7,12,4,7,5,8,5,6,5,5,4,8,5,8,4,5,4,2,7,5,4,3,6,2,4,4,8,3,6,5,2,6,11,4,7,2,4,4,2,6,5,4,10,5,3,6,4,4,4,4,5,2,3,6,7,5,9,5,9,4,3,12,8,6,5,8,5,4,4,10,10,6,6,7,9,7,5,6,4,6,9,3,4,4,6,6,7,5,5,3,8,6,9,8,9,5,5,3,3,4,5,11,4,7,2,5,5,8,9,5,1,11,7,5,4,3,6,5,2,3,1,6,5,3,4,8,7,4,8,10,7,5,3,7,5,5,4,5,6,4,8,11,7,8,6,5,5,6,6,6,10,9,4,3,4,9,3,3,5,14,10,6,8,6,12,5,5,4,8,9,11,2,3,7,7,7,3,9,8,3,6,3,7,8,12,10,8,6,10,11,8,7,10,4,6,2,5,3,7,8,8,6,5,3,7,5,6,6,10,9,12,7,7,3,4,7,4,4,6,6,6,6,5,7,3,6,6,11,4,17,6,7,7,3,4,6,3,7,6,7,5,3,10,6,5,6,7,3,12,6,3,8,7,7,5,7,13,7,8,4,4,7,9,4,8,10,6,5,10,5,4,4,5,9,4,6,2,10,9,5,5,5,4,7,5,4,9,3,2,0,8,6,6,6,6,3,6,11,6,6,7,6,3,2,2,5,6,2,4,7,7,5,5,6,2,3,2,9,9,4,8,7,4,7,5,6,4,4,4,13,9,1,3,8,7,3,9,6,9,5,9,7,5,7,11,8,7,4,6,7,6,8,9,7,9,10,5,6,6,9,4,2,9,10,9,10,5,6,5,6,7,4,7,4,4,8,3,13,7,5,9,6,8,5,3,6,12,9,6,7,10,11,6,7,2,8,4,5,4,8,4,4,11,6,7,3,3,5,5,2,11,12,6,3,7,7,9,8,5,10,11,5,3,7,5,5,8,11,4,1,7,3,7,1,6,8,5,4,9,4,8,6,5,9,5,5,5,5,5,8,10,6,2,1,7,5,3,13,10,7,9,7,7,5,8,4,5,3,6,3,7,5,12,7,6,7,8,6,7,7,8,8,4,7,9,3,5,2,3,9,11,4,8,8,4,5,5,6,6,10,7,6,3,8,6,8,6,7,5,3,12,7,4,8,5,10,5,7,6,11,5,5,4,8,7,12,4,9,4,4,4,5,6,6,7,12,8,8,5,2,5,10,11,2,4,8,4,5,9,6,5,4,7,8,6,4,8,1,9,2,4,7,7,6,6,4,4,6,1,6,4,4,2,5,5,5,4,2,6,8,2,6,7,8,1,7,8,11,6,3,7,9,9,8,1,6,7,13,7,4,5,5,9,4,4,7,3,9,4,10,8,7,7,6,8,7,6,5,7,1,4,3,3,8,6,6,3,3,6,3,12,6,3,4,11,8,1,9,8,2,5,4,5,5,6,5,5,7,8,6,8,7,1,6,3,5,5,4,4,8,8,8,5,3,9,3,5,7,4,10,10,5,7,6,5,10,9,6,8,3,7,3,9,8,4,13,5,8,1,4,11,7,3,4,5,10,7,9,6,6,8,8,4,10,4,4,6,10,11,5,2,4,14,10,5,2,8,10,3,6,5,7,6,0,4,5,9,6,4,5,6,5,13,7,3,2,6,6,6,3,8,1,10,6,5,3,5,10,4,6.102,11.2737854710495,0.930214528950516
10,6,6,5,5,2,6,6,4,6,5,7,5,4,8,10,7,6,3,6,6,9,6,1,11,5,6,4,6,11,9,5,10,8,6,10,4,7,5,6,6,5,2,4,1,6,5,10,7,9,8,12,7,2,8,3,8,7,6,4,2,4,3,5,4,14,5,8,4,5,4,2,4,8,9,6,4,6,8,11,3,5,7,10,2,4,7,8,5,8,15,8,8,9,6,8,8,7,6,8,2,14,5,7,6,5,4,9,6,4,10,6,4,4,5,7,5,8,5,3,6,3,8,3,2,8,4,9,2,8,6,3,7,8,7,8,1,4,7,7,6,7,6,8,7,8,6,7,10,5,7,5,8,10,4,5,3,10,1,8,9,1,1,2,8,6,6,7,5,9,8,11,9,6,11,6,7,4,9,4,4,9,3,6,2,4,5,4,7,3,6,6,6,9,10,8,4,5,7,9,6,7,3,3,9,3,6,5,10,5,9,5,7,4,7,11,5,5,5,4,6,6,6,5,5,7,6,4,6,6,4,8,7,8,5,5,4,6,8,4,6,7,7,2,6,9,3,3,8,7,1,9,6,5,9,6,10,8,1,4,4,5,10,7,8,5,10,6,5,7,4,9,6,7,3,5,2,6,6,4,6,5,4,7,7,5,5,7,3,7,9,4,10,12,5,6,5,6,4,7,4,6,9,9,8,6,2,5,7,10,5,4,11,2,4,10,8,3,12,5,4,5,6,10,9,10,13,5,8,9,9,6,2,8,3,4,4,8,6,5,8,9,7,1,4,8,6,3,3,8,5,1,1,6,8,7,6,7,6,8,4,5,5,10,8,6,7,9,6,7,6,5,5,6,6,10,3,4,4,8,6,6,8,6,5,5,10,13,5,5,7,3,5,4,5,3,6,5,8,6,7,2,9,11,2,3,8,2,8,8,5,1,3,7,5,5,6,3,4,6,14,4,7,4,8,3,3,9,6,3,9,4,9,10,8,7,6,9,4,5,8,9,1,10,6,6,7,6,7,8,4,8,7,3,6,5,10,5,10,5,8,3,3,7,4,6,9,6,6,13,5,7,8,6,2,2,9,4,5,3,5,4,5,5,7,9,7,6,12,5,9,7,2,5,3,4,12,8,11,6,7,6,3,6,5,12,11,7,4,6,3,4,5,12,8,13,6,5,6,3,5,5,7,6,3,3,8,3,8,7,7,2,5,8,5,7,10,5,4,4,5,6,7,5,5,8,1,5,4,10,11,7,2,4,2,4,8,2,11,7,4,3,7,6,4,5,6,7,7,7,5,6,4,5,9,2,8,5,6,5,3,6,5,1,9,7,3,6,5,6,2,8,6,8,11,4,9,5,6,3,6,7,9,5,9,12,5,2,4,5,6,2,11,5,8,8,5,6,5,5,7,6,6,6,2,8,11,11,8,7,5,4,4,6,6,6,5,8,6,5,5,8,5,8,3,10,4,6,9,2,6,8,1,6,1,4,4,6,7,11,4,6,9,8,6,3,4,11,5,4,9,7,7,7,7,2,4,4,6,5,8,4,5,5,8,4,7,6,4,5,3,3,16,14,7,3,8,5,9,4,7,7,7,3,9,7,5,5,6,5,3,8,8,1,5,6,4,5,6,6,5,7,5,4,9,3,2,8,11,3,8,8,9,4,5,6,3,9,5,6,7,8,7,6,3,6,3,4,7,11,4,7,6,3,7,10,2,9,3,8,8,6,5,8,6,7,7,6,5,4,10,7,5,3,7,12,4,6,3,5,7,6,8,4,4,8,1,11,9,3,9,3,8,4,1,8,5,7,5,3,6,3,7,7,3,8,4,5,5,13,8,8,11,5,8,3,5,0,9,5,2,6,5,5,5,5,2,5,8,7,4,2,5,5,6,6,6,6,11,8,7,4,6,11,11,3,4,6,6,6,6,5,3,11,3,2,4,8,6,8,6,11,8,6,6,13,8,5,6,5,3,4,6,6,6,5,4,6,3,6,7,7,6,8,9,11,2,5,6,8,8,6,8,5,9,5,7,6,6,8,5,9,13,4,6,14,6,4,3,3,7,2,6,4,9,5,3,3,6,10,8,10,7,6,10,6,10,8,8,5,7,11,3,3,5,10,8,4,2,4,9,6,11,8,5,11,2,6,7,4,9,5,4,3,3,5,7,4,12,9,2,5,3,10,2,5,7,5,5,6,4,8,9,8,5,3,5,5,6,6,6,7,4,7,4,6,8,5,9,7,11,4,7,8,10,8,6,5,5,5,6.095,11.0605714736634,1.12942852633657
7,7,10,5,4,4,12,8,13,8,7,7,2,6,11,0,3,9,4,2,7,5,3,6,11,5,8,3,10,1,6,2,7,5,17,11,9,5,9,5,13,4,4,4,4,6,1,5,7,13,9,9,5,8,9,6,3,9,7,8,5,4,5,9,1,9,5,7,4,5,7,6,4,4,3,6,10,4,12,5,2,9,8,4,6,11,7,6,6,13,8,6,8,4,10,7,4,6,6,5,7,7,5,3,7,7,3,7,6,6,6,2,5,2,5,5,9,4,7,7,5,5,8,5,7,6,9,4,8,7,7,5,2,6,6,5,3,9,6,5,7,9,8,4,6,4,6,8,6,4,6,6,6,6,8,9,9,4,10,8,11,6,5,7,2,9,8,4,3,4,3,7,6,10,8,7,4,11,11,6,10,11,3,5,4,7,2,3,9,9,7,3,6,5,3,8,5,6,9,7,2,5,8,3,5,5,4,3,5,7,8,11,8,10,9,7,8,6,8,7,5,6,5,6,7,8,7,6,9,3,9,9,5,8,3,10,5,5,4,4,8,9,8,8,8,9,7,5,9,5,6,5,5,7,1,3,6,9,3,10,3,7,4,4,9,10,7,8,1,5,6,6,6,5,4,8,3,4,5,5,4,8,4,4,6,5,5,5,9,8,8,11,6,10,5,6,6,5,7,7,0,7,6,7,6,12,9,6,5,12,4,8,8,8,6,6,8,5,4,6,5,3,7,5,5,9,7,2,10,6,5,8,5,6,7,7,5,8,9,1,6,5,5,5,5,7,7,6,3,4,10,6,6,4,7,4,9,4,6,7,4,4,6,8,5,5,5,6,11,4,5,5,7,5,2,4,5,6,4,5,9,2,11,4,2,8,3,0,4,12,7,7,5,6,4,7,7,6,10,5,7,4,7,4,7,4,11,4,9,10,8,13,4,6,6,3,3,6,4,5,7,8,6,4,7,9,3,9,2,5,6,5,7,2,6,4,6,8,2,7,2,6,2,4,5,5,13,6,4,5,6,7,9,5,11,6,7,7,1,4,6,5,4,8,9,7,3,5,5,2,13,9,5,11,6,7,5,8,3,3,8,2,10,4,11,7,4,5,10,6,3,2,7,9,10,7,2,3,9,9,11,2,8,9,5,5,12,5,4,9,6,5,5,10,9,7,5,5,5,6,2,3,3,6,6,5,6,8,7,10,5,3,12,3,9,8,8,14,7,7,6,10,1,4,8,10,5,9,1,9,4,8,9,6,3,2,2,10,8,8,4,6,8,5,8,7,4,9,9,10,3,8,2,4,3,7,8,11,9,6,10,6,8,5,9,4,8,8,9,2,4,7,13,8,11,8,8,6,7,9,4,9,8,6,10,4,8,5,4,11,6,8,5,13,10,6,4,6,4,2,8,4,5,3,7,5,10,3,11,6,2,8,9,14,9,6,8,8,4,7,6,7,8,5,4,2,4,4,9,5,3,8,9,4,5,6,5,10,4,10,11,5,4,8,8,6,2,9,8,4,11,4,9,1,6,6,3,10,2,1,3,6,7,6,12,8,7,5,6,7,5,7,5,5,9,6,4,3,2,10,3,6,5,3,7,1,4,3,2,4,4,6,7,8,6,4,8,4,7,5,5,4,4,5,8,4,8,8,5,3,6,5,7,2,6,3,7,3,2,5,6,7,4,4,6,6,6,8,6,9,7,5,4,6,9,3,5,7,12,2,8,5,5,8,8,3,9,4,6,5,7,9,5,6,3,7,9,7,4,6,2,5,5,5,12,5,7,9,11,5,6,4,4,8,5,3,5,3,7,3,9,4,7,8,6,10,2,9,6,9,8,10,5,3,6,4,6,2,6,6,3,11,2,6,7,5,4,5,12,4,6,10,4,7,2,2,10,9,8,9,7,9,2,4,10,4,8,7,8,6,7,7,4,6,7,6,3,4,7,7,6,5,4,4,3,6,5,10,5,3,5,8,7,11,13,5,3,2,5,8,8,4,6,12,7,4,5,5,4,5,8,4,10,8,4,10,8,5,3,3,6,6,13,8,5,5,7,9,3,5,7,5,8,3,4,5,10,7,7,7,12,11,12,3,5,6,9,7,2,7,4,2,9,3,9,4,9,9,11,9,8,3,8,8,1,9,2,6,6,9,6,3,5,3,3,4,11,5,5,5,8,5,6,8,6,6,8,16,6,9,5,6,3,8,5,3,7,5,8,4,5,6,3,3,2,5,4,4,10,2,8,3,10,8,4,7,6,5,4,5,6.177,11.2837157605901,1.07028423940989
6,5,8,9,9,6,5,4,6,15,13,5,6,9,6,6,5,4,6,1,3,6,10,7,4,10,7,7,9,8,4,12,6,9,16,3,7,8,4,5,4,5,3,5,4,13,2,4,4,8,4,6,2,4,4,3,8,5,9,4,5,7,7,6,6,9,4,6,6,7,7,5,4,7,3,3,10,3,6,9,7,6,5,8,7,9,10,6,7,9,4,7,6,7,8,8,3,5,8,5,4,5,8,5,7,9,6,9,4,9,5,4,7,6,8,5,7,4,6,2,9,8,8,4,4,11,3,4,5,12,4,8,8,4,12,10,11,2,4,10,6,4,6,10,6,5,7,4,1,6,6,5,8,5,6,8,1,6,5,4,4,7,4,5,9,1,5,11,10,5,4,6,7,4,8,9,10,5,9,5,7,4,1,4,4,7,8,4,9,9,0,6,5,4,4,6,8,3,3,9,6,3,4,11,8,5,3,4,5,6,9,6,5,4,2,6,5,8,11,7,9,7,6,7,3,4,2,2,1,8,3,11,6,10,8,2,10,3,14,5,9,8,5,6,2,3,8,4,8,5,8,2,4,4,5,9,5,8,6,3,5,10,9,10,7,13,10,9,4,9,8,8,10,4,5,8,3,6,10,8,4,5,6,5,5,6,9,4,5,9,11,8,8,4,5,8,4,9,2,4,6,9,5,9,6,6,6,8,4,7,5,4,9,7,7,4,4,6,8,5,10,5,7,8,5,8,5,4,9,5,11,6,6,7,1,2,8,6,8,8,9,6,3,7,4,4,6,5,5,7,6,9,7,7,6,5,5,6,5,6,8,5,7,11,5,1,2,8,8,5,6,6,5,5,6,5,8,7,5,3,2,10,7,7,4,5,7,8,5,4,7,4,6,5,6,6,6,6,7,3,9,8,5,7,5,5,8,5,5,4,10,8,13,7,7,6,7,7,8,5,8,7,3,4,11,9,5,5,3,2,9,4,8,5,6,1,4,11,8,10,9,4,9,7,3,2,5,4,14,9,3,7,8,3,6,9,8,8,10,5,9,8,5,7,4,8,4,3,7,8,5,5,5,8,5,1,9,2,6,5,7,8,12,5,2,9,2,0,8,6,5,8,7,9,9,6,8,10,7,6,8,4,11,9,7,11,4,7,7,5,9,4,7,10,7,11,9,8,2,4,8,4,5,3,2,9,7,4,5,8,15,6,3,4,5,4,5,2,4,9,7,5,6,2,13,8,4,6,7,2,5,3,10,2,3,5,8,11,8,4,4,6,3,15,5,8,2,10,7,7,9,7,6,8,7,5,7,7,6,6,5,14,9,7,3,7,3,9,7,4,6,10,5,4,6,5,4,5,10,5,6,10,4,6,4,4,5,1,6,6,6,8,3,11,8,7,10,10,4,2,11,9,5,8,12,1,13,8,10,3,7,8,9,5,5,9,6,7,9,13,7,8,5,10,5,5,8,4,11,7,7,5,5,3,4,2,3,9,13,8,5,3,9,6,7,4,10,4,7,5,6,11,4,8,8,5,7,9,7,7,4,8,3,5,3,5,10,5,3,3,4,7,4,8,8,7,6,12,5,6,8,6,4,7,11,6,9,8,15,8,4,6,8,8,4,5,5,7,6,9,5,5,8,5,6,4,9,2,7,6,4,6,5,5,5,7,5,9,5,2,4,0,9,1,9,9,5,5,6,7,7,8,9,6,5,6,2,1,2,2,9,9,2,6,7,9,8,5,8,11,9,7,5,2,5,8,10,9,4,6,4,11,5,4,4,6,11,8,9,5,10,8,6,9,5,7,11,4,7,7,9,6,3,11,4,7,4,4,8,6,3,8,7,5,8,8,4,5,12,5,9,7,2,6,8,3,8,5,6,6,4,6,5,6,9,6,9,11,11,6,4,2,3,7,5,3,7,5,6,5,5,10,7,7,3,6,0,6,6,7,8,4,15,11,5,7,8,6,5,8,5,6,10,3,9,4,9,5,5,7,7,5,4,2,4,7,9,5,5,2,8,3,7,8,8,8,7,11,2,8,7,9,6,5,9,5,2,11,8,6,5,3,5,3,7,9,3,7,6,4,6,7,7,9,5,8,10,8,4,8,6,5,10,10,6,7,12,7,8,1,5,5,8,5,11,7,3,4,6,6,6,11,8,8,11,9,5,6,4,13,3,9,10,6,2,5,5,9,6,3,6,5,4,5,10,5,5,7,7,4,5,10,4,5,11,7,3,7,10,5,11,9,4,7,9,4,5,6,9,6,6.325,11.4338629146103,1.21613708538973
9,7,8,3,5,7,5,6,12,14,8,10,8,7,5,1,5,5,4,4,4,7,9,1,6,12,4,12,9,12,7,8,13,6,7,5,10,6,9,1,14,6,5,2,4,8,11,7,8,7,4,5,8,6,7,1,7,6,4,8,9,11,3,7,4,7,2,8,6,8,6,10,5,8,8,7,8,8,8,5,8,10,7,4,7,4,5,5,6,10,13,9,6,11,7,5,5,4,7,8,8,10,9,5,6,4,10,5,4,4,2,5,8,6,6,6,11,6,9,6,4,5,6,7,6,3,3,7,5,4,8,6,12,10,10,6,5,5,6,5,1,5,7,5,8,5,2,7,4,4,4,6,4,5,15,4,5,8,4,6,6,7,5,5,7,6,7,6,3,8,8,12,7,13,3,5,5,8,6,8,9,7,5,8,3,4,6,7,7,11,5,10,9,8,5,9,4,9,6,4,7,6,2,7,9,9,6,7,10,5,7,7,3,7,8,9,5,6,10,5,11,7,8,5,6,8,2,11,5,5,5,12,5,9,10,5,5,6,9,3,6,9,7,6,8,7,7,5,11,11,6,6,7,6,3,5,5,9,5,6,4,4,7,9,12,6,7,6,9,5,5,7,6,7,2,3,5,2,7,8,2,6,7,10,8,5,1,7,5,7,4,8,8,3,8,4,4,3,5,9,3,5,9,5,10,10,7,4,13,4,3,0,5,8,10,9,5,7,8,5,8,7,5,6,1,8,6,7,7,7,8,7,9,5,6,9,7,5,9,7,7,9,6,6,8,10,2,1,3,4,8,8,4,4,8,8,10,8,5,9,6,3,7,11,9,6,5,1,6,10,8,9,5,2,8,2,2,12,2,10,8,8,8,3,4,6,11,4,4,3,10,10,6,6,4,11,8,3,10,6,9,7,13,6,12,8,8,8,6,2,10,9,7,6,5,9,4,4,6,10,14,1,7,4,5,11,6,4,6,6,2,2,6,4,6,5,10,1,9,7,5,5,6,3,6,4,4,8,3,8,3,6,6,4,8,8,7,5,8,8,8,8,6,15,5,6,8,11,10,10,4,10,5,14,5,5,9,2,10,4,9,2,10,5,10,8,11,2,11,5,9,5,7,7,10,5,4,6,3,9,2,2,3,3,11,7,6,5,7,6,4,4,4,3,7,10,11,5,4,5,3,5,2,9,8,5,6,8,8,11,4,6,4,2,6,2,9,5,4,3,7,9,7,13,8,13,4,6,6,6,9,5,8,3,5,5,4,3,7,6,2,5,8,8,8,5,7,7,5,11,11,3,7,11,9,9,4,2,3,4,12,7,8,7,6,3,12,8,9,6,5,8,6,5,9,8,7,10,9,4,5,9,7,6,4,7,4,4,4,4,7,7,10,7,5,12,6,4,3,4,7,5,8,8,4,11,9,7,10,5,8,9,13,5,5,11,7,12,6,7,6,8,4,7,4,5,8,5,10,2,4,4,1,10,7,3,6,6,8,7,4,3,9,6,8,2,6,7,8,11,4,4,8,3,8,7,7,8,5,9,10,9,4,6,4,2,3,3,5,5,7,3,9,10,8,2,4,6,9,9,9,7,5,6,7,10,2,5,5,10,7,6,14,10,3,5,7,6,5,4,4,8,9,7,6,7,3,5,9,5,6,7,15,7,7,8,2,11,6,11,0,7,5,5,2,14,5,5,10,9,3,15,5,8,3,9,7,8,4,1,8,6,6,7,9,5,9,3,8,3,8,4,6,3,4,7,5,4,7,5,4,7,12,5,8,6,8,3,8,8,6,5,2,11,4,6,9,6,7,6,5,5,5,8,5,7,0,6,10,6,3,5,6,7,13,3,1,1,5,3,6,8,6,7,5,4,2,5,6,3,4,5,5,6,6,7,6,10,8,6,1,7,3,6,6,4,9,7,10,10,7,6,7,6,7,4,7,6,6,10,7,7,4,7,7,9,8,6,4,9,7,7,6,4,6,6,5,3,2,2,10,8,5,4,6,6,4,3,12,6,10,10,8,7,5,4,5,6,7,6,8,6,4,5,8,4,9,4,4,2,8,4,8,8,6,3,6,6,4,4,11,6,7,5,15,5,7,8,10,11,2,5,6,9,8,2,12,3,8,7,4,11,5,6,4,9,2,5,8,6,7,11,6,1,11,2,5,7,14,9,7,3,3,11,2,8,5,7,2,1,6,8,5,5,8,7,7,10,5,3,9,11,4,10,6,5,6,4,15,2,12,5,5,7,4,8,7,8,10,9,6.448,11.7641373976253,1.13186260237469
6,5,7,6,8,5,4,5,7,13,10,5,2,3,5,4,4,5,7,3,6,6,6,10,7,2,7,9,13,9,11,6,11,6,10,6,6,4,7,4,6,12,3,10,9,4,5,9,5,4,9,14,7,13,7,11,8,11,9,5,7,7,4,4,8,12,2,6,10,5,4,8,3,4,7,8,4,4,11,5,6,7,6,7,8,13,6,10,6,9,10,8,7,3,8,6,6,3,4,8,4,8,6,2,7,5,6,4,5,8,5,5,1,5,6,9,5,1,8,11,6,3,11,6,6,8,11,4,13,8,6,5,9,6,5,2,5,5,11,8,8,13,12,3,6,6,8,13,2,2,7,9,5,9,5,7,7,2,8,2,7,4,5,1,8,9,4,5,5,11,7,6,3,11,7,10,11,7,8,5,7,4,3,7,2,8,2,4,10,6,7,8,5,6,8,19,11,9,7,8,10,6,4,2,7,4,3,2,8,11,17,12,5,5,7,6,11,6,10,8,10,10,7,5,4,5,5,6,8,9,6,6,6,5,8,3,10,5,9,9,8,10,9,8,7,10,2,3,8,1,3,6,5,8,3,6,12,8,8,8,8,12,8,6,7,6,11,7,4,9,5,6,8,5,6,8,2,5,6,8,5,3,2,8,8,4,5,2,2,7,15,9,9,6,6,10,5,5,5,10,3,11,8,6,7,5,10,3,7,10,13,7,4,2,4,8,9,1,10,4,12,8,7,9,8,8,7,6,13,2,9,7,9,8,5,9,4,8,11,8,8,3,8,11,10,6,4,7,1,4,7,8,5,6,3,3,5,5,1,3,5,5,6,10,6,4,5,4,11,7,5,2,7,6,1,10,8,5,7,5,8,3,10,7,7,9,9,9,2,5,6,7,5,3,9,7,6,5,13,4,12,5,8,2,11,5,8,3,9,7,9,5,7,13,6,6,6,2,5,5,12,8,3,2,9,7,5,6,5,1,7,3,4,6,9,3,5,3,1,8,6,7,5,4,4,4,1,8,8,6,6,8,7,6,7,3,4,4,9,8,8,10,3,7,7,8,5,3,6,5,8,8,5,8,5,2,5,5,6,5,13,1,5,7,4,9,2,6,12,10,2,3,9,6,5,6,8,5,8,4,5,6,7,13,7,2,6,11,5,4,4,6,8,11,9,11,7,8,6,3,2,5,6,6,5,6,7,9,4,14,12,4,9,6,8,6,7,5,8,12,2,4,5,9,11,1,4,4,5,8,3,6,6,10,6,4,5,6,6,3,9,3,7,4,6,11,4,8,8,9,6,6,7,4,7,5,5,17,6,10,12,6,3,7,11,7,8,7,11,8,2,14,9,8,8,5,6,5,8,10,8,5,10,7,5,9,5,5,8,13,9,6,4,6,3,8,2,9,7,7,10,4,10,3,5,5,9,4,6,7,7,10,8,6,4,9,12,12,8,7,6,11,3,6,8,4,2,5,6,2,6,5,3,5,5,5,5,4,7,7,8,6,6,3,10,3,5,8,7,3,8,6,9,10,4,9,5,10,4,4,5,2,12,8,7,10,7,8,4,3,5,8,8,6,4,2,5,4,8,7,8,11,8,6,7,2,4,5,7,5,9,11,13,3,4,10,2,4,4,11,9,4,6,11,3,3,2,10,6,8,7,11,7,3,2,5,6,6,4,3,8,10,3,7,7,7,2,9,4,21,8,5,5,4,5,7,2,8,6,9,11,6,6,8,6,9,8,3,4,5,4,4,10,5,4,1,2,8,8,5,7,8,5,4,6,7,8,10,5,10,6,5,12,9,3,7,6,4,8,5,11,6,7,3,11,6,7,5,5,8,6,6,9,2,8,7,2,2,8,3,10,6,10,6,2,8,5,4,1,5,6,5,5,6,5,6,3,9,8,4,4,5,6,5,5,9,4,6,8,5,5,5,5,6,7,2,4,7,4,3,3,7,7,5,3,12,8,5,4,5,7,6,2,10,11,8,6,2,6,6,7,5,3,8,1,11,9,5,10,3,6,7,8,5,14,6,4,8,6,5,8,9,13,1,4,10,6,4,2,3,8,6,9,4,10,5,9,12,4,9,11,7,4,7,7,7,8,6,5,6,3,8,9,7,7,8,11,11,5,7,7,7,13,7,3,8,6,3,3,7,9,5,8,3,7,6,6,6,4,9,5,8,6,11,4,11,6,9,9,2,10,6,6,7,7,4,6,4,12,7,4,6,6,6,8,6,2,9,3,4,10,4,6,8,8,5,10,5,7,5,6.496,12.0279068437319,0.964093156268103
9,6,16,9,9,4,10,4,3,9,9,6,2,3,4,7,5,10,3,4,7,6,6,4,8,8,6,8,7,6,7,11,6,4,7,9,7,3,5,10,8,2,4,5,1,8,3,6,5,5,6,4,8,8,5,9,3,4,12,5,7,6,3,3,3,10,1,11,7,7,6,4,4,7,6,5,6,3,12,11,10,7,5,3,8,9,12,4,7,10,10,5,10,6,6,6,12,7,6,5,11,5,7,7,3,12,8,5,7,5,6,2,2,3,4,1,6,9,5,3,5,5,10,5,10,9,7,4,8,1,4,7,5,8,9,5,7,7,9,5,11,4,7,4,3,1,7,8,4,3,4,5,5,11,7,6,5,9,6,11,5,7,6,4,5,3,8,3,7,8,7,9,7,5,6,6,6,3,12,2,8,10,4,3,1,8,13,9,13,7,3,3,2,6,2,2,1,1,8,11,5,5,7,7,8,8,8,9,7,11,5,9,4,3,8,7,9,6,8,9,8,5,7,4,3,7,5,5,6,8,8,9,3,1,9,7,3,2,12,3,8,11,10,10,6,8,7,6,8,5,5,5,5,3,4,4,3,11,4,4,4,10,8,5,7,5,6,6,7,2,3,8,6,6,4,6,4,8,9,3,10,4,5,5,7,5,5,5,12,7,4,7,9,11,7,8,6,2,6,2,4,9,12,10,4,6,2,10,7,10,7,8,5,7,8,5,10,8,6,5,15,6,15,11,10,8,2,3,7,8,5,9,3,5,7,5,4,13,5,6,7,8,7,3,4,10,5,3,9,5,2,6,3,8,6,6,8,1,7,7,9,8,6,7,5,2,2,4,14,2,3,9,9,8,6,5,4,8,1,6,6,5,7,6,5,4,5,7,4,6,10,10,5,11,8,4,8,4,1,4,6,2,2,8,6,5,12,5,5,3,9,7,4,6,6,9,6,7,6,9,13,7,3,3,3,10,7,7,6,2,8,10,6,5,8,7,8,5,5,6,9,8,6,14,2,9,12,6,10,9,11,9,5,4,7,10,8,10,6,5,5,4,4,9,9,6,5,3,6,4,13,12,6,5,6,10,6,6,6,8,13,7,8,7,9,7,7,2,9,7,6,6,3,15,8,8,7,2,3,4,6,5,5,5,4,9,9,5,4,4,13,7,11,4,8,9,9,6,3,9,7,6,2,7,5,4,11,10,4,8,9,6,13,2,3,5,6,4,6,3,6,8,5,5,9,8,8,4,4,8,6,8,5,2,10,11,6,5,13,7,6,5,2,5,5,6,5,7,11,8,10,8,4,4,15,6,7,3,6,7,7,6,7,2,8,7,6,8,9,5,10,6,8,4,10,5,8,3,4,5,7,8,10,6,6,12,3,3,7,8,12,2,10,12,11,9,7,5,4,6,10,4,10,8,7,3,7,8,4,8,4,2,8,7,5,5,0,8,9,6,9,5,5,4,5,5,6,5,5,3,9,10,3,6,7,12,6,5,7,3,7,6,9,5,6,8,5,11,5,3,5,5,2,3,7,8,4,4,7,4,10,10,7,2,6,7,5,3,9,6,3,4,7,4,7,11,7,5,6,6,5,6,7,8,3,5,6,5,10,8,6,3,7,6,6,2,10,5,11,7,6,7,6,7,10,4,3,5,5,5,4,7,8,3,6,13,5,0,3,3,11,11,2,6,11,12,5,5,10,10,9,5,8,4,14,6,3,6,5,4,5,9,0,8,12,6,6,5,5,6,2,4,6,3,9,9,7,7,6,5,1,5,8,7,9,6,7,12,5,3,5,3,8,3,3,6,9,5,8,5,8,4,9,10,4,8,5,6,12,8,4,6,7,10,5,8,5,3,5,7,3,11,3,6,9,4,5,4,8,8,5,7,3,3,5,11,4,6,10,6,4,4,4,7,13,3,5,4,7,11,2,7,9,9,6,5,7,7,5,8,4,8,7,6,9,11,7,4,4,4,6,9,14,5,3,9,5,5,14,9,7,8,3,5,9,8,7,4,4,6,5,4,11,5,9,9,7,6,4,3,7,10,10,4,5,12,5,8,7,3,6,5,4,5,5,8,11,7,4,3,4,13,9,5,12,10,11,9,5,4,5,5,3,8,8,4,7,5,4,7,5,2,6,14,5,8,4,6,6,10,10,7,5,4,5,5,6,4,11,6,7,7,8,9,5,2,10,5,8,6,9,3,4,10,7,2,9,5,3,6,8,2,2,7,8,5,7,4,10,6,7,9,4,10,14,4,3,6,9,6,6.403,11.804991549262,1.00100845073798
8,6,10,7,4,5,3,6,9,8,14,14,7,6,5,4,3,6,5,4,5,5,11,9,5,10,7,10,5,7,5,4,6,5,12,8,4,8,5,5,11,6,3,5,3,8,9,2,7,12,9,9,6,12,6,4,6,11,6,2,2,9,8,5,4,6,3,7,7,6,6,9,6,7,1,7,12,7,10,7,5,8,4,2,4,11,7,7,7,6,12,4,6,5,7,3,7,6,6,10,7,11,8,3,5,7,8,5,0,4,10,4,2,9,5,6,5,6,6,6,4,3,6,12,7,5,1,4,3,8,7,8,7,11,9,3,9,6,14,10,7,6,12,12,3,7,5,6,9,7,6,4,8,11,5,7,3,5,4,7,7,7,5,4,5,3,3,5,6,9,7,9,9,5,12,9,5,1,6,8,11,4,8,0,3,6,4,3,7,9,11,9,5,4,8,7,11,4,5,7,4,5,6,4,8,2,8,2,6,6,9,6,5,9,2,5,8,5,15,6,5,8,4,3,9,9,7,5,12,4,6,7,7,5,4,5,4,8,8,3,6,7,7,8,7,5,12,10,9,6,5,5,3,5,5,7,7,12,6,8,9,7,5,7,7,9,12,9,4,6,6,9,8,6,9,6,4,7,10,8,3,3,7,6,8,2,7,4,8,8,6,5,12,4,9,9,5,9,5,4,2,6,9,4,6,6,6,10,8,9,4,6,6,2,3,6,4,6,5,6,6,8,5,10,6,7,6,2,10,9,7,8,6,9,5,8,6,8,5,5,8,9,4,8,2,7,3,2,2,4,6,11,8,6,3,8,5,7,10,9,7,2,8,10,8,3,5,8,6,7,6,7,9,6,4,7,11,9,5,8,3,3,4,4,3,11,7,6,6,7,11,2,7,6,6,5,8,8,10,8,7,11,6,4,6,9,15,9,8,9,10,8,2,6,6,7,6,8,5,4,8,3,6,6,8,8,8,6,6,1,9,2,4,9,7,6,3,10,3,6,6,3,3,12,4,10,4,6,6,6,5,7,7,7,7,2,7,9,7,7,10,9,2,8,5,4,8,6,6,8,7,7,4,8,6,9,7,4,6,7,8,4,13,9,8,4,5,9,6,5,5,6,10,6,10,6,2,7,9,11,7,4,5,12,8,4,5,7,6,8,5,3,8,5,7,15,11,5,6,8,7,7,6,9,8,4,7,7,6,4,7,6,6,4,7,6,5,11,4,8,5,8,7,5,7,8,8,8,5,9,8,5,6,4,2,5,6,5,8,9,4,3,8,6,7,5,2,9,4,10,4,4,5,7,9,10,8,3,4,5,7,9,7,8,6,7,6,6,8,3,5,5,9,3,9,4,11,5,7,10,6,8,7,4,3,11,9,6,6,9,9,11,9,4,13,13,9,7,2,6,4,5,3,2,7,6,7,9,10,5,5,9,10,5,5,7,1,9,6,6,4,11,4,5,5,5,11,11,11,3,5,4,10,3,8,9,5,8,6,10,7,7,3,8,9,2,10,8,11,4,11,10,5,2,10,7,6,8,6,7,1,5,6,8,4,4,14,6,4,3,7,7,8,5,9,5,6,11,5,8,9,4,3,8,8,7,9,5,9,10,4,6,9,7,3,5,7,8,5,5,1,5,9,12,14,8,8,6,5,8,2,3,10,4,13,6,2,3,8,4,3,6,5,2,8,8,7,6,4,8,5,9,7,6,11,4,4,6,7,0,9,9,8,10,9,1,9,1,7,7,3,8,2,4,5,9,4,4,5,7,2,7,5,7,5,4,7,4,9,10,5,9,8,4,5,5,9,3,4,5,10,10,8,6,5,9,5,5,12,10,8,5,7,10,2,5,9,5,4,7,5,7,11,5,7,9,5,15,6,13,4,9,8,3,4,6,1,10,12,9,1,3,7,6,13,1,10,11,12,6,6,8,7,5,7,7,6,6,4,6,7,10,4,9,11,10,6,10,9,9,3,8,8,8,8,4,4,5,4,6,6,4,3,8,7,4,7,6,9,2,9,9,6,7,7,5,10,5,5,5,7,8,13,13,7,8,3,6,6,7,9,4,7,10,7,8,2,5,3,4,10,9,9,7,10,7,6,6,5,3,4,7,7,13,6,5,5,6,7,2,5,7,4,5,5,8,2,7,7,7,6,2,9,9,11,4,4,4,9,6,6,15,2,13,4,3,9,9,5,7,6,5,8,5,10,6,7,8,11,7,5,8,5,7,7,8,4,3,7,6,7,2,6,8,8,6,4,6,9,7,6.548,11.7213095098674,1.37469049013256
1,9,7,4,10,9,5,6,6,10,5,5,7,8,6,4,9,7,3,3,8,7,5,6,7,4,8,9,12,4,8,8,14,9,9,9,6,5,4,6,11,13,7,3,7,2,9,3,6,5,8,7,2,6,8,7,4,6,6,5,8,2,9,7,8,7,3,7,7,10,4,6,2,9,3,6,10,7,9,4,5,16,6,8,5,9,12,8,4,12,10,8,9,9,6,7,0,5,4,5,2,9,11,3,7,6,8,4,7,6,7,2,6,4,11,8,8,4,6,5,6,3,6,4,8,7,7,6,5,3,10,9,4,5,8,6,7,4,8,8,13,11,6,9,3,5,6,4,5,2,9,8,11,11,8,4,4,5,7,6,4,6,5,4,8,4,6,3,3,6,8,6,4,12,8,10,6,8,6,6,13,7,5,5,10,8,3,7,3,10,5,8,5,10,5,7,6,8,6,5,10,4,11,12,5,4,3,8,4,13,11,4,8,5,9,4,11,10,7,5,6,5,7,5,8,7,4,3,5,7,6,8,3,6,5,9,5,6,6,6,7,14,14,5,4,7,6,7,11,5,3,5,5,7,6,7,5,9,2,5,6,9,3,4,9,6,9,12,4,9,7,7,8,6,2,9,9,5,11,8,1,9,3,6,6,4,10,8,4,4,7,7,4,4,6,2,5,2,4,7,2,9,6,8,5,9,10,5,9,4,10,5,9,5,9,8,8,4,8,8,7,7,7,10,5,8,11,3,6,9,7,5,7,5,2,4,8,6,3,9,8,5,8,7,7,7,6,5,3,4,7,3,2,6,4,8,12,2,7,5,2,1,7,7,5,3,7,8,11,3,7,2,3,5,11,2,5,5,4,2,4,2,7,8,6,7,7,7,8,1,10,7,7,8,5,7,8,5,6,10,5,9,13,11,11,3,7,10,6,5,7,7,10,6,11,10,4,6,6,5,10,6,12,7,10,8,6,8,2,6,5,9,6,7,5,7,5,6,5,12,6,5,4,5,9,5,3,7,9,10,6,13,5,5,11,7,4,7,6,9,8,7,5,10,5,9,4,3,6,4,10,15,5,9,5,5,8,3,5,5,9,5,9,7,5,7,3,7,12,6,7,1,11,9,7,3,5,12,6,7,9,4,12,5,8,7,8,7,6,7,7,4,12,8,12,6,9,8,4,6,9,5,9,9,6,5,2,7,8,6,9,6,9,8,9,4,7,1,6,4,11,8,6,6,9,5,4,6,5,6,4,7,8,4,6,8,7,5,8,8,1,2,4,4,7,8,8,3,10,9,10,2,6,10,8,8,9,8,3,7,6,8,8,6,11,12,9,5,8,8,2,10,15,9,7,8,6,6,6,1,5,8,8,8,5,15,1,2,7,6,2,8,3,12,7,9,8,4,8,4,10,7,5,4,10,5,7,5,9,4,6,11,13,9,9,4,3,8,10,8,8,6,6,10,7,6,11,8,4,3,7,5,2,7,8,10,3,5,11,8,2,3,6,7,6,2,9,6,6,4,7,6,10,7,8,6,4,6,4,5,6,11,6,7,1,3,5,5,8,4,5,6,5,4,5,7,7,6,4,4,6,7,8,5,11,6,9,5,8,5,3,3,10,10,3,4,9,6,4,7,5,9,6,3,5,7,7,5,5,10,3,5,9,4,5,2,4,5,4,7,6,4,5,2,4,11,3,8,8,6,6,7,5,5,7,5,5,8,4,4,11,6,8,5,8,5,5,4,6,5,6,6,4,0,3,5,5,5,7,7,4,10,5,9,9,7,6,10,8,6,8,3,6,7,8,5,5,5,3,6,9,3,6,8,9,10,3,7,5,4,4,4,8,7,10,6,3,6,7,3,5,8,8,7,7,5,4,2,6,5,4,3,7,4,3,13,5,7,8,2,1,6,2,9,5,7,6,3,3,7,2,7,4,7,7,5,7,5,9,9,5,6,5,9,3,6,9,7,4,6,3,8,5,4,7,4,2,7,8,8,10,7,5,7,7,11,2,8,7,8,7,7,9,7,9,6,6,6,6,7,11,8,9,5,14,4,3,10,9,8,5,2,5,9,11,5,3,10,12,6,9,6,12,13,7,10,8,10,6,9,1,6,6,7,7,10,6,6,5,9,6,9,7,6,7,10,10,7,2,6,5,4,9,2,11,7,6,6,5,7,4,13,6,7,7,6,6,6,3,7,5,2,2,2,4,6,4,9,8,4,5,10,4,6,5,4,5,7,8,6,5,12,4,6,6,7,5,11,7,3,6.467,11.5869667339698,1.34703326603024
10,7,11,5,8,2,9,3,14,5,13,8,2,3,10,6,4,5,3,3,7,4,7,6,8,6,5,8,5,7,2,5,6,6,13,4,8,5,4,8,14,4,7,7,4,4,6,8,11,5,5,7,8,10,5,6,7,6,4,6,6,9,7,7,2,5,4,4,5,4,11,7,3,9,4,4,4,7,6,8,5,8,6,8,6,8,7,6,6,8,13,5,13,3,9,10,8,5,6,6,7,11,11,2,3,5,10,8,5,6,4,7,10,3,7,10,9,6,12,8,2,6,7,9,4,8,8,5,7,3,8,10,6,5,4,5,12,7,7,11,7,8,17,9,4,4,6,11,5,5,9,6,6,4,6,8,3,3,7,5,4,6,4,7,8,6,10,8,6,7,6,5,10,5,3,5,7,7,4,6,7,8,7,8,6,6,10,6,8,6,2,5,3,10,8,4,5,4,10,5,5,7,7,3,5,8,4,7,7,9,9,5,6,5,10,13,6,6,4,11,16,9,5,3,11,4,7,6,5,3,9,6,7,4,13,6,5,7,11,4,10,8,12,5,7,3,6,6,9,5,7,10,6,4,3,2,10,6,5,7,6,4,8,2,3,3,5,7,9,5,3,5,2,5,3,6,7,8,7,10,5,7,10,7,8,4,4,6,5,8,11,6,8,6,10,3,7,9,9,10,8,11,9,13,8,5,10,10,8,9,4,4,4,3,10,7,9,7,6,7,7,10,9,5,11,10,12,6,10,5,9,6,8,11,6,5,4,10,7,7,9,10,8,2,9,12,1,3,7,6,7,6,2,2,2,6,9,4,5,6,1,4,10,11,10,2,6,6,7,4,3,5,8,9,5,10,5,5,7,10,4,6,15,4,6,7,7,5,3,7,10,5,4,6,11,7,9,2,9,2,5,4,12,3,6,3,7,9,10,4,9,4,3,9,4,7,9,6,10,3,13,8,5,10,3,8,8,4,5,6,5,3,8,8,8,4,2,5,2,1,4,7,5,9,5,8,4,8,4,8,9,8,5,4,12,8,8,10,7,5,6,6,4,10,4,3,10,9,2,4,7,7,4,5,4,7,9,3,2,7,10,2,16,5,10,10,8,6,8,6,7,3,8,10,3,6,7,6,8,5,5,5,10,9,8,6,8,12,8,11,13,4,7,6,6,9,10,5,8,3,8,3,7,7,8,3,5,10,5,17,11,7,11,4,10,5,8,8,8,3,8,8,7,9,10,4,6,3,5,5,10,8,11,2,6,9,4,9,7,7,5,7,7,6,7,6,7,9,12,10,4,7,3,7,9,7,5,3,7,3,5,7,4,7,10,7,3,6,10,4,8,3,6,4,7,6,4,8,6,9,5,7,3,7,9,9,5,4,3,4,7,5,3,8,7,8,5,9,4,3,6,6,10,9,7,6,4,9,8,3,9,7,15,9,9,3,10,5,4,8,11,10,4,7,7,4,7,10,6,8,6,9,3,5,6,9,8,5,5,8,3,4,5,6,5,4,8,7,9,7,5,4,7,9,10,7,6,4,6,11,3,14,7,8,7,6,6,5,10,7,11,7,6,5,11,9,9,10,8,9,14,3,12,11,6,9,7,10,9,10,5,7,5,11,3,4,6,4,9,9,6,3,5,7,8,10,7,6,11,5,6,3,7,6,4,7,8,8,2,6,7,6,2,5,6,8,2,7,11,13,6,4,4,4,3,3,9,7,6,9,11,9,8,9,6,11,5,8,10,6,7,7,5,8,5,8,7,7,9,6,2,4,4,5,6,8,6,3,10,9,5,7,4,8,4,6,3,6,10,7,6,5,4,14,6,3,5,3,10,10,2,7,6,7,10,8,2,6,2,6,6,9,8,8,4,5,5,6,4,5,3,3,8,10,7,10,12,11,8,7,8,2,6,5,11,3,8,4,8,5,7,3,5,6,5,7,3,2,7,4,9,4,5,10,4,11,8,4,7,7,5,4,5,5,7,4,6,4,4,12,8,4,1,4,6,10,15,6,8,4,7,10,6,8,6,5,3,3,4,3,7,7,7,7,9,6,3,5,8,11,4,6,5,5,10,4,2,3,11,12,7,9,8,10,4,8,4,5,10,10,4,10,3,14,5,5,16,7,8,2,5,9,5,9,5,18,3,10,6,6,9,8,10,7,7,5,7,10,3,3,10,6,8,9,8,6,7,7,5,4,9,5,4,4,5,6,3,7,4,11,5,13,2,7,10,8,7,2,8,5,11,3,4,10,7,10,5,3,7,5,6.646,12.0173277703391,1.27467222966086
5,1,9,10,4,6,5,7,9,9,4,3,4,6,8,7,7,10,8,5,6,7,6,5,4,10,6,9,8,11,6,3,10,4,10,5,4,8,4,3,9,5,3,7,3,4,10,4,7,3,6,7,5,11,4,2,11,10,13,4,6,7,6,3,7,9,4,8,6,6,9,4,1,8,7,12,6,12,8,4,11,9,7,6,6,11,12,4,6,8,13,7,10,8,5,5,8,6,6,3,5,3,3,3,6,6,10,7,7,7,5,4,5,2,7,7,11,9,7,5,2,6,12,8,11,9,9,3,3,7,9,8,4,7,10,5,6,2,16,8,6,10,11,8,8,10,4,5,3,6,5,5,11,5,8,5,4,7,11,12,7,8,2,5,12,11,6,7,6,12,4,10,10,8,14,12,10,4,6,3,3,7,7,2,5,8,6,4,15,6,5,7,3,5,9,12,6,5,9,6,6,3,9,7,9,5,2,4,6,8,7,8,4,7,11,11,5,9,7,13,13,12,6,9,5,2,9,4,6,9,9,11,4,5,12,4,11,9,7,4,8,6,8,6,8,6,10,13,13,5,3,6,6,5,6,4,7,10,3,6,8,9,10,11,10,5,11,9,5,7,1,6,8,5,5,6,2,2,9,12,4,4,7,9,5,4,2,4,4,5,6,5,6,9,7,6,8,3,8,8,6,5,13,12,3,7,2,5,6,9,6,5,8,6,3,6,4,5,8,7,6,6,9,7,10,9,7,7,4,9,7,4,6,9,5,3,11,9,6,5,6,7,6,9,9,5,6,3,4,1,7,8,11,7,5,7,8,6,7,7,8,6,7,6,9,7,6,4,9,7,10,7,6,4,4,14,4,9,14,6,5,9,7,5,5,7,5,7,3,8,9,7,6,3,10,8,6,1,6,10,8,9,7,10,10,8,15,4,11,3,2,4,6,12,7,6,3,7,9,5,7,3,8,6,11,11,7,8,2,3,5,7,4,3,12,6,9,8,9,9,8,8,2,16,5,7,7,4,13,10,5,13,9,2,5,9,6,6,7,4,10,13,3,4,8,6,7,5,6,5,7,12,9,7,7,6,9,8,4,4,12,2,11,11,6,11,2,3,9,5,3,5,6,9,4,3,5,5,9,2,5,2,11,11,3,4,11,10,10,3,3,3,14,3,13,8,8,9,5,8,4,2,4,5,7,7,4,5,6,12,8,4,8,2,7,6,10,6,5,3,10,11,8,6,14,6,11,12,4,10,2,5,4,8,4,5,7,7,8,4,1,3,5,4,4,6,6,4,7,8,8,4,5,6,12,5,5,8,6,7,7,11,10,6,8,6,10,9,8,6,7,10,12,8,6,9,8,4,6,5,6,6,6,8,6,16,4,5,9,10,11,3,5,8,8,8,11,5,6,6,5,6,9,2,9,8,6,7,9,6,4,6,10,8,4,5,7,17,7,8,4,7,4,9,5,8,5,6,3,11,5,5,6,9,4,5,4,4,5,8,7,8,5,5,8,6,13,5,5,9,3,4,2,3,10,11,9,10,7,5,0,7,12,4,8,12,4,9,6,4,5,8,4,5,9,7,7,7,9,5,6,9,7,3,14,9,4,1,8,8,7,2,2,7,5,6,1,3,10,5,8,8,5,7,5,3,6,4,4,4,7,9,6,8,3,7,7,9,4,3,5,10,4,8,9,18,3,7,7,13,10,10,1,6,8,5,2,6,9,5,6,4,6,4,10,5,4,7,4,7,3,8,9,5,7,5,3,6,6,5,3,5,10,7,3,11,9,4,3,3,9,5,2,7,7,6,8,3,9,10,7,3,5,11,10,7,2,9,14,8,9,11,6,7,4,8,6,5,8,7,6,7,2,5,4,10,3,7,5,6,6,12,7,11,3,5,8,9,8,8,7,7,4,6,9,2,8,11,10,3,5,5,5,9,11,5,8,8,3,3,5,9,3,7,10,8,5,3,7,10,11,7,1,7,5,9,6,10,7,7,4,7,6,10,11,7,7,3,8,6,13,4,8,7,13,12,8,7,6,3,7,4,6,6,4,10,4,5,4,2,9,7,6,5,3,2,8,10,9,6,7,6,6,9,10,11,11,6,3,6,5,2,6,4,5,5,10,4,9,7,10,8,8,5,11,5,5,4,8,5,8,5,10,6,5,6,6,5,7,6,4,8,4,12,7,4,6,5,4,6,6,3,4,10,10,1,4,9,8,6,8,6,1,3,16,7,5,4,9,4,12,6,7,6,6,7,11,8,6,6,6.713,12.2942663960954,1.13173360390456
6,15,7,6,7,5,5,4,6,9,10,5,6,9,8,6,3,4,5,4,4,4,9,8,7,3,8,10,2,6,6,12,5,4,15,5,3,4,4,8,12,4,7,11,8,9,8,5,6,4,8,6,11,12,6,4,7,4,9,6,6,12,4,8,11,4,6,8,10,5,8,5,3,5,3,5,8,5,6,3,6,8,10,7,6,13,11,7,6,6,15,5,4,4,12,7,6,6,5,9,9,5,9,5,7,3,9,7,8,6,9,8,2,6,5,2,4,11,9,8,3,3,12,9,5,9,4,6,9,8,7,9,3,7,6,5,6,6,8,10,11,6,14,11,3,5,8,6,2,2,8,8,8,7,10,6,3,3,12,7,8,5,4,5,8,8,8,7,9,7,10,1,11,8,9,6,9,6,4,6,7,6,7,2,4,6,4,5,9,7,9,6,6,9,3,6,4,3,10,3,6,4,6,9,4,8,6,2,7,8,6,5,2,7,4,7,7,7,6,5,6,8,4,4,10,6,8,3,5,9,5,7,8,5,9,4,8,5,15,6,10,10,11,6,6,2,7,7,6,2,2,8,4,8,3,3,8,9,8,4,6,12,4,11,4,5,8,12,7,7,7,4,5,7,7,7,6,4,8,8,4,13,9,5,10,4,4,5,6,5,11,1,4,6,6,9,9,6,8,6,3,6,11,5,8,6,1,6,9,9,6,8,8,4,4,8,14,7,6,10,7,7,8,5,8,5,6,9,8,6,1,6,6,7,5,6,5,8,8,9,10,8,12,5,6,10,5,3,6,2,6,11,9,10,6,3,5,3,7,2,5,7,7,9,4,2,7,9,7,8,3,9,10,6,3,9,5,5,5,4,9,3,1,10,6,8,4,7,7,7,15,5,8,5,6,6,5,3,4,7,4,6,8,5,6,7,13,4,5,5,11,5,4,9,12,11,7,6,6,3,11,6,7,8,11,15,8,1,5,4,10,5,5,5,8,4,2,3,7,8,5,6,3,15,3,11,6,8,7,9,12,4,8,10,4,17,10,11,5,7,7,7,5,13,7,8,5,6,4,8,8,10,10,12,5,3,3,7,6,7,11,6,3,4,3,6,4,7,6,6,9,6,5,5,4,3,5,6,5,7,7,5,6,10,4,9,12,8,6,8,12,9,8,7,3,9,11,9,6,5,10,3,6,8,5,6,6,7,9,8,12,8,6,3,6,5,7,7,7,7,6,5,5,6,10,8,9,8,4,6,6,6,3,6,5,3,6,6,15,10,6,4,4,7,6,6,6,6,9,9,6,6,9,11,10,7,6,6,8,4,9,11,7,8,4,10,14,6,6,6,1,6,3,6,8,8,12,10,10,10,8,13,10,3,3,14,6,5,6,6,6,6,5,11,7,8,4,4,3,11,10,7,6,7,13,5,6,6,4,7,4,12,8,9,8,8,7,14,4,3,8,7,6,3,10,7,9,9,5,2,2,1,1,7,10,11,4,7,4,8,7,4,8,6,7,3,4,5,5,4,6,9,7,1,8,7,6,8,4,8,4,2,5,3,3,4,2,5,6,5,7,6,5,6,6,6,8,5,10,7,3,4,9,8,7,7,10,8,6,1,8,6,11,7,7,3,6,10,5,8,4,10,6,12,10,8,6,6,8,9,3,8,15,5,7,7,3,6,7,5,6,10,10,6,4,8,5,5,8,12,14,7,4,7,9,7,1,7,6,5,11,10,3,11,11,3,4,2,7,10,2,10,9,4,9,3,7,6,8,4,5,10,7,4,6,7,10,7,7,3,11,8,15,2,7,8,5,5,5,5,4,3,6,6,7,7,7,9,7,14,11,10,5,10,6,13,6,8,5,7,3,10,10,5,3,7,4,4,3,3,7,3,10,10,6,12,6,12,9,9,3,2,10,6,14,7,10,4,5,6,3,7,5,9,7,6,10,4,4,4,9,5,9,6,10,10,5,10,6,6,4,6,5,9,7,7,9,9,3,4,7,4,4,8,6,9,5,3,9,6,8,7,4,7,8,9,6,8,6,9,5,5,8,8,7,8,7,9,2,5,6,7,9,5,5,4,6,6,6,6,11,4,8,8,8,8,6,7,7,5,7,8,12,11,5,7,8,7,2,3,5,8,8,7,7,8,8,7,3,7,6,7,6,8,11,7,6,11,6,13,4,7,7,9,3,3,8,6,3,10,7,4,5,6,10,7,8,8,4,2,7,4,6,8,2,7,2,4,11,11,9,6,2,10,6,7,8,3,8,6,6.703,12.0391708954479,1.36682910455209
5,5,7,11,6,5,6,4,6,11,9,9,7,4,8,1,6,12,6,2,7,10,9,10,12,10,5,4,8,8,7,13,7,9,9,10,8,5,10,11,5,9,3,4,4,8,5,7,4,7,10,10,6,7,4,10,8,7,10,2,4,4,8,3,7,13,5,10,7,7,4,12,7,4,8,8,5,6,6,5,10,8,4,5,8,10,7,4,5,10,8,5,9,5,8,9,4,5,4,4,9,9,7,4,4,6,5,5,5,6,11,5,3,2,5,9,3,8,7,6,7,4,9,11,8,5,11,5,4,6,9,6,2,6,9,5,2,4,9,6,5,9,8,8,5,8,12,7,6,3,6,11,10,7,7,5,3,7,4,9,6,5,6,3,8,5,10,8,6,5,5,7,9,6,14,7,8,7,7,3,10,6,5,7,1,6,11,3,8,2,5,11,5,8,13,4,2,7,12,4,2,4,9,4,0,4,4,5,8,11,8,2,6,5,5,10,9,5,9,3,17,8,4,6,10,5,4,3,12,3,9,7,5,8,5,7,7,6,8,3,4,8,9,4,5,8,4,11,12,6,3,9,8,2,9,10,6,6,6,2,10,4,7,9,8,8,16,13,8,1,9,11,12,4,6,6,6,7,8,6,4,7,8,7,5,5,9,4,3,2,4,5,13,9,12,4,6,6,8,6,7,2,12,5,7,8,9,4,4,6,9,8,3,5,9,6,3,10,7,12,11,8,8,8,5,7,6,2,4,10,5,4,7,10,8,7,5,7,6,3,10,8,7,5,5,9,6,6,3,5,5,12,8,5,7,10,8,7,9,3,4,6,9,5,6,4,1,6,5,2,7,7,8,5,5,5,8,6,4,10,6,7,4,2,8,9,8,7,3,8,13,7,7,7,11,5,9,8,9,6,4,10,8,8,3,4,14,6,8,5,4,7,7,7,10,8,6,6,6,4,12,9,6,10,8,8,7,12,4,8,6,11,9,6,4,7,5,5,7,6,3,6,7,10,3,10,9,6,8,10,7,5,9,8,10,8,6,6,9,11,12,4,6,5,5,4,5,6,3,4,6,6,8,8,5,5,5,3,7,5,4,4,6,10,8,4,3,6,11,7,8,7,6,11,7,2,6,9,5,4,6,7,8,13,6,5,10,9,3,5,7,2,5,4,3,7,7,3,4,14,7,7,9,9,4,6,8,12,5,3,6,13,9,9,9,5,6,6,3,7,6,6,5,10,6,3,7,7,5,3,6,5,6,3,5,11,4,10,5,3,5,6,7,3,7,7,8,5,5,6,8,7,6,8,2,8,12,6,4,6,9,9,2,8,8,5,6,5,5,7,4,7,20,8,8,11,12,9,6,6,5,6,7,3,4,14,7,6,11,10,2,11,6,3,13,7,4,5,5,9,3,6,6,1,12,6,8,4,6,7,9,8,13,9,9,6,9,7,8,4,5,4,6,14,7,2,9,6,5,4,8,9,12,6,10,11,9,4,6,8,6,7,9,7,7,7,10,9,12,6,6,4,3,8,8,10,3,4,4,1,12,4,7,7,3,9,4,4,9,5,12,5,4,4,10,6,5,4,6,6,9,8,9,7,8,5,8,8,6,11,4,4,6,7,4,4,7,5,6,14,2,6,5,10,6,8,4,7,5,6,7,5,4,5,13,7,6,3,1,4,6,0,9,3,5,8,2,2,7,8,3,7,6,2,5,4,6,6,4,8,9,11,5,7,7,4,7,3,9,8,5,5,9,4,8,14,3,8,9,5,1,4,8,5,6,8,9,4,12,7,9,4,7,3,9,8,7,5,4,6,5,3,5,6,10,9,4,2,9,8,12,4,9,7,7,9,8,3,10,5,9,10,11,11,5,8,6,8,6,7,8,6,6,4,4,9,7,7,8,6,4,4,3,4,6,7,7,1,6,6,6,7,4,13,5,7,7,5,3,2,6,6,7,5,6,11,9,7,5,11,3,9,7,3,4,8,13,7,4,7,6,4,7,12,10,8,11,6,3,13,13,11,10,5,9,5,0,5,7,8,4,8,6,10,4,12,4,7,6,4,6,4,7,7,8,7,3,9,7,6,5,10,3,7,10,7,2,12,8,9,6,15,9,3,10,6,6,7,6,6,3,9,5,4,10,10,4,8,3,6,6,7,5,6,7,6,8,6,10,3,7,8,6,12,5,5,9,5,5,5,6,4,2,10,9,4,4,7,7,10,7,8,5,11,16,8,9,4,6,6,8,2,2,8,5,7,5,6,7,4,6.67,12.0486309253034,1.29136907469655
5,4,4,4,5,3,5,5,8,7,9,7,7,4,4,6,7,7,6,3,5,6,6,4,2,11,6,10,5,7,3,7,8,5,8,5,9,6,3,9,7,7,4,5,2,5,10,7,10,10,11,13,10,9,8,5,7,8,9,10,9,6,10,6,5,3,8,6,9,6,4,3,4,7,1,8,11,11,8,4,9,8,9,4,6,12,9,3,2,7,13,10,6,7,7,12,5,7,5,9,5,6,7,5,6,11,11,9,3,8,4,3,2,9,8,11,3,5,11,8,6,8,7,4,7,6,7,7,11,4,9,6,3,7,5,8,7,9,15,3,9,9,8,11,6,7,6,2,5,3,3,7,6,11,7,4,9,9,5,6,4,3,3,6,9,10,8,16,12,9,8,6,11,4,11,11,3,6,7,5,2,9,3,8,9,3,7,2,6,10,8,1,2,5,3,4,5,7,10,6,6,1,6,4,7,8,7,8,7,9,8,6,7,6,8,6,6,5,6,13,11,9,9,6,8,4,14,5,4,6,12,12,5,4,4,10,11,13,8,7,9,5,14,4,5,4,3,8,7,9,8,5,9,6,6,7,6,9,2,5,5,11,11,8,8,8,11,10,9,7,6,4,6,8,7,6,8,5,7,5,5,5,6,10,6,9,8,4,4,7,8,4,8,6,6,5,5,4,9,10,3,9,10,8,8,1,7,8,9,8,9,8,4,4,8,5,4,6,9,15,6,9,7,7,7,2,7,6,11,11,11,2,6,11,5,2,6,8,2,7,8,12,6,9,7,12,5,10,4,8,3,6,2,5,6,2,10,4,6,7,2,7,7,9,13,6,8,3,9,8,2,5,7,7,10,3,5,9,5,4,2,4,3,7,5,7,7,8,6,5,7,7,9,9,10,6,11,8,7,7,2,4,11,10,11,3,7,4,12,4,7,4,9,10,15,9,5,3,5,6,14,5,7,9,5,5,9,5,4,6,6,5,3,5,11,6,7,6,1,12,7,12,3,9,7,8,4,4,11,7,11,11,5,2,7,4,3,6,8,4,13,6,4,4,6,1,9,4,5,8,10,7,6,9,3,7,6,6,1,5,7,3,11,4,3,4,3,2,7,6,8,3,10,10,4,3,14,7,5,7,7,4,7,9,6,13,4,10,8,6,6,6,11,6,5,13,17,6,3,8,5,5,6,9,4,6,4,9,4,6,10,5,4,1,9,7,10,5,9,5,11,7,7,6,14,8,8,2,5,4,5,7,6,6,6,9,9,9,12,2,3,3,3,8,5,8,4,7,10,10,6,4,5,5,12,7,5,8,5,5,5,14,4,10,4,6,2,6,9,3,9,13,6,6,8,9,10,6,7,6,6,9,8,3,6,5,7,4,6,7,1,4,5,8,8,6,7,5,4,6,7,3,13,8,5,10,5,6,9,7,8,13,12,6,8,5,9,8,8,4,9,12,6,4,10,5,7,2,9,5,3,5,3,7,8,8,8,6,4,10,5,6,5,8,6,5,7,5,0,10,9,7,4,6,9,6,7,10,7,10,8,13,6,5,3,5,7,3,7,6,5,11,7,7,5,5,5,3,7,2,4,4,6,8,12,14,6,10,5,6,9,4,9,11,5,10,8,5,1,10,4,11,2,4,5,8,5,7,4,7,4,2,5,4,5,7,3,8,8,3,7,3,5,0,7,14,7,2,15,11,4,9,2,4,9,8,9,9,9,0,11,4,9,7,5,7,7,7,10,7,9,4,6,5,5,6,6,12,5,4,6,7,8,6,9,6,11,7,9,6,3,8,8,2,8,5,7,8,6,4,3,11,4,5,2,9,9,5,17,12,11,5,11,11,3,13,4,10,3,6,4,3,9,5,10,8,9,7,10,8,3,9,11,6,3,11,7,7,4,7,8,6,2,7,6,2,5,7,5,6,8,5,6,4,6,4,8,6,5,7,4,8,6,3,7,7,3,6,7,10,5,4,7,7,5,0,8,10,6,10,13,6,5,6,4,10,10,4,5,9,7,11,12,8,6,3,10,5,6,4,10,7,9,4,4,5,5,8,4,4,7,7,6,7,11,8,6,9,14,6,8,4,8,6,4,9,7,11,8,8,3,6,6,9,6,10,9,7,6,2,2,7,1,9,7,16,3,11,14,7,8,8,5,7,7,3,5,10,11,5,6,6,8,9,11,7,8,7,3,10,10,6,7,1,9,8,8,12,7,9,2,8,4,3,12,2,3,9,8,3,10,4,6,7,7,11,7,8,9,7,6.741,12.331659093479,1.15034090652097
4,3,13,6,6,6,3,7,7,12,8,6,4,8,6,5,5,9,4,4,6,9,6,3,6,7,4,4,8,6,3,4,5,6,11,5,3,10,4,5,10,9,6,3,5,3,5,6,6,2,5,7,7,5,6,9,11,6,5,3,8,7,10,8,6,5,6,9,15,6,5,7,4,5,7,6,5,5,7,4,7,6,7,5,6,11,8,7,7,7,10,6,6,9,1,11,6,6,9,6,6,7,11,6,7,6,10,5,4,9,8,9,7,7,12,9,9,13,8,4,3,7,7,8,7,7,8,10,6,9,8,5,5,9,9,8,12,5,10,8,10,5,10,4,7,4,8,7,9,3,10,9,9,9,7,5,2,11,7,6,7,6,4,4,5,8,7,3,10,13,7,12,5,14,9,8,8,7,6,11,6,8,11,4,11,10,5,3,7,5,5,7,2,6,10,8,9,3,9,4,6,4,10,9,2,3,9,6,1,11,9,3,6,5,4,6,5,5,7,8,9,7,5,7,6,4,5,8,4,12,6,8,2,8,10,5,5,5,3,4,6,8,9,3,7,10,6,11,9,6,4,8,3,5,8,7,14,14,8,7,5,9,12,6,6,7,6,3,2,6,5,8,4,6,2,7,2,11,10,5,7,10,3,10,3,9,3,7,1,11,8,7,7,6,1,7,11,7,10,4,4,4,6,7,7,4,9,8,4,7,8,7,10,6,5,11,7,3,6,7,8,10,5,8,7,10,6,7,6,6,9,8,12,7,7,4,9,7,7,10,8,5,4,6,8,5,5,2,8,2,7,10,6,7,2,9,12,6,3,6,5,8,9,12,12,13,5,3,9,6,9,7,6,7,8,9,4,7,6,6,7,9,7,8,4,9,4,10,12,8,8,2,5,4,9,0,7,4,6,10,10,5,6,6,5,3,6,6,4,7,6,8,3,6,9,4,5,3,8,7,11,7,6,9,8,8,8,6,4,7,7,5,7,4,9,3,12,6,6,9,4,12,5,5,10,2,4,9,3,7,3,9,8,7,2,12,3,7,5,10,8,8,2,9,8,5,6,3,7,5,11,12,9,6,7,8,6,5,6,6,5,3,7,8,7,5,2,5,4,7,9,8,8,5,5,13,8,7,5,6,8,8,11,4,7,11,7,7,2,7,7,6,8,7,11,7,7,5,5,8,6,6,12,4,6,5,6,8,11,5,10,9,6,3,8,7,11,5,8,6,10,7,5,9,10,7,8,13,5,8,14,6,5,4,5,5,10,3,8,7,4,5,5,8,10,3,7,9,8,13,5,4,8,8,12,5,13,3,5,9,4,9,9,10,5,7,8,5,5,7,5,9,13,6,2,11,9,7,9,7,3,6,8,7,7,9,3,3,9,7,5,7,4,8,7,5,5,2,5,10,3,5,4,6,6,4,6,10,13,8,8,13,9,8,10,3,5,8,4,7,8,7,4,6,3,13,10,10,3,3,8,12,5,6,7,4,5,7,7,8,6,6,6,9,3,4,10,7,6,6,5,7,6,3,7,7,4,5,3,6,5,9,6,4,5,3,5,6,5,6,5,13,9,5,6,5,5,8,7,7,5,7,9,7,9,4,7,6,5,5,9,12,3,5,11,2,4,8,8,12,2,6,6,8,8,5,4,7,10,5,6,4,8,8,2,9,4,11,3,5,11,9,7,5,7,12,4,6,5,12,12,11,8,5,4,2,8,6,6,6,11,4,3,2,6,6,6,8,6,4,7,11,11,4,9,4,3,7,8,9,5,3,2,11,11,8,6,3,17,2,8,3,12,9,9,9,15,7,0,6,2,9,8,9,8,8,5,5,6,14,4,7,9,3,5,7,6,4,10,10,9,7,5,2,1,4,12,10,4,9,6,7,6,7,6,5,5,8,7,7,12,5,10,6,11,6,3,8,9,9,1,5,5,8,3,8,5,6,2,8,9,5,3,7,11,8,6,10,7,9,5,7,7,10,8,5,5,5,6,13,5,10,4,5,5,10,9,5,9,7,8,7,5,5,8,10,10,9,10,3,11,6,7,7,10,6,5,6,10,6,8,8,4,5,7,6,8,6,7,14,12,9,5,11,4,11,7,11,7,8,3,9,6,9,7,12,11,4,5,3,5,8,6,7,2,3,5,3,5,7,3,7,13,1,5,7,5,5,5,10,7,3,9,5,2,7,9,7,8,5,13,3,7,5,7,4,5,7,6,4,3,8,3,7,8,7,8,9,14,10,10,4,11,7,7,6,9,4,7,8,6.773,12.0280884815147,1.51791151848529
3,9,8,8,7,7,6,8,2,5,15,6,8,6,9,9,5,7,10,7,4,3,5,7,5,6,7,9,8,4,4,6,6,6,6,7,5,6,4,7,9,8,10,9,5,4,5,7,6,4,10,9,5,8,4,6,5,8,7,4,6,10,9,3,7,9,8,8,5,5,9,12,4,4,9,7,5,4,6,11,7,9,9,0,4,14,10,8,4,8,16,5,5,5,1,6,7,4,6,6,8,4,8,4,5,8,4,6,7,5,9,7,5,3,4,4,4,4,11,7,5,4,5,10,8,9,13,6,4,6,11,7,4,9,9,8,10,6,12,7,16,9,10,12,5,7,6,7,4,3,6,12,11,6,8,7,3,5,9,10,8,7,4,8,10,6,6,6,5,6,9,7,3,6,9,6,7,7,5,3,5,11,8,2,8,6,11,9,7,11,7,6,7,9,8,9,3,7,10,2,7,6,10,10,7,10,5,9,7,5,4,8,7,11,6,8,5,10,6,9,13,3,5,9,9,9,9,5,5,8,8,7,7,1,10,5,6,6,12,7,7,12,9,7,6,7,10,5,3,8,3,9,3,9,10,8,6,6,6,2,9,7,8,3,9,5,10,11,9,4,4,7,5,8,6,4,4,9,6,8,5,11,7,11,6,6,10,3,5,6,6,3,5,8,10,6,2,8,7,9,6,4,10,11,6,12,6,7,5,7,7,7,7,7,10,6,6,12,9,9,8,2,12,5,12,9,6,4,5,8,5,8,10,4,5,4,4,12,3,9,3,10,10,8,5,8,6,2,5,5,3,12,7,6,1,5,8,7,5,6,4,6,3,7,9,4,3,5,7,8,10,6,10,4,6,6,7,3,11,4,5,9,5,8,10,5,7,7,8,13,10,10,14,6,9,8,4,4,5,7,6,7,9,7,5,10,16,7,14,6,3,5,8,9,8,8,7,2,9,7,10,8,9,6,8,11,7,9,4,4,5,10,4,3,5,7,5,10,7,9,3,10,8,14,4,7,5,5,8,9,7,7,6,5,7,3,3,12,8,8,6,3,5,9,8,3,8,8,9,6,5,7,6,8,7,2,6,6,3,4,3,6,10,5,7,9,8,7,7,4,6,4,13,10,10,7,5,9,4,6,2,9,10,9,9,5,16,6,6,5,7,5,12,7,9,9,11,4,5,12,10,4,10,7,6,4,3,8,5,8,6,4,4,8,9,5,8,4,5,10,5,10,8,8,12,6,11,12,9,9,13,8,10,3,3,12,7,3,6,15,3,7,8,5,2,5,5,5,9,11,5,4,6,5,8,8,7,8,10,9,4,8,7,9,3,6,15,6,7,6,6,8,7,7,9,11,5,8,6,10,7,6,5,4,3,8,3,6,8,7,11,6,6,7,7,10,5,9,9,8,9,6,10,8,9,6,9,10,9,8,3,11,10,11,9,2,12,11,10,10,8,5,6,7,7,10,5,14,4,6,8,6,4,5,6,5,8,8,8,7,5,10,5,9,9,4,9,7,7,8,7,1,7,7,11,5,4,8,4,7,5,10,9,4,4,8,3,12,9,2,10,9,1,4,7,7,7,4,11,5,13,5,9,5,12,6,7,8,4,10,12,5,5,11,3,3,8,11,6,11,3,7,2,8,6,10,11,8,4,4,7,10,5,4,5,9,7,6,4,6,6,2,5,5,8,7,6,10,8,8,8,5,3,8,10,8,1,6,7,5,6,14,6,7,8,3,6,7,5,5,7,6,7,5,10,10,7,6,6,10,4,19,8,9,9,10,8,5,7,4,5,10,10,10,4,7,9,5,6,8,7,8,3,10,9,9,4,5,8,7,14,12,9,9,1,12,7,5,8,9,8,8,12,6,0,5,9,6,3,5,1,10,8,11,6,9,6,10,3,7,1,6,7,12,4,11,11,6,4,6,1,3,5,10,10,7,2,10,6,5,12,4,10,3,8,12,7,10,6,10,2,3,4,11,5,4,11,2,6,8,6,6,7,13,7,9,8,5,7,6,12,8,7,8,11,9,5,7,6,8,7,10,7,6,3,11,3,5,2,10,6,10,8,6,3,10,3,7,9,7,6,5,6,7,5,7,10,6,4,5,6,9,10,4,6,6,7,11,5,2,10,9,5,11,10,7,2,6,9,9,5,5,11,6,9,7,9,5,11,9,9,7,8,12,8,4,5,9,4,11,13,6,4,7,11,6,5,9,9,5,6,9,4,9,10,2,7,3,5,4,10,3,0,5,3,7,6,10,7,9,6.991,12.365990246554,1.61600975344598
7,6,6,3,8,6,5,8,7,6,9,6,11,3,10,5,6,8,7,4,4,11,5,6,4,4,7,7,4,11,8,10,8,5,5,8,2,4,7,5,9,5,4,5,5,4,4,8,9,6,5,10,6,8,6,11,6,7,12,7,12,10,5,4,12,6,5,6,5,6,12,4,6,5,4,6,8,7,4,9,8,13,7,10,6,13,9,4,5,8,14,8,4,7,2,11,7,9,8,9,5,8,6,5,5,8,11,7,4,8,7,8,4,8,6,12,3,6,10,4,5,4,8,8,11,4,7,6,3,7,14,7,8,7,3,9,4,11,5,5,7,4,13,16,7,8,6,7,7,2,7,2,7,10,6,5,2,13,10,9,5,5,7,5,10,8,5,11,8,4,2,4,7,7,10,6,7,7,4,7,4,7,5,3,8,8,5,5,7,4,3,3,4,6,7,6,8,10,8,6,6,2,11,4,5,7,3,11,7,12,13,9,5,4,9,8,4,8,7,7,13,13,9,2,9,9,7,5,6,6,6,11,8,7,8,7,6,5,13,3,6,5,12,7,6,5,6,10,3,4,3,7,5,8,4,10,7,8,11,3,4,10,10,9,10,5,12,6,13,5,10,4,5,6,7,9,10,11,9,12,5,8,5,12,10,12,8,4,4,5,5,4,10,7,10,6,7,4,7,4,5,9,6,7,6,6,8,6,7,7,5,7,5,13,4,5,6,7,6,9,9,8,7,7,4,6,8,7,6,9,5,2,11,7,7,3,8,7,2,9,8,4,5,6,5,6,4,3,8,8,2,11,2,5,3,7,12,7,5,5,4,3,8,23,9,6,4,5,7,7,4,6,6,3,4,7,7,7,9,4,4,10,1,6,5,5,6,10,7,4,14,11,11,5,12,10,9,8,5,6,5,10,7,8,10,6,8,5,12,2,6,4,9,5,15,7,4,8,5,5,9,5,4,11,6,9,9,5,1,9,6,10,10,4,6,5,10,7,6,7,9,13,5,12,2,9,4,4,4,13,6,3,4,7,5,14,8,6,7,17,7,2,7,15,4,7,2,6,5,8,11,9,10,4,12,10,7,5,5,6,8,4,5,5,3,5,6,5,10,4,7,4,6,8,3,2,8,10,3,14,10,6,3,5,5,7,9,9,9,7,11,5,9,6,2,13,5,8,7,8,5,5,6,10,9,6,8,6,6,6,5,9,7,4,7,4,3,4,6,4,5,7,6,7,9,8,6,9,8,6,6,7,3,10,6,6,6,10,8,10,2,7,3,2,8,9,5,3,6,7,7,8,2,9,4,9,10,5,8,8,5,11,7,7,3,9,10,8,3,9,2,13,10,5,4,8,7,12,9,2,8,5,5,5,4,4,5,6,7,8,6,9,5,8,9,6,7,2,5,8,7,5,11,11,8,8,9,4,9,7,8,11,9,10,6,6,10,11,5,3,5,5,7,11,6,4,4,8,2,3,8,4,3,4,7,6,5,6,5,6,5,12,11,4,5,4,10,8,1,7,5,5,7,5,8,5,4,8,5,9,5,5,5,4,6,6,6,7,9,3,5,9,2,7,8,9,9,8,6,8,7,6,6,5,4,7,14,10,7,8,5,8,7,8,9,5,2,4,7,13,3,13,8,5,8,7,8,9,6,5,5,6,11,8,5,6,4,6,7,3,5,7,2,6,3,9,8,4,8,8,12,4,9,10,6,6,3,8,13,4,9,1,5,9,7,4,7,3,3,8,5,5,4,5,9,7,7,2,8,9,4,8,8,12,8,6,11,1,6,2,13,6,8,5,2,6,5,5,5,5,8,6,6,3,4,11,6,13,7,6,6,5,11,8,10,8,7,5,6,6,6,8,11,5,7,10,9,7,3,7,3,4,5,11,8,8,10,3,7,6,3,3,3,6,8,5,3,12,5,5,7,6,4,5,10,10,7,4,4,8,4,6,4,3,5,9,4,11,7,5,7,8,4,7,6,8,4,7,6,2,5,5,4,9,5,5,1,3,6,10,16,3,6,7,11,11,2,7,12,9,5,7,7,6,12,6,4,4,5,7,11,5,6,7,11,6,4,7,12,6,12,5,10,6,9,11,8,10,10,5,6,3,3,11,9,8,4,3,6,8,8,4,8,8,8,12,9,6,7,5,11,12,7,2,5,4,7,6,5,7,4,18,7,8,11,2,7,10,7,13,9,3,5,3,10,10,6,6,5,4,13,8,7,3,14,9,4,5,10,5,8,8,2,12,4,7,6,8,5,8,6.785,12.3032621591636,1.26673784083635
6,9,11,5,3,10,4,6,4,12,11,10,3,3,9,7,7,9,2,4,5,11,14,7,9,11,8,6,4,10,5,6,4,6,9,8,9,2,3,4,9,3,5,9,4,4,7,6,4,4,9,5,11,12,5,10,10,4,7,9,11,12,15,10,11,5,5,12,17,2,7,11,4,5,5,8,5,8,5,4,8,7,4,5,8,11,9,13,7,7,6,14,2,4,8,11,7,4,6,9,6,15,6,1,7,9,6,9,4,8,7,8,6,3,8,4,7,9,9,7,1,3,11,5,9,6,11,5,7,5,14,9,4,4,8,7,6,7,10,5,11,12,9,12,3,8,11,2,4,8,4,8,10,6,5,4,5,4,5,5,6,3,1,8,7,11,8,10,10,10,7,5,11,5,13,5,11,9,8,6,4,10,5,7,9,7,3,4,6,3,4,6,6,4,7,9,6,8,12,5,4,4,4,8,4,6,5,3,7,7,7,5,8,8,7,7,5,2,5,7,10,8,4,6,3,3,9,9,10,10,7,8,6,9,8,3,9,6,10,5,7,9,7,9,5,7,3,9,8,5,9,11,5,6,7,4,9,3,13,5,4,12,4,9,8,3,11,3,10,3,3,2,9,5,8,8,9,5,5,9,6,10,5,8,7,12,6,9,5,4,8,4,10,6,6,5,5,10,9,7,8,4,8,8,10,7,13,1,9,7,3,3,6,8,7,6,5,8,3,12,11,4,10,3,8,11,9,9,13,11,7,5,10,6,10,5,5,11,5,3,9,12,8,7,3,12,4,5,13,4,4,8,6,8,2,10,7,6,6,4,6,7,4,8,11,5,5,2,9,2,7,7,9,7,5,8,4,9,8,9,5,7,2,2,4,11,4,4,6,7,12,9,10,7,6,9,8,1,7,6,2,3,5,8,8,6,7,3,10,6,7,4,10,10,4,7,6,3,7,6,11,5,8,9,7,6,12,5,5,8,7,7,10,5,7,4,8,8,10,10,3,6,9,6,5,7,6,9,5,5,8,4,4,3,5,8,3,5,4,10,9,8,4,7,6,8,5,9,4,3,11,4,12,5,8,9,4,4,9,5,4,5,6,7,6,9,2,6,6,12,11,6,8,8,7,5,4,2,6,8,4,7,5,11,8,5,6,12,4,6,9,11,3,10,6,4,4,1,8,5,14,10,11,6,7,10,2,16,12,6,2,5,4,0,9,8,11,11,5,9,8,8,6,12,14,14,9,8,7,10,10,6,7,10,11,5,4,14,10,12,11,6,8,9,10,5,8,9,8,9,3,3,8,8,13,9,8,8,9,4,6,9,8,6,2,8,8,4,10,6,5,6,3,8,5,5,8,4,10,4,12,8,8,5,7,10,6,9,11,8,4,8,8,10,11,14,5,5,4,7,10,10,10,2,2,14,6,10,8,6,7,18,5,12,6,2,3,9,5,4,6,7,12,6,7,10,4,3,8,8,1,7,7,8,10,11,9,4,7,5,5,7,9,7,10,3,8,6,8,4,9,5,5,9,6,7,1,8,7,10,7,9,7,9,8,5,6,6,6,7,8,7,3,9,8,7,5,7,2,4,7,8,10,4,14,9,9,14,3,6,8,10,10,15,7,3,7,10,8,16,2,6,6,3,6,8,6,4,3,9,6,10,8,7,5,3,8,8,10,4,3,0,3,8,14,12,6,6,7,7,9,7,5,1,6,8,10,8,11,2,11,6,7,6,6,6,6,4,8,11,4,9,8,5,10,6,2,5,7,16,4,7,5,10,7,8,12,8,7,10,9,9,8,7,10,3,13,5,2,5,3,4,4,6,12,9,8,4,7,8,9,5,12,9,11,6,6,9,12,5,8,10,11,7,6,7,10,9,10,8,7,8,6,12,4,6,4,7,9,5,9,6,8,1,9,5,8,7,6,9,8,10,12,13,10,5,5,9,1,2,8,12,9,4,5,6,4,8,7,8,7,7,10,5,3,7,7,9,5,8,12,11,6,9,4,9,7,5,3,10,7,10,4,4,8,10,5,8,10,3,4,10,14,3,8,9,7,3,7,6,7,3,6,7,6,8,5,9,11,10,5,12,8,9,4,4,7,19,4,5,3,11,7,10,3,7,7,6,8,7,8,11,3,8,7,14,5,6,7,8,5,8,7,3,3,13,5,4,8,9,9,6,4,12,9,8,10,10,5,4,2,11,8,5,14,4,5,4,4,4,10,9,0,5,7,9,8,8,9,5,6,6,10,5,4,11,5,6,7,6,7.051,12.7985134370534,1.30348656294662
9,5,14,5,6,8,3,6,6,6,15,9,8,4,5,5,6,10,6,4,10,5,5,5,6,15,6,2,10,15,0,4,9,10,6,9,6,11,5,6,9,8,5,8,8,8,4,7,9,4,10,6,7,11,5,12,6,9,8,2,7,9,8,12,11,6,7,11,8,6,8,10,5,5,7,6,7,4,7,4,8,15,6,9,8,9,9,8,4,11,11,5,7,8,7,9,6,7,9,5,7,9,7,0,3,5,12,6,5,11,6,6,5,5,10,7,4,5,13,8,1,5,6,11,11,11,10,4,9,5,13,7,3,11,7,11,5,2,8,7,14,6,12,4,6,7,8,13,6,3,5,10,10,7,7,9,6,10,9,3,6,7,7,6,10,10,10,9,8,8,7,13,7,4,4,8,4,7,9,5,9,6,5,4,13,9,11,10,3,9,6,8,5,14,5,7,4,5,15,6,6,8,9,5,7,9,12,4,8,11,6,8,1,7,6,9,5,7,10,4,7,7,6,5,8,5,7,5,9,6,9,6,7,2,6,8,9,8,9,5,2,9,15,8,13,7,7,5,10,10,5,9,5,7,6,7,9,9,7,3,9,15,9,4,4,9,8,7,4,2,3,8,3,8,7,9,8,9,4,14,2,6,7,8,8,2,6,12,7,5,4,7,10,7,4,4,7,9,6,10,7,4,9,8,7,2,7,9,11,13,7,7,8,9,10,8,4,4,4,18,7,11,8,8,3,4,7,9,7,6,9,6,7,6,7,6,6,9,6,6,9,7,7,5,6,6,3,6,5,5,5,8,6,8,6,10,10,5,8,4,5,8,4,8,12,7,5,3,9,9,9,7,7,6,7,6,6,5,13,3,5,6,6,10,3,6,1,5,12,5,9,10,7,12,5,12,4,7,7,9,3,4,3,5,7,9,10,6,9,7,12,6,10,9,12,8,6,3,13,5,3,6,8,4,2,6,7,6,2,7,3,10,8,10,7,2,10,4,6,10,8,13,9,7,6,7,3,7,6,10,8,7,4,4,10,4,4,4,4,6,8,8,10,7,4,4,8,7,4,7,8,9,7,9,9,3,4,7,8,7,8,5,10,11,4,7,7,6,12,5,10,3,5,9,6,5,5,8,5,7,8,4,7,9,4,16,11,7,3,6,9,10,11,2,7,8,8,9,7,8,6,10,10,10,8,7,5,11,4,7,11,8,10,6,15,6,9,7,5,6,10,6,5,3,5,4,10,6,6,9,3,8,10,5,6,12,6,6,11,9,4,6,3,8,7,7,8,8,10,9,7,3,4,5,9,14,11,4,13,8,8,4,3,12,5,11,6,5,6,5,6,8,8,7,7,4,7,13,8,4,7,5,8,3,5,5,4,6,5,10,9,6,9,10,4,6,6,3,9,9,6,11,7,6,11,8,7,5,12,7,10,8,9,6,8,8,8,11,6,4,5,4,5,5,5,7,7,11,13,6,3,3,7,4,5,5,7,13,6,8,3,3,7,6,8,6,9,8,2,7,5,7,8,7,6,10,9,13,7,5,4,8,6,4,2,7,5,6,3,4,9,6,6,6,8,9,15,4,9,5,7,6,6,5,13,5,6,12,3,9,10,9,10,9,8,7,7,5,9,6,3,7,5,8,8,10,9,5,9,6,2,6,12,4,6,5,5,7,6,7,8,5,16,9,11,10,8,7,6,8,12,7,5,4,6,4,7,9,8,7,5,6,2,9,6,4,10,5,10,4,3,3,8,10,11,11,6,11,5,13,4,12,5,7,7,8,12,5,5,4,6,8,4,7,5,6,7,4,7,4,5,10,8,5,4,8,6,7,9,5,7,6,6,5,3,8,8,7,5,5,7,13,6,10,8,7,7,6,3,6,7,5,8,5,6,3,8,6,8,3,6,3,8,2,7,6,7,10,6,1,2,11,4,8,10,5,5,6,6,8,11,3,7,9,4,13,7,9,8,8,1,6,5,8,10,5,11,8,5,8,7,7,5,10,1,11,7,4,5,14,10,5,9,4,5,6,7,7,10,3,4,9,1,7,8,10,3,3,7,7,4,6,9,6,10,5,2,8,8,7,8,5,7,5,7,11,8,7,9,10,7,4,11,7,7,6,7,9,3,4,4,7,5,8,6,5,4,8,6,9,6,5,4,6,6,12,6,6,12,7,6,3,6,9,7,5,8,10,2,3,11,8,8,5,8,8,5,6,6,9,8,7,3,3,9,7,5,7,8,5,9,4,5,3,4,8,4,12,2,5,6.999,12.346763451419,1.65123654858104
8,6,7,3,6,5,2,10,9,7,7,5,15,7,7,5,12,9,4,11,6,4,9,11,3,11,4,4,3,4,8,8,12,7,15,7,7,6,5,6,14,7,6,7,7,4,8,9,7,10,7,6,11,10,8,8,5,5,10,7,8,7,7,9,7,6,11,10,8,8,11,8,2,8,10,4,6,3,4,5,10,10,12,7,3,9,3,8,8,3,9,9,5,4,11,6,5,2,5,9,11,6,10,5,6,7,2,10,5,8,7,2,10,8,7,2,8,10,15,4,4,6,7,6,10,8,11,7,9,10,9,5,5,13,6,12,8,8,8,7,9,5,8,12,4,7,10,8,9,6,7,9,8,8,9,2,5,5,9,9,13,4,4,8,17,10,9,4,9,6,7,8,6,6,12,4,2,9,7,3,4,11,6,7,9,6,3,2,8,7,8,6,9,3,2,8,6,6,9,5,10,8,5,9,6,8,6,2,7,7,5,10,10,11,7,11,9,7,5,14,4,8,8,8,2,10,8,6,5,10,3,10,8,9,2,6,8,7,6,5,4,11,15,6,4,7,8,11,6,6,5,8,3,8,5,11,7,3,3,11,3,3,7,12,8,8,14,12,5,4,12,14,4,3,7,7,8,6,5,9,5,9,5,12,7,8,8,8,10,3,3,6,5,6,10,10,8,11,6,2,7,4,4,10,12,8,15,9,4,5,14,8,5,5,7,8,5,7,5,7,12,10,12,8,8,8,5,9,6,13,7,4,8,8,8,7,6,8,11,9,6,6,8,9,8,5,1,4,7,5,4,8,4,8,4,8,11,5,6,5,4,7,10,11,7,12,8,5,10,3,8,7,7,10,7,10,2,6,10,5,7,5,6,8,8,8,3,11,15,6,12,9,7,5,12,5,7,3,7,5,6,2,10,5,9,8,10,6,11,8,7,5,8,8,7,2,2,7,12,8,8,8,5,7,9,8,8,7,3,7,7,4,7,8,9,5,7,8,5,8,5,8,5,13,8,8,5,6,6,9,5,6,8,4,3,9,9,4,7,11,7,8,4,8,8,3,6,8,5,8,9,9,6,8,13,5,5,11,3,6,7,4,7,5,7,9,4,2,9,4,4,5,12,6,4,10,1,10,1,7,5,13,8,8,6,4,11,6,6,7,7,6,4,5,7,10,13,7,5,12,7,4,3,6,7,5,9,6,6,7,3,7,7,5,14,6,10,4,9,9,7,4,4,8,9,10,10,9,8,7,9,9,7,5,8,8,3,5,7,9,7,5,4,5,4,4,1,3,4,10,6,10,7,6,8,8,8,7,11,8,5,11,16,4,5,10,7,9,7,2,6,3,8,6,4,8,8,8,5,5,12,7,6,3,3,13,5,7,10,9,3,8,8,6,5,11,1,3,8,2,8,8,11,6,6,7,4,12,15,3,6,10,7,7,11,4,7,9,4,7,6,7,8,10,9,10,5,8,7,14,7,7,5,8,7,3,11,7,5,8,7,7,9,11,7,2,7,12,6,4,5,2,10,5,6,11,1,7,4,6,7,8,7,4,9,8,4,11,4,7,5,5,4,6,5,8,5,6,8,15,7,3,7,5,6,8,6,7,7,7,5,8,6,9,12,4,11,7,7,9,5,11,5,12,7,9,8,4,7,8,8,6,7,6,5,12,4,2,6,3,5,3,6,7,8,7,6,2,12,11,11,4,8,10,13,7,5,5,10,2,14,15,6,7,10,4,7,7,15,11,3,6,11,7,8,4,10,11,7,10,3,9,5,8,14,6,8,4,7,2,5,5,9,7,10,7,6,7,3,10,7,7,5,7,7,6,6,3,9,5,11,7,9,6,6,5,5,11,8,6,15,10,8,8,6,6,9,6,9,8,6,12,6,7,9,6,4,11,2,7,7,3,4,5,8,8,5,8,7,9,7,5,4,16,8,10,5,9,5,6,6,10,5,8,14,8,13,11,4,8,4,5,15,9,7,7,10,5,4,9,2,9,8,8,15,7,10,9,12,13,12,7,4,7,6,8,5,8,4,9,8,9,9,5,7,10,3,10,6,7,5,5,7,7,9,10,1,7,14,8,7,8,6,9,7,10,8,6,6,5,9,10,9,6,8,8,7,9,4,5,6,6,4,2,8,8,9,0,12,6,8,5,12,5,7,14,4,8,11,9,8,12,10,13,10,7,11,8,9,4,6,7,7,4,12,2,10,6,8,7,2,10,3,5,9,8,5,7,15,6,10,2,8,4,9,10,2,7,10,14,7.2,12.7927500617543,1.60724993824566
8,6,11,4,4,4,7,5,8,9,6,7,5,4,3,6,3,7,2,8,7,6,9,7,8,7,3,6,9,5,3,9,5,3,7,2,8,7,3,7,9,3,3,5,8,5,5,8,8,5,8,8,7,10,5,10,8,5,6,7,9,6,3,8,17,7,7,5,5,6,9,5,5,5,8,11,5,4,6,10,11,13,6,6,6,12,9,5,6,5,15,8,3,9,3,7,12,4,12,11,10,12,8,4,8,9,5,5,6,4,6,3,2,7,7,8,3,6,5,6,3,2,7,6,13,7,5,8,7,6,12,8,8,5,4,5,6,4,4,6,10,6,14,10,2,8,11,7,11,3,7,6,7,9,7,4,2,5,7,3,9,9,9,6,11,5,7,14,5,6,6,9,7,7,11,5,7,6,5,8,9,4,11,5,12,7,8,7,6,8,5,9,7,8,3,7,9,9,3,7,12,3,10,7,3,5,7,5,4,9,6,8,10,4,8,5,4,12,7,3,5,10,7,10,8,6,9,11,8,15,10,8,8,6,7,8,7,9,7,4,13,12,4,5,8,9,7,7,8,4,7,8,8,7,8,5,5,9,9,5,7,11,9,6,11,5,10,8,9,8,4,7,9,8,6,14,5,7,7,15,5,8,4,12,11,5,4,11,6,6,2,7,11,4,6,5,6,6,7,9,6,3,7,7,9,7,7,6,5,10,7,5,13,15,9,8,10,10,7,6,11,7,8,11,9,6,4,4,6,3,8,9,5,9,6,6,7,9,4,8,11,7,5,7,10,9,5,3,10,3,5,5,7,10,3,7,10,11,9,3,6,6,5,12,12,10,4,5,5,4,9,7,3,9,7,2,7,8,12,6,1,5,10,11,5,6,11,6,4,9,9,10,6,4,9,11,7,5,6,8,5,10,10,7,13,6,14,7,8,4,8,6,6,8,10,10,11,3,4,5,8,7,6,5,3,8,9,5,7,11,9,8,8,3,9,7,8,9,10,8,7,11,2,12,6,7,3,11,5,11,11,6,9,8,4,17,2,6,8,8,10,5,3,6,8,3,7,4,7,4,8,7,3,5,11,7,12,6,7,7,9,6,9,12,3,12,6,3,8,13,4,7,7,9,3,7,6,5,9,7,8,11,7,5,9,11,8,10,5,5,10,13,8,10,10,11,10,3,5,4,7,6,8,5,12,5,9,9,4,3,5,6,4,6,9,9,6,5,5,6,8,6,3,9,12,5,7,7,4,5,7,9,5,8,5,13,13,4,6,15,11,10,4,11,14,9,6,8,8,7,8,5,8,4,6,7,5,4,1,8,1,7,6,10,6,6,6,12,8,4,6,4,8,8,3,10,4,12,6,4,9,9,5,9,5,8,3,5,4,5,5,9,6,9,14,11,7,11,5,7,10,5,7,12,5,8,9,6,11,7,7,9,10,7,10,6,12,7,7,9,5,3,4,8,11,12,7,9,6,5,9,6,3,6,5,4,8,6,6,7,4,6,9,7,6,5,12,9,5,8,3,4,12,8,8,9,4,7,2,4,4,7,11,8,6,2,5,5,13,7,5,6,5,8,5,4,5,4,7,7,11,6,6,10,6,9,5,5,4,5,14,8,9,9,8,9,7,9,6,12,4,12,6,6,11,6,7,9,3,8,5,7,14,4,5,5,5,6,1,5,5,6,5,6,7,8,7,7,10,7,8,10,11,9,10,5,7,8,4,4,9,7,1,5,5,6,4,3,2,8,6,3,8,13,8,1,7,9,9,14,6,8,4,9,7,10,11,4,10,8,6,6,8,11,4,5,8,1,6,5,8,7,11,11,6,14,7,4,12,7,14,9,14,5,6,6,4,7,11,3,12,3,8,4,6,8,10,12,7,8,6,13,9,5,8,8,5,11,5,6,5,6,6,5,11,8,7,6,3,1,6,6,13,8,12,15,9,7,7,6,6,6,5,4,10,10,6,7,7,8,12,6,4,7,7,6,6,9,3,11,5,8,1,7,7,6,9,3,1,5,7,7,6,7,5,7,10,12,9,3,6,11,8,8,8,5,6,1,4,2,6,8,5,4,9,7,7,7,8,11,13,8,8,1,14,8,7,6,6,4,13,9,5,10,8,10,10,6,5,5,7,5,8,4,9,8,8,7,4,4,3,1,4,2,5,7,9,2,5,7,5,14,4,8,13,11,10,10,4,8,8,6,3,12,14,5,5,10,5,5,2,8,9,4,6,7,13,7,10,5,6,3,4,10,6,13,9,8,4,8,7.095,12.629683575624,1.56031642437598
6,9,7,10,8,13,4,8,9,9,11,9,6,7,10,4,7,12,4,6,3,5,6,6,9,17,10,10,10,7,9,4,8,7,10,7,5,4,5,11,5,8,8,11,13,6,5,7,4,3,8,9,8,9,5,9,5,8,5,8,4,10,7,8,11,7,13,13,9,7,5,11,11,5,8,10,9,5,3,5,10,9,7,8,7,11,9,10,5,5,15,9,7,5,4,8,11,3,3,5,9,10,11,5,7,5,9,5,5,7,8,6,7,7,5,9,7,8,7,2,4,4,5,2,10,4,6,5,10,10,11,9,3,9,5,8,5,6,6,9,9,4,11,7,7,10,8,5,5,2,5,12,11,5,10,8,3,6,6,5,5,8,5,11,7,12,7,9,7,4,6,14,10,12,6,8,12,13,5,6,7,8,3,4,6,4,12,7,5,17,8,9,5,7,8,7,8,7,12,6,6,9,10,4,4,7,4,6,5,7,13,10,10,6,11,7,10,6,6,11,10,8,8,7,9,7,11,9,7,3,7,8,11,4,10,11,8,3,8,6,5,13,9,10,5,7,10,5,7,7,7,16,11,10,5,8,7,3,8,10,7,10,10,8,14,2,7,9,11,3,6,9,11,6,6,5,9,7,6,11,6,8,7,8,9,9,5,3,11,5,4,10,10,6,9,8,5,6,4,8,4,4,2,10,11,9,6,8,6,4,7,7,8,7,5,7,6,6,4,5,8,5,12,8,5,8,4,9,7,10,5,8,7,12,9,8,6,9,6,4,6,6,12,9,6,3,7,5,6,5,4,12,4,9,4,8,12,8,5,9,6,12,2,21,7,5,6,4,10,9,7,6,6,12,5,4,10,5,12,5,7,4,7,7,5,4,7,8,6,6,10,14,8,7,9,8,10,5,8,4,6,10,7,5,12,13,10,4,10,8,11,4,8,7,6,9,9,9,11,11,7,7,11,6,5,5,10,7,7,6,1,10,8,10,3,1,5,8,5,2,4,7,10,13,7,8,6,10,11,12,11,6,5,4,8,8,9,11,7,9,4,6,7,10,9,5,5,10,4,7,11,11,9,9,7,6,7,4,4,7,10,5,3,7,4,5,5,7,7,5,13,5,13,4,5,4,4,10,6,7,9,8,6,9,7,11,6,8,5,5,9,7,8,13,11,7,7,6,5,9,6,13,7,11,8,10,4,11,8,4,7,6,6,9,9,2,8,3,6,12,4,7,13,15,8,14,13,7,14,7,7,4,5,6,4,7,6,11,7,5,6,6,3,5,7,6,16,8,8,10,6,3,4,7,8,6,5,3,10,16,3,10,10,4,7,4,9,7,6,3,7,8,14,8,8,7,6,5,6,6,11,6,6,9,6,11,4,7,7,6,6,9,8,7,8,10,5,6,6,4,12,4,8,7,11,6,8,6,12,10,11,9,5,11,5,2,7,7,11,5,6,4,8,10,9,6,12,7,9,4,6,3,7,6,6,5,5,6,6,6,7,7,15,7,5,13,7,14,6,5,7,4,7,9,7,3,1,8,10,7,7,10,6,9,4,5,8,5,10,4,4,9,4,11,6,6,5,6,6,9,9,9,6,4,6,11,2,8,2,8,6,9,8,14,6,3,10,4,9,15,5,8,3,4,6,6,8,8,8,4,10,12,4,6,10,7,2,3,7,2,10,4,4,4,13,7,17,5,12,4,18,6,8,9,6,4,12,10,7,5,9,4,8,7,12,5,5,6,8,8,5,2,3,2,10,12,8,8,8,12,4,9,8,4,9,8,13,5,13,4,12,5,6,9,6,9,10,7,7,9,8,7,6,3,7,10,8,8,8,14,11,7,12,9,7,6,5,7,5,8,11,9,8,12,5,8,8,6,6,10,8,3,11,12,11,6,7,8,5,8,7,2,9,3,10,8,13,7,6,8,5,9,3,10,5,7,5,4,3,4,8,10,9,3,8,11,10,5,8,7,11,7,3,8,8,10,10,7,9,7,8,7,6,8,2,11,5,6,7,12,4,3,5,7,4,5,4,17,7,9,4,6,9,3,6,4,4,6,6,8,6,5,6,7,12,6,6,6,14,8,9,6,6,7,4,12,7,8,9,8,4,12,6,4,4,6,7,8,5,8,9,8,9,5,10,8,6,7,11,9,4,7,4,4,1,6,4,9,5,2,8,9,3,11,9,3,6,11,3,9,5,6,3,3,11,14,6,9,5,8,3,7,3,6,13,8,8,7,9,8,10,6,5,3,6,5,7,10,7,6,7.328,12.9366846451775,1.71931535482255
7,9,7,2,6,6,7,10,4,3,17,11,8,5,5,7,9,10,3,4,7,8,2,4,8,9,5,8,3,6,4,4,8,9,9,5,7,9,5,3,9,7,5,6,5,2,9,9,9,9,8,7,6,13,5,12,7,12,10,6,8,2,7,10,8,7,8,5,11,2,9,9,5,4,7,6,9,6,8,5,4,14,9,5,10,8,6,5,8,3,15,6,3,6,6,12,4,6,8,7,4,9,7,2,2,7,12,4,4,5,10,5,4,7,10,11,11,7,7,6,7,6,13,11,11,5,4,9,3,6,13,9,9,8,7,4,6,6,7,3,7,5,17,17,2,5,5,6,5,9,8,6,6,7,7,4,7,8,5,5,7,6,10,8,7,9,10,10,5,8,10,10,10,6,10,4,7,9,10,6,6,10,13,7,10,3,5,7,7,6,5,3,6,5,5,8,5,8,6,5,8,8,4,6,7,9,9,6,7,6,13,10,3,7,9,7,4,8,8,3,4,8,5,5,13,7,9,6,10,7,6,6,7,6,5,6,10,5,6,4,4,9,7,4,7,6,6,4,11,9,7,5,3,10,7,6,10,5,9,1,5,10,9,6,4,7,11,10,10,4,6,6,4,10,8,8,9,9,4,13,6,8,8,10,5,10,8,6,5,5,7,4,9,6,7,2,7,9,3,5,2,5,11,6,12,10,7,8,5,4,5,4,1,7,9,11,3,8,8,10,11,7,5,9,8,10,7,9,12,8,6,8,10,9,4,4,6,6,8,5,9,6,13,6,11,4,7,9,7,7,4,5,3,9,6,7,8,10,7,4,6,9,8,9,5,11,6,3,7,5,11,5,9,6,4,8,7,7,8,9,2,3,4,3,5,6,7,9,5,9,11,7,9,8,7,6,8,7,11,4,6,6,3,7,6,7,11,12,7,6,10,10,14,11,10,7,4,2,8,6,4,7,6,9,6,11,8,14,3,6,5,10,10,7,4,1,8,6,7,13,5,11,4,7,5,8,7,6,6,9,3,13,8,5,4,10,12,8,6,9,8,6,8,11,4,12,5,9,7,10,5,8,6,2,8,5,3,9,10,7,13,7,5,9,9,6,2,8,9,5,11,6,9,12,5,3,6,9,9,6,6,3,7,7,7,14,10,4,6,5,9,16,13,10,5,5,10,6,4,7,7,9,7,3,2,5,3,8,5,9,6,4,3,5,4,8,10,7,3,8,5,10,4,10,4,6,8,7,3,8,6,3,11,9,7,10,9,14,12,13,9,10,5,9,9,9,1,6,9,12,6,4,8,3,7,4,9,5,9,5,4,6,12,11,6,11,11,7,1,7,4,6,8,5,8,8,9,9,9,1,8,8,6,4,10,11,6,5,6,7,2,4,13,7,4,10,3,6,13,6,7,8,13,7,7,9,5,7,7,5,7,12,7,6,8,8,11,14,8,2,6,4,11,6,8,7,1,9,7,6,1,6,9,8,7,5,7,16,9,7,7,5,7,10,5,5,6,5,8,8,9,7,8,5,5,9,8,8,13,8,7,6,11,3,4,6,6,4,6,6,5,9,6,8,7,9,8,4,6,8,7,9,10,9,12,10,3,10,6,5,6,7,7,10,8,6,3,5,1,11,2,10,8,1,8,5,8,6,16,7,7,3,10,6,7,2,7,9,3,11,5,5,8,6,7,7,9,5,12,5,11,9,11,6,5,9,8,8,12,6,9,6,6,10,7,8,6,8,7,7,5,7,7,1,9,4,8,15,8,7,5,7,3,6,10,8,9,4,6,10,6,4,6,11,9,12,6,7,2,4,9,11,1,5,7,6,4,8,9,6,15,7,4,5,4,6,7,9,11,5,13,6,9,6,7,7,7,11,6,6,6,9,7,4,11,5,5,12,6,5,8,7,9,5,12,4,3,8,5,10,6,11,4,4,10,7,6,4,6,8,9,12,11,9,9,12,11,12,12,8,8,4,15,8,7,9,7,8,5,9,7,10,6,10,5,5,6,2,8,12,10,2,6,10,8,8,7,6,4,12,8,9,10,6,9,4,4,1,3,6,5,10,7,10,6,8,6,9,4,0,5,8,7,5,5,9,6,17,9,10,6,4,13,14,9,10,9,12,2,7,6,5,5,4,5,11,3,5,7,4,14,5,6,10,4,8,9,9,14,9,7,7,6,7,6,10,6,7,4,4,10,6,3,7,15,7,4,8,7,0,11,8,7,8,13,7,5,7,17,6,10,4,7,6,5,4,7,5,10,5,7.153,12.7221821819524,1.58381781804762
9,18,8,5,7,8,7,7,6,5,9,8,8,8,5,5,12,12,6,5,12,6,10,7,5,16,10,14,5,12,5,12,13,6,2,11,7,8,8,5,8,3,8,9,6,5,8,5,8,6,10,8,11,11,12,5,15,8,15,10,8,11,5,5,14,2,7,11,9,8,5,6,2,6,7,6,6,4,3,4,7,9,6,6,6,8,4,10,6,6,9,12,6,4,8,4,9,7,7,11,8,8,5,9,12,6,3,9,9,9,7,6,14,4,8,6,3,8,8,9,2,5,8,2,7,12,8,7,8,9,11,8,6,9,8,10,7,10,4,7,11,6,10,8,5,7,7,9,14,6,4,9,12,8,4,7,8,9,4,9,3,7,4,6,11,9,6,8,10,8,7,9,8,7,13,2,4,10,7,11,9,7,6,2,13,6,9,6,8,14,8,3,9,10,4,10,10,8,5,8,6,4,6,7,7,5,7,6,5,4,11,12,4,8,6,9,4,4,9,6,3,12,2,9,4,8,12,12,9,5,6,8,5,7,8,8,8,7,7,3,6,11,4,8,9,10,6,10,12,6,5,12,5,7,5,12,7,2,9,5,2,9,2,5,8,6,5,9,12,6,5,8,5,2,10,6,6,8,5,14,5,7,7,5,10,9,7,14,6,8,3,10,10,6,9,3,9,10,2,6,9,5,10,13,4,7,6,10,13,12,9,6,7,7,6,8,9,12,7,6,10,8,11,7,9,10,2,3,8,7,8,5,8,7,9,5,10,8,4,6,7,10,6,8,12,0,6,4,7,4,3,9,9,6,4,10,15,6,5,8,2,4,6,8,7,3,8,7,6,12,12,6,8,9,7,8,7,4,12,2,4,12,8,9,9,3,3,11,7,3,20,14,4,7,9,7,7,3,14,5,3,4,3,8,3,2,8,8,11,10,15,1,8,9,4,8,4,7,7,8,6,7,2,5,3,5,12,4,5,12,5,10,4,6,5,7,10,10,8,10,7,7,9,15,5,8,5,9,6,7,6,8,3,3,8,9,7,3,10,13,4,14,8,3,4,8,7,9,5,8,11,8,6,6,16,6,6,5,6,5,7,6,12,4,6,6,6,7,5,9,8,6,7,8,4,7,7,10,6,8,7,7,9,9,4,12,9,11,5,9,6,8,7,4,7,9,5,8,6,8,6,8,8,12,7,5,4,8,12,6,5,7,7,4,8,4,11,7,4,17,8,9,4,7,11,12,5,6,9,6,9,8,5,6,4,8,10,1,5,8,16,11,4,5,8,7,6,9,8,8,2,8,5,11,12,7,16,6,10,7,5,8,7,8,4,10,5,5,9,2,7,7,7,6,4,11,6,15,5,4,2,3,8,7,6,8,6,12,6,8,7,6,7,8,10,10,4,4,7,9,5,13,14,9,6,10,6,10,11,8,9,7,6,9,12,9,12,8,3,6,6,1,6,6,8,8,8,9,7,12,5,6,5,6,9,9,10,3,2,10,2,8,11,4,8,4,8,9,9,8,4,2,10,4,6,5,1,7,6,6,3,4,5,8,10,6,7,5,7,6,2,7,9,9,4,10,7,5,7,9,7,6,4,10,6,7,5,10,3,5,5,12,4,10,10,10,8,9,3,10,7,9,8,9,11,6,9,8,10,3,5,7,6,9,10,7,5,8,5,8,9,10,7,10,6,10,9,5,10,1,9,6,9,9,8,6,9,9,7,4,7,11,5,11,9,6,5,7,9,7,5,7,5,12,9,6,11,7,2,13,7,9,8,8,6,4,15,6,5,5,5,8,4,13,9,6,7,5,8,10,6,3,6,8,4,5,5,8,8,2,8,3,5,10,11,7,5,5,7,12,8,6,9,7,11,6,9,11,8,4,7,2,5,9,7,7,9,14,8,4,9,3,8,3,4,11,4,10,3,6,6,6,4,5,2,6,5,6,6,5,6,7,10,3,15,11,9,7,8,9,4,7,11,11,8,6,8,8,5,7,6,14,5,7,7,14,5,3,6,7,8,11,9,6,7,7,3,13,15,10,7,10,6,6,5,11,4,6,5,8,8,6,6,3,13,6,2,7,9,5,10,7,6,6,8,9,11,10,9,10,4,6,8,6,7,8,8,8,8,6,7,7,9,3,4,5,6,5,6,2,10,4,7,7,11,17,7,4,9,6,7,10,3,10,13,8,7,13,6,6,5,10,3,5,14,7,6,8,4,7,3,11,7,8,5,7,8,8,10,3,10,5,7,9,7,14,5,8,6,4,7.312,12.999742056326,1.62425794367403
11,3,15,2,5,7,7,4,10,10,11,7,8,3,3,4,10,15,4,5,2,3,6,9,9,6,5,6,5,5,5,8,8,7,5,8,8,6,2,8,10,8,5,11,6,7,2,10,6,7,7,7,5,6,10,11,11,6,4,9,12,5,10,10,11,8,10,9,6,11,8,7,9,5,10,7,3,4,1,5,10,5,7,7,8,8,6,5,8,2,11,10,8,8,12,12,1,3,8,7,4,8,7,1,9,6,9,10,13,7,9,4,7,10,9,10,6,14,7,4,8,9,5,12,7,14,3,4,12,11,9,3,7,12,7,10,7,8,6,7,8,3,10,10,5,11,11,9,3,5,3,13,7,10,3,6,5,2,6,6,10,5,9,5,11,7,16,7,10,9,8,12,9,8,7,9,6,6,9,8,5,8,5,5,7,5,9,11,6,6,5,7,8,9,2,7,10,5,12,6,6,5,9,5,2,6,7,4,6,5,6,11,7,4,5,4,8,6,10,7,8,3,7,4,5,13,11,7,8,5,6,3,4,7,4,9,6,7,11,3,9,13,10,6,10,6,2,10,21,8,7,7,6,8,6,13,5,7,7,3,9,9,8,9,8,7,9,11,7,4,6,4,7,10,7,7,5,11,8,10,5,6,3,6,6,5,7,9,5,11,4,7,12,5,9,10,8,5,6,8,5,3,4,8,8,4,13,7,8,7,9,10,8,7,10,15,7,6,7,6,9,7,3,10,4,4,5,9,3,12,3,4,6,7,10,9,1,16,8,4,8,7,5,9,7,9,8,7,6,10,7,7,9,12,8,5,8,4,11,6,3,8,8,11,4,6,6,7,9,7,4,6,14,8,8,13,10,6,11,6,5,10,7,4,3,4,6,7,7,5,9,7,12,6,9,9,5,4,3,4,5,5,8,5,8,5,11,7,8,5,5,7,10,10,7,11,9,4,6,11,6,3,5,6,5,5,14,11,10,7,9,7,7,3,10,3,6,7,11,5,6,12,8,12,5,6,4,8,7,10,5,5,6,5,9,4,6,6,6,12,10,10,7,4,4,6,6,5,4,7,3,2,13,10,11,7,4,8,6,10,6,4,8,6,6,11,9,7,8,9,9,6,12,2,6,7,3,10,4,7,6,7,5,13,3,4,11,6,4,9,5,11,8,7,9,7,13,5,6,5,7,3,6,7,7,10,9,15,8,7,5,5,8,8,9,6,5,5,9,5,8,4,5,11,6,8,4,7,5,7,7,8,11,7,2,10,6,5,9,5,11,9,8,7,7,4,6,7,4,11,8,8,15,6,17,9,1,9,8,7,8,8,5,10,5,4,3,4,12,6,3,12,4,5,4,5,6,4,9,5,11,5,7,8,9,11,3,4,10,7,4,2,5,14,8,4,1,5,6,6,6,6,6,5,8,8,8,4,12,3,10,11,6,10,10,9,13,4,8,7,14,3,2,3,13,10,7,9,2,12,4,6,7,10,8,6,3,9,8,7,8,4,13,12,6,8,11,6,7,7,8,5,13,10,9,10,4,10,10,7,11,6,10,3,6,8,5,6,9,9,9,4,4,7,7,4,6,7,7,7,11,3,5,7,10,6,7,6,4,7,8,7,5,7,6,5,7,14,5,10,7,4,9,7,6,6,12,7,9,8,5,12,11,4,4,7,6,3,9,6,9,4,7,6,12,7,9,6,7,3,7,5,12,8,10,6,8,11,11,10,19,10,3,5,7,6,6,9,10,2,0,4,6,5,6,3,4,9,6,11,7,5,5,8,14,7,7,5,5,4,11,5,11,4,8,7,11,3,9,6,14,14,7,3,11,6,7,7,4,6,8,5,10,5,5,13,4,3,13,3,10,9,8,6,12,7,5,10,4,8,4,10,7,9,8,6,8,13,7,7,10,8,8,5,11,6,12,9,7,5,5,7,7,7,7,7,9,1,1,8,4,3,5,6,11,13,11,8,9,8,7,4,6,8,5,7,5,5,3,8,8,8,5,16,5,11,8,3,3,9,8,3,4,6,8,8,7,12,10,7,2,3,10,5,3,7,6,6,9,7,9,7,12,5,10,8,7,6,13,16,11,7,7,2,6,2,8,7,8,5,11,11,9,12,8,12,10,13,6,5,11,6,7,7,5,6,4,7,5,10,11,6,10,4,5,4,6,10,11,3,7,7,6,7,8,8,12,14,6,4,6,6,5,7,6,5,5,7,10,9,7,8,6,4,6,8,3,3,11,8,11,2,5,11,7,6,9,7,9,3,7.216,12.8972099465569,1.53479005344311
12,7,7,3,8,8,10,7,14,9,10,8,7,3,4,4,12,12,3,8,8,1,2,6,6,6,4,8,3,12,4,6,10,4,7,1,7,16,4,8,14,6,9,11,12,8,3,8,6,9,4,7,9,9,9,12,7,7,7,7,5,7,9,6,14,13,9,12,11,5,6,9,3,9,8,9,8,7,5,5,16,16,12,5,10,9,7,7,12,12,16,14,7,7,2,14,9,7,8,1,6,5,7,7,4,9,9,6,6,5,10,1,3,4,9,13,7,8,8,4,8,3,10,10,5,7,5,9,7,10,8,9,5,7,6,4,9,4,3,6,6,6,7,8,5,9,12,6,8,3,4,9,10,6,3,7,2,14,1,5,7,13,4,10,14,8,8,7,5,7,8,11,9,9,8,6,6,6,6,7,13,5,7,5,8,2,12,4,4,8,4,6,7,10,7,4,5,7,9,5,8,7,6,3,6,3,7,10,3,8,10,4,9,7,4,7,9,8,5,4,6,9,5,6,5,10,12,7,9,8,5,5,6,13,8,8,7,11,8,4,7,5,3,7,4,5,9,8,4,16,7,8,7,9,7,10,8,12,9,8,6,5,6,11,15,6,7,8,8,5,7,17,9,7,10,7,17,5,1,12,7,9,5,10,8,8,9,8,13,2,11,7,10,5,8,7,6,7,10,6,3,2,5,3,6,6,8,8,5,10,7,2,12,12,10,9,7,10,8,10,10,4,6,6,9,10,2,10,2,6,7,7,10,5,8,7,5,5,12,10,5,6,7,5,7,11,4,4,8,11,8,7,4,9,6,13,9,10,8,6,5,7,4,12,10,6,6,8,8,7,6,8,5,10,3,4,6,8,10,7,6,3,9,5,14,3,5,7,8,11,14,8,4,8,11,11,8,8,7,4,2,10,7,5,4,6,4,10,13,5,5,7,7,7,6,11,7,9,13,6,13,11,11,6,6,8,11,6,8,7,4,5,8,9,3,3,8,5,10,10,9,13,9,6,8,12,1,10,4,14,6,5,5,7,6,7,6,6,9,12,8,10,6,6,11,5,3,5,7,7,6,7,5,7,8,8,8,4,7,4,8,8,6,11,5,3,8,5,12,10,9,2,7,7,5,6,8,5,6,7,5,8,3,7,5,10,5,6,8,7,9,6,4,12,10,8,6,5,10,6,11,10,8,11,10,8,9,9,6,6,5,7,4,7,12,4,6,6,10,9,9,8,6,7,6,9,7,9,8,6,6,9,9,6,6,7,9,8,5,12,7,8,6,6,5,8,5,6,6,5,8,5,7,9,6,7,6,5,6,6,8,8,11,7,5,8,3,8,6,4,3,5,8,9,5,9,7,11,7,7,7,5,3,9,4,6,10,4,7,6,5,10,8,5,9,10,5,6,8,5,13,8,4,4,5,6,3,10,15,2,7,9,7,7,8,10,12,10,4,6,12,4,9,9,8,7,6,16,8,10,4,3,9,5,6,5,13,4,4,7,8,8,9,11,3,4,4,9,13,10,5,4,8,3,3,8,2,2,5,7,5,7,6,9,6,7,3,7,2,5,8,6,8,10,4,7,5,9,11,7,10,4,10,6,10,15,4,5,3,11,8,10,10,14,11,11,3,14,1,5,9,13,7,6,9,9,12,5,8,6,8,4,4,4,2,7,8,8,4,9,10,4,3,8,6,5,11,5,9,5,9,6,8,8,9,6,5,4,7,7,10,9,5,5,7,12,4,4,9,10,7,10,6,3,12,11,12,9,10,9,9,11,4,8,6,6,17,3,4,4,10,8,4,9,12,5,4,4,8,8,6,6,3,3,8,13,8,6,8,12,15,8,5,13,11,7,5,6,12,1,7,5,7,9,13,7,10,9,2,5,12,11,12,6,11,10,13,5,13,10,10,8,10,5,8,9,8,9,4,8,8,8,5,5,6,6,7,10,9,7,8,7,12,6,8,11,7,10,2,1,7,14,5,10,9,11,7,3,8,3,9,7,5,4,6,6,6,5,6,4,5,2,9,5,7,8,10,9,3,10,10,14,9,2,6,5,3,6,7,6,7,2,5,9,14,11,9,10,10,7,18,9,5,3,3,5,11,7,8,8,9,13,5,7,7,9,11,7,9,10,8,5,5,5,12,12,9,3,7,5,6,6,11,8,7,11,8,6,7,7,15,5,8,10,14,11,8,8,8,12,2,7,5,2,10,2,3,7,7,9,4,13,6,6,16,12,6,5,5,9,8,3,4,3,6,7,6,6,6,9,7.357,13.1561843616892,1.5578156383108
5,10,9,3,7,3,9,12,7,5,9,10,13,7,6,4,5,12,7,8,5,9,6,6,8,16,11,12,6,11,7,2,8,4,7,6,10,6,6,3,7,6,10,11,8,8,5,6,2,1,11,5,7,15,6,6,9,4,5,11,14,9,6,7,10,10,7,11,11,7,9,7,4,4,8,7,13,7,10,8,13,11,5,6,9,6,7,7,8,6,11,9,5,5,4,11,8,4,8,10,10,13,6,7,11,10,6,7,5,8,3,5,7,4,7,9,6,8,6,5,6,5,7,6,9,10,2,5,3,9,9,8,5,6,8,7,6,5,6,9,3,5,10,9,6,8,7,4,9,2,11,5,11,8,7,6,11,7,4,11,8,12,5,9,9,8,14,7,7,3,9,6,9,6,5,6,6,7,3,11,8,6,5,5,11,7,13,8,9,8,10,4,12,6,7,3,13,4,8,7,12,8,9,5,6,8,6,9,6,8,10,7,7,5,4,4,9,10,8,5,6,6,5,5,10,12,12,11,6,7,12,12,8,4,5,5,4,6,10,3,9,6,6,7,7,2,4,8,13,6,10,9,5,6,5,10,7,5,8,4,2,11,8,8,14,6,11,8,3,3,4,9,7,2,10,8,5,10,9,11,8,11,5,11,7,7,4,8,3,4,4,9,8,10,12,8,9,4,3,12,9,8,9,10,10,6,5,8,5,7,6,6,8,8,9,8,7,8,3,9,10,4,12,5,5,12,7,6,2,6,5,8,10,10,8,11,12,11,4,5,13,5,4,10,6,11,7,7,12,8,4,3,8,18,5,3,10,4,8,5,6,5,6,8,9,12,7,7,9,5,8,4,10,11,4,5,7,8,9,7,2,2,5,4,3,6,7,8,6,10,12,12,11,7,2,9,5,7,11,6,4,11,7,8,6,10,3,8,10,6,6,4,11,5,8,8,7,5,8,8,9,2,7,9,7,14,13,8,5,11,10,5,8,10,2,5,9,8,3,7,8,8,7,11,3,14,7,9,10,9,7,7,5,7,4,8,6,9,5,6,8,11,13,6,8,12,11,15,9,5,7,13,13,9,12,3,11,4,5,6,11,2,7,10,6,11,11,7,13,12,5,7,10,14,3,6,5,5,6,6,7,6,4,9,4,7,9,3,4,3,8,14,12,11,10,6,7,9,8,10,3,14,13,6,7,5,5,12,10,9,5,2,8,7,4,4,6,5,7,10,6,7,6,16,10,10,5,5,7,3,5,10,10,8,11,4,6,9,6,13,8,12,7,8,7,10,7,6,5,8,4,10,6,8,9,6,6,3,7,7,3,5,8,4,4,12,12,6,4,4,3,9,11,8,6,12,9,9,4,8,2,6,8,6,9,10,5,9,5,8,2,5,9,7,3,7,5,13,7,6,8,9,10,8,11,11,8,6,13,7,7,8,11,9,9,3,11,10,7,4,6,9,13,8,11,14,11,3,8,3,6,7,11,5,10,7,8,5,8,4,4,7,4,10,8,5,8,12,14,7,0,4,14,8,9,9,4,16,5,8,4,6,6,4,4,13,10,8,12,7,4,4,6,8,6,4,7,5,7,4,10,10,7,2,10,12,7,9,7,5,10,9,9,10,12,3,5,6,3,4,3,8,9,3,7,6,5,15,9,9,6,11,8,3,8,7,8,8,6,9,4,10,11,9,4,9,10,8,11,5,12,2,9,7,3,7,9,11,13,6,10,8,8,5,9,9,8,4,3,5,8,2,9,3,9,8,4,13,7,10,7,10,5,11,11,5,10,3,8,4,10,7,7,8,8,4,8,5,5,4,10,8,6,6,6,11,3,8,7,8,13,12,7,7,8,5,9,9,8,3,10,9,7,11,3,9,9,9,7,10,7,7,6,17,6,3,1,10,9,6,3,2,12,5,9,4,8,5,3,5,10,9,2,12,4,10,9,4,7,5,4,7,7,6,14,13,10,8,9,6,10,9,10,12,9,7,5,7,6,13,12,9,8,4,4,8,7,3,9,10,5,9,7,10,7,12,4,9,10,11,5,11,6,6,9,1,10,6,8,12,6,11,8,6,11,6,5,4,10,8,12,7,6,7,13,14,12,8,4,6,7,5,9,10,9,9,5,7,15,6,8,8,5,3,13,11,6,8,10,4,7,6,5,3,9,12,5,7,13,7,10,4,3,9,8,11,3,9,5,6,8,8,9,9,12,9,5,11,8,6,5,6,14,2,11,4,2,7,10,10,11,5,5,10,7,9,5,10,7,8,7.491,13.217573781737,1.76442621826297
7,6,7,8,4,9,5,4,8,6,7,4,9,6,4,4,8,7,8,9,7,7,9,10,8,16,8,4,4,7,10,6,10,6,6,7,6,4,5,7,8,8,10,10,7,6,5,9,7,8,10,5,12,3,8,5,5,9,8,7,9,6,8,7,10,11,7,10,5,7,3,9,9,8,7,3,5,4,2,2,12,9,8,7,6,6,6,7,4,8,13,12,6,5,11,9,5,11,10,3,5,12,7,7,7,6,8,3,8,3,6,6,6,5,7,9,10,10,13,7,7,5,5,7,8,8,11,7,9,5,5,5,9,4,7,13,12,10,8,5,10,9,9,12,3,7,8,9,6,5,7,8,9,11,8,11,9,3,8,8,12,7,7,8,11,9,7,7,7,12,5,8,8,5,7,5,10,10,6,6,15,8,6,8,11,10,9,4,14,3,7,8,4,9,5,10,6,4,6,4,11,7,8,9,4,6,8,6,7,4,8,9,6,6,14,5,7,3,9,12,12,9,7,8,3,9,17,9,8,8,8,10,5,9,5,10,7,4,7,4,16,8,8,5,10,7,8,5,7,6,4,9,3,8,8,6,6,8,7,8,6,5,9,5,12,3,7,8,16,2,7,6,9,4,6,7,7,6,5,8,11,11,4,9,2,9,13,7,7,5,12,5,11,8,4,7,13,6,4,8,7,8,13,9,15,9,9,8,4,11,7,4,9,10,10,10,4,10,7,11,6,8,7,10,7,4,9,9,5,7,10,3,6,9,9,12,10,12,7,10,5,6,7,4,2,6,8,6,7,6,6,8,7,9,10,16,13,13,7,8,4,12,5,10,9,9,3,3,7,10,5,4,4,11,5,4,4,7,4,8,11,7,3,4,8,4,10,6,4,8,9,10,8,9,8,7,8,11,11,4,8,8,4,4,10,12,9,5,14,10,7,11,7,12,5,8,6,3,7,6,9,5,9,7,9,9,10,8,8,13,5,12,8,4,9,1,5,7,9,8,5,9,12,8,8,8,6,7,5,8,8,9,3,4,4,5,4,7,8,7,11,10,5,9,5,9,8,6,6,6,12,5,13,8,14,5,7,4,8,5,13,10,6,1,4,7,8,7,3,9,7,6,12,7,8,7,9,7,8,8,4,5,12,10,7,12,5,9,4,6,6,9,4,10,6,11,6,5,11,7,14,6,10,10,8,8,6,9,5,5,1,1,9,6,10,8,5,4,11,10,8,9,5,8,9,9,5,6,9,11,3,7,8,5,7,8,9,5,10,7,15,9,5,5,7,11,10,6,7,9,9,8,11,8,3,7,8,3,6,6,7,12,11,3,5,9,10,3,9,9,8,10,10,4,8,4,6,15,4,4,8,5,10,2,3,15,11,6,10,8,9,11,10,6,6,6,0,5,5,5,7,12,9,10,6,7,6,6,11,13,3,12,9,4,11,5,12,9,6,2,8,6,9,6,6,8,6,6,5,2,5,10,8,5,10,7,12,8,8,9,9,2,13,9,8,10,5,6,6,5,9,8,12,6,11,7,5,7,8,6,6,8,10,4,6,8,5,5,9,10,11,6,6,10,9,6,5,5,8,13,11,11,13,10,8,7,6,8,6,7,7,6,14,7,6,14,5,8,9,9,10,8,7,10,8,5,10,8,8,5,6,3,4,3,3,6,6,9,3,7,8,7,7,8,13,4,8,13,11,6,10,9,7,6,2,9,9,10,9,10,4,6,9,13,6,7,7,1,4,7,6,3,8,6,10,11,2,18,7,11,5,9,4,8,8,10,10,4,8,8,4,4,5,9,7,11,11,4,6,7,6,10,4,6,9,3,7,8,7,5,11,3,5,6,7,11,5,10,6,7,14,10,9,7,10,6,8,8,8,9,9,14,6,13,8,6,7,8,3,7,7,5,11,7,12,10,9,11,6,10,8,9,9,4,11,6,8,4,3,9,7,5,9,3,10,12,2,9,10,12,9,7,5,13,8,8,10,5,10,5,7,7,2,6,6,16,10,5,5,5,8,5,5,1,6,8,8,5,9,6,9,5,10,5,8,7,8,6,7,7,8,7,7,6,10,12,8,5,14,5,11,6,5,6,3,3,7,12,5,4,6,12,8,2,5,8,9,18,4,5,13,5,13,7,8,5,4,3,6,8,11,12,7,14,8,6,3,8,11,7,8,5,3,6,12,4,5,11,9,10,6,9,2,9,8,5,9,6,4,7,6,13,9,8,4,8,5,5,6,7,11,4,3,9,10,11,4,10,7,9,7.487,13.0042362887469,1.96976371125308
9,7,9,1,9,8,5,8,14,9,11,8,6,6,7,4,10,9,9,5,7,11,13,13,11,13,9,14,8,9,7,7,9,11,4,4,4,5,5,6,6,13,5,10,7,6,4,8,3,6,9,8,10,8,6,5,12,10,9,3,8,10,9,9,10,1,1,8,7,15,5,8,10,6,8,6,6,7,3,9,15,12,7,2,7,6,7,5,9,6,6,12,5,6,4,5,7,8,6,11,5,7,8,4,10,8,7,7,11,5,9,6,15,6,5,10,7,9,7,4,5,5,15,10,10,12,8,6,2,8,10,12,8,10,7,8,11,3,7,9,8,7,13,7,8,11,5,6,6,7,2,8,7,5,5,3,4,8,4,9,10,9,9,9,5,7,9,15,8,6,17,11,7,8,6,9,6,7,5,10,7,6,9,7,5,8,8,5,4,9,3,8,5,5,6,12,14,8,7,5,11,3,8,7,7,5,5,9,11,1,11,10,5,8,7,5,4,7,6,4,8,8,3,7,4,13,12,4,9,10,6,11,11,15,3,4,6,5,4,12,7,10,7,10,10,5,7,6,12,7,9,10,7,4,8,8,5,3,9,5,6,10,8,11,6,8,6,7,8,2,8,13,7,5,6,4,10,12,7,16,3,6,10,6,5,5,6,10,9,7,14,7,4,8,7,11,8,7,4,6,7,8,8,11,5,9,5,10,5,10,11,10,8,12,9,10,7,9,8,5,7,7,9,9,7,5,8,10,10,9,4,10,5,8,8,9,3,5,11,7,7,6,4,8,9,3,6,7,5,9,6,15,6,14,5,5,6,7,5,4,3,10,4,5,6,9,12,5,5,5,9,6,4,8,6,12,13,5,12,10,6,14,8,13,5,5,6,5,10,11,14,8,5,5,10,8,6,5,7,7,4,8,8,13,8,3,9,15,6,4,8,7,7,9,9,7,11,7,7,7,8,7,4,9,6,5,6,10,10,10,6,10,4,11,6,1,9,8,8,12,5,6,8,15,4,6,5,5,9,12,6,2,4,5,7,9,6,7,7,6,8,8,9,5,6,11,3,14,8,10,13,8,3,8,7,10,10,7,7,12,7,8,8,4,3,3,7,4,12,8,7,7,10,8,6,7,5,10,7,5,7,9,7,9,0,5,9,5,4,4,10,9,5,11,9,9,6,11,10,9,6,2,11,13,11,9,4,11,11,12,7,7,5,8,14,5,8,5,16,10,10,8,5,6,4,3,7,5,8,9,7,6,10,5,8,13,6,7,3,7,15,11,5,8,6,3,6,12,3,7,8,11,12,15,7,9,5,5,7,9,2,5,7,5,8,6,4,7,8,6,7,6,6,9,3,11,12,8,12,5,4,7,5,11,6,7,1,7,4,8,8,6,8,13,6,11,5,4,7,7,9,11,1,7,9,8,4,10,13,1,8,11,6,8,13,10,11,5,8,9,4,3,9,7,5,7,14,7,7,9,9,3,8,5,6,9,5,12,6,12,6,10,13,6,6,6,8,12,7,9,4,6,9,4,7,9,9,14,12,6,9,11,11,8,6,10,7,6,10,7,9,5,6,5,5,4,6,11,6,6,9,6,4,11,6,9,10,12,3,6,7,9,5,12,9,9,10,19,4,9,6,7,12,8,12,7,11,6,16,10,6,5,8,6,6,7,2,4,5,10,13,7,6,2,4,6,13,6,9,3,11,5,8,9,7,5,6,8,11,11,10,8,4,9,4,5,5,6,7,2,5,9,5,7,11,6,8,10,13,6,1,12,9,6,9,7,8,6,4,3,6,4,7,7,9,5,2,6,9,4,10,6,8,6,1,8,11,4,9,12,11,6,5,9,7,10,5,6,4,9,6,11,9,6,12,0,7,14,4,13,6,10,5,9,7,7,9,10,11,10,12,9,10,1,5,5,5,11,3,6,6,12,4,8,5,12,6,5,9,4,8,4,6,8,14,17,9,15,10,7,8,9,5,10,9,3,6,7,5,5,6,12,5,13,7,11,7,3,9,12,7,6,10,8,15,6,6,15,7,11,5,10,8,6,4,15,5,7,4,12,14,10,7,8,14,10,8,7,10,7,6,8,5,4,9,9,12,7,11,5,6,6,5,9,13,9,8,12,8,7,8,10,6,8,5,6,3,2,5,6,8,7,5,10,6,17,2,4,11,11,10,8,6,8,10,7,14,13,11,5,7,7,4,5,13,8,6,3,6,5,7,10,2,12,11,12,7,5,5,8,11,6,5,13,9,12,6,6,8,7,7.607,13.4744139506317,1.73958604936826
4,7,10,5,8,11,8,7,10,8,10,4,10,4,6,4,12,12,6,7,6,6,4,3,10,9,8,8,6,13,7,5,15,5,8,5,12,11,8,11,9,10,10,8,6,7,3,7,8,3,6,11,6,10,13,6,15,9,3,10,13,3,4,9,8,6,4,8,4,2,9,13,6,9,5,5,5,5,3,6,4,8,12,5,10,10,8,4,7,14,13,9,11,6,8,9,4,3,4,9,8,9,8,5,3,4,10,4,7,6,12,7,8,8,9,9,6,7,8,3,9,5,13,9,7,12,8,7,9,8,8,5,11,7,5,10,11,9,7,5,7,5,5,4,7,6,7,7,14,4,3,7,7,6,5,11,9,12,6,13,8,6,8,10,17,7,8,8,6,10,7,6,9,8,10,4,10,11,5,12,7,7,2,6,6,7,5,7,9,7,9,7,8,5,5,10,7,6,8,8,5,7,15,5,10,4,8,8,8,10,9,9,9,5,7,7,6,5,11,7,2,5,6,5,3,17,13,11,12,5,6,5,6,10,4,7,6,9,5,5,3,6,10,6,9,7,7,10,6,10,12,9,7,8,5,12,9,15,9,8,7,12,4,5,11,12,2,11,4,2,4,5,7,8,6,5,7,6,10,13,12,8,6,10,8,6,9,7,9,11,5,10,5,6,6,12,4,9,6,5,8,1,6,5,15,8,13,3,10,10,3,5,13,6,2,8,7,11,8,4,8,10,6,8,10,6,4,11,3,8,8,6,5,2,13,7,7,11,5,9,12,9,7,8,5,9,11,5,11,10,6,7,7,16,3,6,10,9,11,7,6,6,9,12,10,7,5,6,3,9,10,6,12,9,9,10,6,9,10,10,6,7,6,5,10,5,5,6,5,7,10,12,10,12,8,7,8,11,8,2,6,18,9,10,4,3,6,6,11,7,8,12,10,11,5,13,9,3,10,10,6,7,9,6,4,5,15,5,8,9,7,5,7,11,7,6,10,9,8,8,10,8,10,12,4,6,3,6,7,8,11,5,10,5,9,6,8,6,3,10,6,11,8,7,7,9,4,12,6,9,8,3,7,8,12,10,5,5,7,9,6,5,6,7,7,8,7,12,9,8,6,5,13,11,8,5,4,5,3,7,9,4,9,5,7,8,7,10,7,6,9,7,6,13,6,9,7,8,7,5,10,9,6,8,6,8,8,11,13,11,8,4,5,9,6,5,10,7,8,12,2,8,12,13,7,10,4,6,10,5,8,6,5,13,11,9,5,7,16,11,10,8,10,5,4,10,3,8,7,5,6,9,6,10,11,5,7,7,8,6,5,7,10,10,5,9,9,6,5,5,4,9,9,7,6,6,4,6,14,6,7,3,6,8,6,10,7,14,5,6,10,7,7,14,4,12,6,6,5,8,7,9,4,11,7,11,10,6,10,6,9,8,7,6,14,4,12,10,9,6,16,11,10,4,8,9,6,5,6,8,7,5,10,5,9,4,9,8,6,6,13,3,8,6,4,5,7,6,10,7,9,10,4,10,6,10,4,8,7,9,3,3,5,4,4,5,8,3,4,11,4,6,2,10,18,10,5,6,9,10,9,10,10,7,10,14,11,11,4,5,7,7,9,14,6,12,5,10,4,6,5,7,9,8,10,6,16,6,11,11,7,9,10,3,4,10,6,9,10,16,5,9,7,8,4,10,10,8,8,7,11,3,11,13,8,8,11,9,9,9,8,13,8,5,8,7,13,5,4,2,7,8,9,2,14,7,12,13,12,9,7,6,4,1,8,6,12,4,6,2,5,5,9,5,13,6,1,7,1,9,3,7,10,3,5,9,9,5,9,9,11,7,6,7,8,8,3,4,10,8,5,3,5,12,10,5,7,6,7,7,7,13,9,6,10,6,10,11,12,14,7,7,7,3,3,4,9,13,5,12,12,8,8,14,7,5,4,7,4,9,8,6,9,5,12,14,15,11,7,7,6,11,11,10,9,8,7,8,7,11,11,3,8,11,7,11,5,5,8,7,8,6,5,6,16,4,7,16,9,12,11,7,4,9,6,6,8,8,6,12,7,13,8,5,9,3,4,5,8,8,11,12,10,3,7,8,3,8,11,8,6,7,7,10,7,11,7,17,8,7,5,3,6,5,4,8,3,7,15,4,7,3,8,7,11,5,4,7,10,4,11,5,3,10,11,13,14,6,6,2,5,3,7,8,8,7,5,9,6,12,5,10,8,7,13,5,6,5,14,9,12,8,6,9,10,7,7,12,13,7,7.69,13.496589456912,1.88341054308804
9,6,5,2,11,8,12,8,10,8,8,3,4,3,6,7,10,14,5,10,6,2,7,16,5,8,14,10,3,12,6,7,9,2,4,14,10,6,9,8,7,10,6,8,9,17,6,11,5,11,11,6,6,14,9,11,9,8,8,7,9,8,3,8,7,14,14,13,10,10,8,8,3,7,8,7,6,10,13,10,15,4,7,4,10,8,7,6,10,3,11,8,11,5,7,5,2,1,15,5,10,11,3,4,6,11,5,2,7,5,5,7,2,5,8,14,7,5,11,7,15,9,11,7,4,6,12,4,9,3,10,10,12,8,8,5,9,11,6,6,10,10,8,6,3,4,8,7,12,5,6,7,5,12,8,8,6,4,4,7,15,4,10,2,10,10,11,7,11,4,8,8,9,7,10,10,9,11,5,6,13,6,6,7,6,7,14,2,7,8,6,1,10,5,2,3,11,5,7,8,8,7,8,4,8,7,10,10,6,5,8,1,5,6,5,7,3,7,5,8,7,10,3,7,7,9,9,9,7,4,10,10,6,8,8,8,4,9,11,9,6,7,11,9,10,5,6,6,11,7,8,13,2,10,8,13,5,7,5,7,4,13,8,7,11,8,10,11,11,3,9,9,13,6,11,9,14,7,8,9,11,16,6,6,6,10,6,7,5,6,10,4,9,12,8,12,9,4,4,6,8,11,7,9,14,6,11,7,10,8,8,7,14,8,11,12,7,6,5,9,7,8,5,7,6,9,4,9,5,9,7,5,9,9,7,8,4,12,11,7,11,5,8,9,8,11,6,3,10,6,9,6,9,10,5,9,6,8,13,9,7,9,7,8,11,10,3,7,6,9,3,8,12,12,4,10,9,9,8,9,7,12,4,6,6,7,3,6,8,8,12,6,13,6,7,6,5,12,8,9,3,6,7,4,6,9,7,7,9,4,9,11,8,13,7,11,0,9,9,8,9,8,7,11,14,7,10,6,6,6,7,2,7,6,6,6,6,10,15,7,7,5,9,13,7,5,5,9,6,12,7,14,7,7,6,6,8,7,7,16,13,12,9,5,5,11,6,4,6,6,10,9,4,14,16,9,8,6,10,10,9,7,5,10,4,9,8,7,7,14,6,9,6,6,6,8,8,10,8,8,9,10,9,10,3,11,3,6,8,5,6,9,4,13,7,6,8,10,9,12,5,4,10,8,6,6,5,9,6,11,5,4,11,8,12,8,8,5,6,6,6,9,4,12,6,10,5,9,11,7,8,14,3,11,9,3,4,14,6,7,10,9,13,8,8,5,5,3,7,8,8,13,15,8,3,11,9,9,11,8,11,4,8,5,6,8,13,10,5,5,7,14,7,4,7,10,7,13,7,4,2,4,10,8,8,8,8,5,10,9,4,13,12,11,13,8,11,7,10,7,11,6,5,7,6,8,7,6,7,7,8,7,12,6,12,12,15,10,5,11,7,9,11,8,10,8,8,6,6,5,5,13,7,6,9,10,10,8,3,6,8,5,7,11,5,11,12,4,9,8,2,3,16,10,5,14,7,12,10,11,4,8,3,7,8,14,8,4,6,8,10,5,9,9,4,4,5,18,9,13,7,11,5,7,11,9,5,13,4,8,14,13,9,10,7,7,3,9,4,12,4,3,11,8,8,6,10,10,10,5,6,6,9,6,7,6,11,6,5,9,5,6,9,13,6,6,7,12,8,8,11,3,8,8,8,9,7,4,6,8,16,8,2,10,4,14,8,12,10,2,7,9,10,7,11,6,12,12,7,11,12,9,6,11,6,10,13,2,9,3,12,8,4,10,6,7,10,4,11,8,9,6,7,5,10,5,8,4,6,7,8,9,5,7,8,9,4,6,12,2,7,15,8,7,8,12,10,9,7,5,5,9,4,14,6,6,12,12,6,8,10,9,7,3,8,8,9,8,2,4,10,10,5,4,5,5,8,3,3,9,12,3,9,8,13,12,8,8,6,2,9,7,6,8,6,6,6,5,6,4,12,7,8,6,2,13,6,7,12,11,11,3,8,6,9,8,10,15,6,6,10,13,8,13,11,9,10,2,9,4,11,2,11,9,14,8,6,2,6,4,14,6,5,7,4,7,7,10,4,3,10,4,7,11,6,6,10,9,12,4,15,4,10,7,5,9,11,9,10,12,9,10,9,4,4,5,5,7,8,8,10,7,7,8,10,5,5,7,8,10,7,6,2,7,4,4,5,11,6,16,11,7,7,9,9,10,7,10,4,7,10,9,3,8,10,6,9,4,7,2,7.834,13.7347093167551,1.93329068324487
6,8,9,11,4,5,8,9,9,10,6,8,9,3,2,2,13,11,9,9,5,5,5,6,9,6,8,11,8,10,5,5,12,9,9,9,9,5,8,1,5,8,6,3,10,5,2,13,8,7,8,7,7,12,8,5,5,5,9,6,12,10,4,9,10,10,6,13,11,11,5,2,11,7,9,7,8,9,9,6,10,12,8,4,5,3,9,4,11,4,12,11,9,10,8,10,4,10,6,7,16,11,5,8,4,8,7,7,11,4,5,8,7,5,7,7,4,11,9,9,11,9,6,5,11,14,2,5,7,6,14,4,5,9,8,11,10,5,6,10,4,10,14,12,0,14,7,11,12,8,4,8,7,8,15,10,6,11,7,8,14,11,3,13,8,10,9,8,4,6,12,13,14,8,6,10,3,7,4,8,7,5,5,5,8,5,13,2,4,8,5,6,10,9,6,4,6,4,4,10,10,8,6,13,5,9,7,8,3,6,12,5,6,9,7,8,6,4,6,4,13,8,4,11,6,11,5,9,12,13,9,9,6,8,9,6,8,7,12,4,12,4,3,7,4,4,5,12,10,8,9,12,7,11,6,12,7,5,4,5,10,8,3,6,12,5,12,7,3,5,6,6,8,9,10,6,10,12,5,12,10,12,5,3,9,10,5,6,5,3,9,11,9,6,7,11,9,7,5,9,10,7,13,12,8,7,14,9,5,12,10,6,10,18,9,12,8,9,7,9,5,8,11,5,9,5,5,7,6,10,11,8,10,5,6,13,5,10,12,9,12,7,7,11,7,7,11,5,11,4,5,6,4,13,6,11,15,8,9,7,3,13,9,8,9,6,8,7,11,9,7,9,6,11,8,6,10,8,9,2,9,10,7,7,4,6,5,7,10,6,11,8,6,9,4,6,6,6,9,2,9,8,3,7,8,11,7,11,7,12,6,12,10,8,9,7,9,7,5,8,6,5,6,6,4,5,11,10,8,9,5,8,4,13,7,2,10,10,12,7,11,10,14,11,9,10,9,9,6,11,7,11,2,10,5,7,11,7,6,7,6,6,7,10,4,5,5,18,17,4,4,9,13,7,8,4,12,4,6,8,6,10,3,16,13,10,9,8,15,10,8,12,14,11,2,5,3,3,11,3,11,8,6,12,5,11,10,4,5,6,8,6,7,8,8,6,9,7,8,9,5,8,12,9,9,5,9,11,9,6,4,3,8,8,10,5,5,3,3,16,6,5,3,6,9,3,4,8,3,13,10,8,4,8,10,10,9,5,6,9,6,14,6,10,8,9,2,9,10,8,9,8,13,4,6,12,8,7,8,2,5,10,11,11,3,13,6,9,6,7,6,12,6,7,7,5,9,5,8,7,9,11,7,5,11,7,6,6,5,6,8,8,5,5,5,9,3,8,4,10,6,9,3,6,13,10,8,9,9,9,3,10,6,3,7,6,8,7,5,6,7,9,4,5,15,12,6,6,9,5,6,7,4,7,6,12,10,10,10,6,7,3,4,10,11,5,8,9,11,8,8,7,11,4,6,12,8,16,7,9,10,11,5,4,0,6,8,7,5,8,10,3,4,10,9,14,3,8,10,8,8,8,4,6,9,7,6,10,8,6,7,3,12,9,12,11,9,7,1,9,4,11,6,4,4,4,9,5,13,7,4,8,1,4,5,2,4,6,5,7,7,9,8,6,7,6,6,13,6,5,8,7,7,11,5,7,4,12,9,7,9,3,5,7,11,3,7,1,8,3,6,11,6,11,10,7,8,13,8,6,7,9,7,5,7,9,10,8,5,9,7,10,7,8,8,6,6,7,7,5,4,9,2,3,5,12,8,9,5,5,16,6,8,10,8,9,5,12,6,9,4,9,8,9,8,7,9,8,5,8,4,6,7,6,12,9,4,6,6,9,9,10,10,9,7,4,11,8,8,8,9,11,6,9,4,13,10,12,2,6,8,6,9,10,16,6,11,11,6,18,10,15,3,8,13,7,6,3,11,8,12,7,4,6,5,9,6,6,5,12,8,6,7,10,7,10,5,12,9,8,7,8,3,4,7,4,20,6,12,7,11,10,10,10,7,8,15,8,11,8,12,6,3,12,8,6,4,9,11,3,6,8,8,4,8,6,3,10,10,4,7,3,11,6,15,8,5,8,6,5,8,9,2,7,9,11,7,6,10,12,8,3,5,4,6,6,7,13,7,11,8,7,8,6,9,12,4,11,5,5,7,8,7,3,9,7,7,6,8,11,8,5,10,8,4,3,7,3,5,11,7.698,13.5720443913126,1.8239556086874
8,9,8,13,1,6,7,9,10,6,13,8,12,2,6,11,15,8,9,4,9,11,15,11,8,14,10,9,8,5,6,10,6,15,6,7,7,13,5,8,7,6,7,3,10,14,5,6,8,3,12,11,12,6,13,11,11,10,2,6,7,11,9,3,7,6,2,15,8,15,6,8,3,3,7,8,8,3,8,5,16,10,7,6,5,7,9,3,7,11,12,14,6,6,12,9,12,11,3,4,10,6,8,5,6,7,9,2,5,4,9,8,7,5,7,11,12,9,7,6,12,13,11,5,1,9,9,2,9,10,13,11,14,8,7,7,10,8,4,3,6,11,13,4,5,9,10,7,8,5,5,8,11,7,6,6,6,8,5,6,11,9,7,3,8,10,10,8,4,10,10,9,12,12,8,8,7,7,12,12,15,8,9,8,5,8,5,6,11,12,7,8,3,7,6,5,6,6,9,4,9,8,10,2,4,7,8,10,6,2,12,9,11,8,8,7,9,7,6,6,9,16,6,11,6,16,9,8,7,9,6,13,10,6,4,6,9,8,13,6,8,9,13,6,5,7,6,7,10,6,9,10,8,8,10,6,7,9,14,9,9,13,8,10,17,6,7,9,7,6,8,7,10,7,3,4,9,8,7,8,10,12,5,10,9,10,7,9,17,6,9,9,9,14,9,4,12,5,9,10,7,10,8,8,6,8,13,10,10,14,12,5,15,11,12,6,5,18,3,8,8,4,6,4,5,7,6,8,9,8,7,3,4,11,5,4,6,12,9,8,5,7,5,3,13,8,7,3,5,9,9,8,6,14,8,9,10,10,9,4,4,11,7,6,10,8,4,6,5,9,5,8,2,10,11,6,8,6,14,9,5,7,10,8,8,7,6,5,5,6,5,6,7,6,5,10,2,5,14,4,6,5,9,6,2,9,12,10,10,7,6,14,9,12,10,8,11,5,6,3,8,3,10,12,6,7,7,10,7,17,7,13,3,6,5,5,9,8,10,13,6,8,14,16,4,9,5,7,10,9,13,7,8,5,8,4,8,6,3,11,7,12,5,12,8,9,8,14,10,6,6,10,7,8,8,7,12,7,12,10,18,9,6,7,5,8,8,11,11,11,11,6,12,13,5,7,7,8,7,6,6,11,7,7,9,11,6,9,8,1,8,5,8,11,10,6,5,5,11,10,5,12,11,7,10,6,10,9,11,10,5,4,8,8,12,5,5,8,10,7,6,11,12,8,6,10,7,5,8,7,11,12,8,9,8,6,12,9,6,5,14,16,9,8,5,13,7,5,4,8,8,9,9,7,7,7,10,6,11,6,5,7,7,4,10,8,6,7,4,2,11,8,8,8,9,8,6,13,14,8,1,8,8,7,9,7,11,5,3,3,7,9,8,4,4,15,5,4,7,4,9,13,4,14,6,9,4,3,11,11,9,9,13,5,13,5,14,11,8,9,9,4,8,7,6,6,10,5,6,8,6,6,5,8,6,4,10,9,15,9,2,6,8,10,8,8,8,7,8,4,8,9,14,5,5,6,7,12,14,8,9,4,9,8,7,8,9,6,8,10,14,6,7,9,8,7,9,13,4,8,8,7,14,7,7,6,7,12,6,9,10,8,10,7,9,8,4,10,2,4,15,5,9,18,9,8,6,5,12,7,3,13,9,5,4,11,6,8,7,10,8,9,2,9,10,7,7,8,12,3,8,5,7,5,7,5,8,7,9,10,6,8,4,8,6,8,9,3,2,4,6,5,8,5,13,8,8,14,10,6,11,6,4,6,9,10,18,13,10,3,5,7,4,9,7,8,4,4,6,7,5,6,5,8,5,3,6,10,6,7,10,10,9,11,8,13,8,9,10,8,9,6,7,4,8,8,8,7,5,14,12,7,10,12,7,7,10,7,12,11,11,7,9,6,11,7,11,6,6,10,8,7,4,10,11,6,7,6,5,5,4,7,6,8,19,15,8,7,11,4,5,7,6,11,8,2,12,4,4,10,6,6,12,5,7,5,11,3,8,4,10,7,11,10,7,11,9,9,6,12,4,6,16,4,2,12,11,6,5,6,13,6,8,7,11,10,2,2,7,7,9,7,0,5,3,8,5,20,8,10,9,10,2,6,8,7,11,15,10,8,8,9,8,9,6,11,6,10,6,8,9,6,2,8,10,13,3,1,13,10,9,7,6,8,12,10,9,12,9,5,5,9,7,4,12,9,7,5,3,10,9,10,8,11,10,9,5,8,7,10,11,5,7,9,10,11,5,4,6,11,7.969,13.9965964149021,1.94140358509789
5,5,9,4,8,10,5,7,13,7,2,9,10,8,8,8,11,3,9,6,7,5,7,12,8,10,6,12,7,8,8,5,5,7,7,6,16,10,11,8,7,9,10,7,12,11,5,7,6,11,10,13,9,13,9,8,8,4,3,5,8,11,6,11,4,8,8,6,5,10,4,8,4,9,9,6,6,11,7,7,6,12,9,3,12,8,8,7,10,10,9,7,5,8,6,6,6,6,5,9,12,5,8,5,10,5,7,7,17,6,4,6,11,6,9,11,3,9,7,6,7,4,15,11,9,11,11,8,4,7,8,8,10,13,7,9,8,5,8,5,13,6,12,11,4,5,7,8,13,8,3,5,4,8,5,2,3,5,10,7,12,7,8,4,14,7,10,13,8,7,6,11,9,8,9,8,12,10,6,8,9,8,6,9,5,6,5,5,7,8,9,11,7,5,7,13,10,5,5,6,12,11,9,9,7,8,6,4,4,9,14,12,12,8,7,8,3,9,9,8,10,10,6,6,1,7,12,5,7,6,8,8,2,11,5,9,3,8,6,8,8,7,10,10,16,9,9,11,9,4,9,11,9,5,7,10,7,8,8,5,7,7,8,7,8,6,12,14,7,6,8,12,5,8,3,9,7,10,12,8,7,7,6,10,7,12,10,11,6,6,13,7,11,4,7,13,13,6,8,10,7,2,7,10,14,8,13,3,5,10,11,10,15,11,9,6,7,14,6,8,9,15,6,9,9,7,12,5,9,5,7,12,9,6,12,10,8,7,7,7,6,9,9,9,9,5,5,4,7,4,7,10,5,7,5,11,10,6,1,7,8,8,5,8,7,14,8,9,11,8,2,7,10,12,6,8,10,6,13,10,11,5,6,8,6,7,7,6,5,15,8,5,10,13,9,8,9,4,8,5,3,12,9,9,8,2,9,9,9,6,12,9,6,11,7,8,10,7,4,6,14,9,0,10,8,12,4,6,10,10,7,11,7,12,5,2,9,8,11,11,7,6,9,15,5,9,2,8,4,6,9,6,3,7,9,7,5,5,5,10,12,10,10,15,2,13,3,9,7,12,9,8,6,8,11,10,6,5,10,10,2,6,6,8,3,10,4,9,10,16,4,8,11,6,9,2,3,7,7,5,15,8,8,8,4,6,5,5,5,9,9,7,7,6,12,11,9,10,10,5,10,7,14,3,10,6,5,13,9,4,8,9,7,7,12,9,8,7,5,7,4,7,7,9,5,4,5,8,9,13,7,11,5,9,4,12,6,7,6,8,11,4,12,10,2,6,3,10,8,5,4,8,12,12,7,6,6,7,6,8,12,7,7,5,4,6,16,10,4,3,6,6,7,3,6,3,7,5,9,7,1,5,9,5,3,11,8,16,10,9,5,11,5,12,6,11,5,2,8,2,6,9,5,9,9,10,7,7,13,6,8,8,4,9,7,13,16,3,5,6,4,10,12,3,8,6,11,10,4,8,6,9,16,6,11,8,15,9,7,11,6,3,9,9,6,8,7,7,11,17,6,3,9,8,9,9,9,16,14,8,5,8,8,7,10,11,10,5,7,5,6,14,5,4,6,2,7,9,6,17,5,14,10,16,13,11,6,9,3,3,2,6,10,12,4,10,8,11,6,9,6,9,9,8,9,9,8,11,10,9,3,6,6,5,3,5,5,10,4,9,6,2,4,8,8,4,8,8,15,3,8,1,4,10,8,9,6,5,10,3,13,11,3,13,7,7,13,4,7,4,8,5,7,8,9,7,13,9,7,9,8,16,7,4,7,7,15,13,6,5,9,6,8,11,10,5,6,5,13,6,10,6,5,4,5,6,8,9,10,7,11,9,6,7,8,9,4,5,7,9,3,13,10,9,12,9,4,5,7,8,8,7,9,6,12,12,14,10,10,12,10,6,10,6,6,6,19,8,6,10,11,9,4,12,10,11,7,8,4,6,5,5,10,10,11,18,6,7,7,7,7,3,10,11,6,4,7,6,4,11,3,4,7,15,5,16,7,9,8,8,17,10,5,3,9,8,10,8,9,9,9,7,8,13,7,8,13,6,5,13,7,8,9,6,5,9,7,3,11,8,5,6,13,9,6,7,10,7,13,9,6,9,14,10,9,11,11,8,6,2,7,5,7,7,4,7,7,7,5,7,9,7,8,15,10,8,3,10,9,3,10,10,8,3,9,2,8,2,16,9,6,9,6,6,5,10,3,7,3,9,8,8,2,10,10,5,10,10,6,6,8,6,4,8,13,8,9,9,4,7,7.87,13.8473253364844,1.89267466351562
7,3,5,12,7,7,7,9,13,7,8,7,9,4,7,3,6,9,9,7,7,6,6,9,13,9,14,8,8,9,10,9,14,8,5,8,11,15,6,9,12,10,7,3,10,5,4,7,9,12,14,9,7,11,8,7,12,10,6,10,12,4,5,7,13,10,7,14,7,11,9,6,8,5,8,9,7,8,4,2,11,8,10,9,3,5,14,6,11,8,10,1,5,3,9,8,4,9,11,5,8,9,6,8,5,10,10,9,12,4,14,10,7,6,8,14,9,9,3,7,9,6,6,8,8,9,7,8,4,5,10,9,12,6,9,11,10,9,4,9,9,4,9,11,5,11,3,9,9,3,0,6,8,6,9,7,10,14,5,11,8,12,9,8,8,5,8,9,9,7,9,8,10,6,8,4,9,9,5,11,12,11,10,10,5,9,11,9,5,10,11,7,11,6,6,5,12,4,6,1,14,5,7,4,5,10,8,7,6,4,10,7,3,5,15,11,4,11,8,5,7,8,2,6,6,13,13,7,8,2,3,14,7,10,5,4,4,11,5,8,5,7,13,12,10,8,8,12,9,6,13,6,3,8,7,6,11,6,6,5,8,9,5,11,6,6,8,10,3,3,6,5,9,8,6,8,9,12,3,16,8,10,7,1,4,6,8,8,9,4,8,6,5,5,11,11,7,3,10,7,11,7,17,10,5,8,7,6,8,12,6,7,4,3,6,15,9,4,10,7,7,8,9,9,8,8,3,5,4,13,10,4,5,7,7,7,3,9,5,9,8,8,13,9,7,7,8,4,4,6,9,7,5,11,4,8,7,7,9,10,7,8,12,11,12,9,12,7,6,12,7,5,7,17,4,14,15,9,3,8,9,14,7,6,8,9,7,2,8,8,9,6,10,5,7,5,8,10,10,7,6,6,7,8,6,9,9,6,12,7,5,13,7,7,9,9,3,9,14,7,6,8,6,10,16,6,9,6,10,7,5,13,3,10,2,5,9,13,5,5,9,8,10,11,8,7,12,9,4,10,11,6,11,5,15,6,11,4,6,10,7,6,10,6,13,13,6,7,13,8,13,5,10,8,13,10,8,10,8,11,8,6,8,5,8,6,10,6,6,16,9,10,7,8,7,9,4,5,7,6,10,5,6,10,5,9,5,11,10,7,9,6,6,7,13,8,6,10,9,6,8,5,9,11,11,13,6,2,9,7,9,5,6,6,15,6,9,4,13,9,2,6,5,7,5,8,8,5,2,7,9,7,6,14,4,5,4,9,5,6,13,9,11,8,4,8,3,9,9,7,4,11,7,6,10,9,9,6,6,6,7,8,12,7,4,16,11,11,7,8,7,13,12,10,2,6,7,6,9,4,6,5,8,8,7,11,6,7,5,7,7,5,13,14,6,8,5,5,8,12,9,10,6,13,6,12,9,8,7,8,9,10,7,6,5,10,14,9,9,8,14,14,6,8,12,2,8,7,8,11,4,6,7,11,2,8,14,10,3,7,4,10,11,15,8,4,7,7,12,4,8,7,8,5,9,10,5,5,12,10,6,9,8,5,4,8,12,12,8,8,16,8,9,12,14,10,4,16,10,11,12,2,13,15,10,9,6,13,7,9,14,7,6,8,9,6,6,8,3,7,10,9,7,12,7,9,3,7,8,10,7,10,12,3,10,10,6,4,7,9,5,4,5,8,5,7,8,6,10,9,13,7,11,9,5,6,5,9,9,11,10,7,4,10,7,15,9,9,3,6,4,8,6,4,10,8,8,11,7,6,11,4,6,8,11,10,10,13,8,8,11,7,5,13,8,8,5,9,12,6,6,7,8,6,8,12,5,8,8,6,7,6,9,9,8,6,5,9,10,8,3,3,8,7,4,3,7,6,2,5,7,8,8,12,7,4,5,13,6,11,13,9,11,3,9,6,6,7,6,7,11,10,10,18,4,5,9,10,6,6,6,1,5,13,9,7,4,13,5,7,9,7,8,15,9,12,10,10,6,4,11,7,9,6,9,13,5,4,6,7,4,6,8,4,7,7,7,10,12,19,11,11,6,10,13,7,13,9,9,6,16,4,10,11,9,7,12,4,6,5,7,8,6,9,5,9,12,5,8,10,8,13,4,9,5,9,10,11,6,5,6,7,8,8,2,12,5,6,7,13,9,10,8,11,14,9,2,5,10,6,12,6,6,7,5,13,8,7,7,10,7,8,7,0,5,8,7,8,2,10,6,7,9,10,8,7,6,7,10,7,9,7,4,7,8,11,10,11,8,7,7.945,13.7819984161819,2.10800158381806
7,5,7,6,4,10,6,7,9,10,9,8,4,4,6,6,6,12,7,9,9,7,5,12,10,12,9,7,5,9,5,8,13,13,11,8,9,10,9,12,5,9,6,7,11,8,7,12,2,7,10,5,6,17,5,9,5,8,11,10,8,9,2,8,6,10,6,18,8,11,12,8,10,12,7,13,6,12,12,6,18,11,12,9,12,7,11,9,8,9,11,13,9,4,5,7,6,3,10,5,12,6,8,3,11,8,6,7,9,6,8,6,4,8,2,6,9,8,8,8,10,5,11,6,5,10,8,3,5,7,12,1,13,6,11,7,12,9,8,11,9,7,7,9,6,6,10,11,11,8,2,7,5,5,8,9,12,15,6,8,10,11,9,8,11,5,11,7,3,11,13,10,11,7,6,13,4,10,9,11,5,6,3,11,4,8,8,7,5,9,5,9,6,13,4,6,13,6,12,8,11,10,6,8,4,8,2,8,6,8,8,8,4,9,7,7,4,10,13,6,11,13,3,17,6,12,13,6,8,5,6,10,6,8,9,12,10,11,5,4,7,3,9,4,8,11,6,8,7,6,8,12,1,10,10,11,9,8,9,8,5,9,7,9,13,5,10,5,8,4,10,8,20,15,4,14,5,8,12,17,11,11,11,8,4,13,5,7,9,5,4,8,6,13,5,6,9,8,8,11,9,11,10,5,10,11,6,6,11,8,6,4,12,11,12,8,6,10,3,8,4,11,6,6,9,8,13,7,12,9,7,8,12,6,5,7,4,9,6,11,4,9,6,8,7,5,12,9,6,9,7,4,7,9,12,12,4,6,6,6,6,13,7,7,13,9,6,7,9,7,4,4,8,8,8,11,5,9,13,9,11,13,7,3,9,7,8,8,4,9,10,7,10,9,3,10,2,7,9,8,9,6,3,14,13,7,5,8,12,8,8,8,8,10,9,15,2,10,10,8,3,5,4,10,5,5,7,6,3,8,6,11,6,7,12,9,6,7,4,10,9,8,9,9,9,5,6,8,6,4,6,5,6,10,7,6,13,6,6,14,10,9,8,5,5,3,7,11,9,5,10,7,11,10,5,9,8,5,7,10,11,7,11,11,8,8,8,9,13,15,5,12,5,13,7,11,1,7,7,0,10,5,8,12,8,8,5,4,8,8,13,5,7,4,11,9,8,5,7,8,5,2,13,11,5,11,12,7,13,10,6,3,7,8,8,14,9,2,10,10,5,10,11,8,7,6,7,8,10,5,2,17,4,3,3,5,7,8,4,8,10,15,9,9,10,6,6,10,10,7,8,16,11,15,9,7,8,4,10,8,14,8,7,13,10,12,8,11,6,4,7,8,4,5,4,12,11,7,13,8,4,3,3,5,7,6,6,7,7,5,6,14,8,12,8,8,7,6,13,10,10,7,9,7,10,12,7,5,14,9,7,5,5,6,13,5,16,5,10,7,3,8,11,5,10,8,8,9,8,13,11,8,9,11,9,5,11,11,11,8,8,4,7,7,6,8,11,5,12,5,7,10,11,8,8,15,8,8,5,12,8,6,7,4,6,10,11,8,7,4,6,5,6,11,7,3,7,13,10,7,6,6,6,17,8,8,3,10,9,9,11,11,11,8,5,5,6,10,4,7,5,6,10,7,9,11,12,7,8,12,5,6,8,7,7,8,6,11,6,12,7,5,6,8,3,6,9,8,7,4,9,2,9,15,4,6,6,9,10,11,3,10,5,6,1,13,7,3,6,5,7,5,7,6,14,5,12,15,6,13,10,8,12,11,10,8,10,8,6,4,4,9,12,12,11,11,8,4,11,7,8,9,5,7,6,8,16,5,7,10,8,6,8,7,3,9,7,11,7,10,8,9,11,10,6,7,9,11,4,12,8,8,8,7,10,8,10,4,9,13,15,5,6,5,6,7,11,10,5,5,19,7,2,3,3,8,6,6,8,5,16,7,12,13,12,8,9,5,6,4,8,11,3,11,8,5,5,4,7,12,5,8,6,4,8,16,10,13,6,15,11,12,8,12,14,7,7,14,9,7,8,8,14,6,11,8,12,9,10,7,13,8,7,9,6,7,10,1,6,7,12,10,12,8,3,12,6,11,5,7,9,3,12,12,9,11,8,10,13,6,5,8,8,6,7,12,8,6,6,11,1,7,9,6,11,12,5,5,9,7,8,9,6,5,10,7,9,10,10,10,3,5,6,3,7,9,7,10,5,11,13,9,4,7,9,6,3,4,8,11,11,7,3,7,13,11,11,12,13,5,8.093,14.0932008309399,2.09279916906011
9,11,9,18,7,4,6,6,12,5,9,6,11,5,9,2,6,9,12,8,7,10,5,3,12,14,7,8,9,10,8,12,6,12,6,10,10,6,3,9,5,9,10,4,6,13,5,8,7,6,11,7,11,10,9,6,14,11,9,9,7,13,6,9,12,9,3,15,10,6,9,4,5,11,10,12,6,8,12,7,12,9,5,8,8,5,13,5,17,12,9,12,8,8,16,5,9,9,7,8,14,9,10,5,5,13,9,6,9,7,8,3,8,6,12,12,11,15,7,5,12,5,7,8,12,9,5,8,10,3,13,10,13,4,11,11,7,11,6,7,6,10,11,7,8,8,9,13,8,3,6,10,11,9,18,4,6,3,11,9,10,8,8,5,4,8,14,9,10,10,10,9,10,7,4,8,7,8,9,10,12,7,7,8,3,7,9,9,11,9,4,2,13,11,5,6,10,5,4,7,6,10,7,9,2,5,14,1,6,7,12,11,11,10,11,6,4,6,5,5,9,6,6,8,7,7,15,2,13,9,4,9,9,9,2,9,7,9,13,6,10,8,8,5,5,5,9,12,14,7,7,12,8,7,6,8,7,4,4,10,10,15,3,12,15,7,9,4,10,6,6,9,12,9,9,2,11,13,4,11,11,8,15,7,8,12,5,12,8,6,9,8,8,6,9,11,7,8,9,8,9,2,13,15,6,6,16,7,10,8,8,9,11,14,9,7,4,11,8,9,6,11,9,3,7,6,8,4,4,5,7,7,10,9,8,8,8,7,8,12,4,5,8,8,9,7,7,6,6,4,8,4,5,9,6,10,9,6,9,10,5,15,5,10,9,9,5,7,8,5,3,6,5,14,5,7,13,7,5,8,8,11,6,5,11,2,7,6,8,12,14,8,11,12,7,9,5,9,6,12,6,7,11,12,8,8,7,10,14,8,13,9,12,8,10,5,8,9,10,8,4,4,3,8,10,8,9,9,12,13,6,12,3,13,5,3,14,14,9,9,4,11,10,12,12,9,7,9,6,10,10,3,5,12,6,6,10,10,5,7,11,10,7,8,9,9,3,13,10,5,5,5,5,9,10,7,12,5,9,10,11,14,8,14,8,7,8,6,7,11,10,8,13,8,4,7,2,5,10,8,11,5,9,8,9,10,8,10,7,11,4,11,2,12,14,6,7,4,3,6,7,9,11,9,6,9,6,5,10,13,7,5,7,10,15,6,9,4,7,8,4,3,10,11,3,6,1,4,7,16,4,16,6,6,5,7,5,10,7,8,8,10,9,8,7,7,7,9,7,7,10,8,9,10,9,11,7,2,7,9,9,9,13,10,7,10,10,14,9,4,6,11,7,6,5,6,11,7,11,8,9,9,10,5,5,11,6,11,8,10,12,8,7,10,5,13,9,10,5,8,10,10,6,9,9,7,8,7,4,13,6,8,8,4,7,8,8,4,5,12,12,8,7,13,8,7,11,8,4,11,11,7,6,5,10,14,9,11,8,7,4,2,8,5,6,6,14,6,9,9,14,15,11,6,5,8,6,12,13,8,10,6,7,8,7,10,7,11,8,4,11,5,12,6,12,11,5,13,6,13,8,13,8,6,11,10,7,8,7,9,7,5,11,6,13,10,7,10,3,7,12,3,10,7,11,11,4,8,12,8,7,8,6,6,10,4,3,13,8,5,7,2,9,12,8,6,13,10,15,5,12,4,5,9,7,8,8,6,10,13,9,4,7,10,9,9,7,4,6,8,8,10,5,7,15,10,7,8,5,9,5,7,3,7,8,15,6,7,2,6,8,4,5,6,10,5,9,3,9,7,8,7,6,11,7,9,10,8,8,4,5,11,7,6,10,9,5,7,9,8,8,11,10,10,8,10,9,3,8,7,9,10,10,8,5,12,6,6,5,11,6,3,7,4,4,3,11,5,4,9,8,10,5,9,12,8,9,10,10,8,2,4,10,11,11,7,2,6,11,12,3,7,8,8,9,9,12,8,9,8,10,7,12,6,5,16,8,5,7,6,10,5,11,9,15,8,14,14,10,10,8,14,7,6,9,8,13,6,8,9,10,8,14,10,9,9,4,5,11,6,11,8,5,9,4,12,6,13,2,7,7,9,7,14,9,8,5,8,6,6,8,9,7,5,5,5,4,6,6,5,7,13,6,9,5,12,4,9,10,8,14,5,8,5,5,4,15,12,8,15,8,10,5,9,8,7,6,6,5,12,12,6,3,6,12,7,5,6,6,7,10,4,9,8,8,9,11,8,6,7,8.157,13.9987319892506,2.31526801074936
9,5,12,8,6,2,9,6,11,9,10,10,14,6,10,7,10,6,4,7,4,6,8,10,7,9,10,13,9,7,9,6,9,7,8,6,10,10,3,10,9,12,4,6,7,8,6,6,7,11,7,10,6,12,5,5,10,12,3,6,3,12,4,3,6,13,5,11,9,12,7,7,5,6,7,12,5,2,13,11,12,6,9,3,12,5,9,12,6,9,11,6,11,7,10,12,10,9,8,8,8,9,5,7,9,9,7,1,9,9,10,7,10,9,11,8,5,8,7,4,9,12,10,5,4,8,14,5,2,10,8,5,11,9,4,11,8,7,12,12,11,8,6,7,3,15,9,12,11,11,6,7,7,12,12,4,6,8,6,7,8,8,1,12,9,8,6,8,5,7,6,11,12,5,10,8,5,9,7,11,14,5,10,8,8,7,13,6,7,10,9,8,5,9,6,3,9,5,10,7,5,8,6,8,13,10,9,13,6,7,14,12,10,10,10,9,6,9,4,5,5,8,8,7,4,6,11,6,8,7,9,16,4,10,5,11,8,7,2,7,5,1,9,5,7,3,5,12,11,6,4,15,10,13,11,6,10,6,9,8,11,15,9,11,9,4,11,9,10,8,8,9,12,6,11,12,7,7,4,9,8,9,9,5,7,9,5,7,11,4,9,5,10,6,10,14,15,6,9,14,9,10,15,5,8,6,17,6,8,14,9,7,8,13,8,10,6,12,7,10,6,8,8,12,12,11,6,10,5,16,9,6,9,15,13,7,10,13,8,7,4,8,4,14,6,11,9,7,5,7,6,9,8,9,7,10,4,9,4,9,4,5,6,9,9,8,3,9,8,9,7,11,6,8,6,9,11,7,13,10,13,7,7,5,6,7,4,10,3,6,13,11,10,7,11,6,8,6,7,6,10,9,6,7,5,7,12,7,11,5,12,10,5,5,10,8,7,8,8,11,13,11,8,5,10,8,7,7,7,11,4,15,1,9,7,8,15,9,12,8,9,9,10,12,5,7,12,7,4,7,16,7,10,9,10,3,7,5,6,11,3,14,8,11,2,9,6,12,17,7,10,11,7,4,7,7,11,10,10,9,4,6,7,13,8,9,7,13,13,14,7,8,14,11,4,5,3,5,8,8,12,11,8,13,7,12,2,8,5,5,8,6,5,13,8,12,7,6,10,5,10,7,14,13,8,9,3,8,8,9,10,4,6,11,9,9,8,11,6,9,5,3,9,5,8,6,8,9,4,15,13,10,6,14,4,7,8,6,11,3,10,8,13,14,7,11,3,5,13,4,9,14,11,8,10,8,5,4,12,9,7,3,7,9,10,7,12,8,5,3,11,10,9,9,7,6,10,9,9,6,4,5,5,5,10,6,10,10,4,9,6,11,9,6,6,9,6,8,9,7,7,17,2,10,14,8,12,10,8,12,8,12,6,8,9,12,10,8,10,3,5,6,5,6,13,6,8,10,3,9,9,9,9,12,8,12,11,7,11,7,9,8,3,15,9,12,8,7,9,9,9,7,9,8,7,9,4,16,8,11,11,8,9,4,4,4,14,8,10,12,8,3,3,3,9,3,8,15,10,3,6,8,8,9,7,9,14,11,9,5,10,7,11,10,4,8,6,13,4,12,7,7,9,12,7,10,5,11,6,10,6,6,9,6,7,8,4,5,6,8,4,5,9,11,9,4,9,7,12,5,12,2,5,9,12,8,8,5,6,9,9,9,6,10,7,8,11,4,13,3,7,9,8,5,10,4,4,14,5,3,7,9,8,7,4,11,14,7,10,11,7,3,12,8,7,4,7,8,10,6,6,8,11,8,11,15,8,6,10,9,11,13,8,12,9,6,5,8,15,10,12,10,10,6,12,14,14,5,9,9,6,7,10,14,8,6,10,6,6,6,7,7,18,3,7,6,18,3,5,7,11,10,4,9,3,3,7,15,5,9,6,7,12,7,11,8,11,9,5,8,10,12,7,13,8,6,10,3,12,6,8,8,7,8,10,16,5,3,9,10,10,8,7,11,9,11,4,11,7,12,10,7,14,7,6,11,14,3,6,7,7,3,9,7,5,15,7,6,10,5,13,4,7,8,3,10,6,10,11,10,11,7,5,4,1,9,6,9,8,5,7,4,6,6,8,13,8,10,8,8,9,12,6,11,6,5,7,4,7,5,5,10,7,10,6,10,8,21,8,10,10,5,6,6,7,17,9,9,5,4,7,9,13,15,9,7,7,13,9,12,7,11,4,8,6,10,8,7,4,10,8.225,14.1982306907473,2.25176930925275
10,4,6,8,8,7,8,10,13,7,5,10,8,5,10,9,14,10,3,3,8,9,5,18,5,10,13,8,6,10,6,9,11,7,6,10,11,10,7,16,15,9,2,4,14,10,9,7,4,12,3,11,12,13,12,11,10,7,7,4,9,13,9,11,7,9,7,9,5,9,10,9,4,19,6,8,9,8,12,7,15,4,8,6,16,5,9,3,15,11,10,9,9,5,14,6,8,8,12,11,9,7,12,7,5,8,6,5,9,7,11,7,10,8,12,8,9,11,10,6,10,7,8,10,6,9,12,9,5,9,11,14,11,9,4,14,16,15,8,6,6,5,11,15,1,17,9,11,10,7,2,7,8,8,7,6,6,10,12,12,9,6,8,8,8,5,7,12,3,7,16,9,9,2,8,6,9,6,7,8,8,8,10,9,6,3,13,9,11,4,4,6,7,7,5,3,10,7,5,5,12,7,7,7,11,6,6,6,6,6,13,12,6,6,14,10,7,11,5,7,7,8,4,9,8,7,12,11,11,8,6,5,10,14,4,5,7,10,7,8,10,6,8,9,5,12,8,8,7,5,12,12,2,12,5,9,6,5,9,5,5,3,5,6,12,7,10,14,7,3,9,8,7,7,6,10,6,9,9,9,7,9,9,4,5,9,8,9,9,5,9,4,8,6,15,10,8,8,13,9,10,2,12,5,9,6,13,8,9,9,7,3,11,9,4,8,8,9,7,9,2,5,9,4,8,3,11,8,7,7,8,5,11,10,9,15,10,13,9,11,11,6,16,10,8,7,5,3,10,6,6,7,7,10,7,8,9,6,6,12,6,6,8,13,11,6,4,6,10,15,6,7,6,13,9,9,15,8,10,13,13,11,6,8,6,8,6,9,6,12,6,10,12,18,6,7,6,4,9,2,5,5,7,9,9,9,15,13,7,4,9,4,9,7,10,8,10,1,6,3,8,4,4,9,6,13,4,13,7,15,7,7,1,12,2,11,9,10,7,5,8,10,11,12,13,5,9,6,4,3,11,6,3,4,10,6,13,7,6,5,10,7,10,11,5,8,1,11,14,8,9,7,9,14,8,9,9,8,9,15,8,4,4,8,4,19,9,10,9,17,7,13,8,9,6,9,4,8,7,6,5,2,9,6,2,11,9,5,5,2,8,10,7,5,6,10,6,10,9,7,5,4,13,7,8,8,6,8,10,5,6,7,8,10,13,10,7,6,13,11,4,7,5,7,11,11,7,7,9,12,7,5,8,7,8,8,6,3,8,11,13,10,17,12,8,11,4,6,10,6,8,6,10,5,8,11,8,4,4,8,9,9,11,11,4,10,7,12,5,3,5,6,10,4,1,8,9,2,20,11,4,7,8,9,10,6,6,6,5,5,7,11,6,11,8,12,7,7,10,6,7,8,7,13,10,11,3,10,9,12,10,8,9,5,6,4,18,5,11,9,6,9,8,4,10,5,7,4,7,6,9,13,4,4,8,7,11,12,8,6,12,8,8,7,5,7,9,3,12,5,4,8,11,10,6,9,7,8,14,14,8,7,5,4,6,7,8,9,14,5,6,8,8,7,7,6,9,10,4,7,10,7,9,7,8,11,6,11,12,4,6,4,4,8,11,9,5,6,4,7,3,9,10,10,8,2,3,8,7,8,8,11,15,7,7,7,8,5,13,8,9,9,8,8,13,9,8,13,16,4,7,5,4,10,10,6,8,8,6,11,3,8,7,9,8,12,9,2,7,5,8,8,4,7,17,9,12,11,10,5,15,9,9,10,12,7,9,9,7,6,6,9,8,12,10,7,7,9,6,4,9,9,8,4,2,5,6,9,8,11,9,10,6,13,8,3,5,8,10,12,4,8,3,10,6,6,12,8,6,7,13,7,9,7,6,8,7,8,9,10,14,10,7,7,3,10,13,6,6,9,15,4,8,11,9,6,4,13,5,3,6,7,7,4,12,14,8,8,10,8,11,5,8,11,7,8,7,3,6,12,8,6,6,11,10,14,8,7,5,7,8,10,7,5,7,13,8,9,11,14,7,3,6,11,7,6,12,5,9,4,12,5,7,6,9,15,4,6,11,8,7,4,11,8,6,6,7,8,10,14,4,12,10,13,4,16,7,9,9,8,3,11,9,4,8,10,8,10,7,11,8,6,7,10,7,8,5,11,8,7,9,5,8,12,9,13,7,10,12,6,5,11,10,3,13,8,4,11,3,8,8,6,6,7,11,11,6,9,14,14,9,9,6,9,18,13,8,14,11,6,8.165,14.2698498779275,2.06015012207247
9,9,6,7,7,5,8,10,19,5,11,7,10,2,6,8,8,6,5,9,12,9,14,15,8,13,7,13,7,9,7,11,12,12,5,10,9,14,8,6,7,5,13,5,7,6,4,13,5,7,9,7,9,15,6,5,11,8,8,7,8,9,6,4,6,6,8,6,10,11,4,3,5,11,8,11,3,9,14,8,12,9,6,7,9,8,13,12,16,7,8,10,9,8,7,6,9,8,9,4,7,9,5,3,6,10,6,10,9,11,3,4,8,6,7,10,11,13,9,8,9,9,11,5,11,9,6,5,3,3,9,6,11,15,7,6,12,12,7,6,11,11,9,9,10,6,9,10,10,9,3,5,11,3,13,10,7,9,8,9,7,13,8,13,10,8,9,8,9,9,8,8,9,7,11,9,10,7,9,11,6,8,5,7,9,3,8,5,6,5,9,10,12,5,9,6,8,4,11,8,15,10,6,5,7,9,11,5,13,7,15,5,5,8,8,11,5,13,10,7,2,8,3,11,3,12,12,8,11,7,1,10,8,8,6,8,6,9,8,11,9,9,6,6,4,9,5,6,8,4,7,7,4,14,11,9,3,1,5,6,4,12,9,10,14,6,6,2,11,3,5,8,9,12,6,7,2,8,7,13,19,6,4,5,7,12,5,7,6,5,7,7,10,7,8,11,9,6,11,11,6,6,9,11,7,5,8,5,4,10,14,9,9,6,6,9,10,9,4,4,5,3,6,7,6,8,9,4,10,8,10,7,2,10,5,6,7,8,3,8,8,5,8,16,13,9,6,5,5,6,11,12,8,9,4,15,4,4,5,4,8,11,5,10,6,10,8,5,12,5,10,3,9,9,2,9,7,7,13,8,10,9,9,9,12,5,4,4,3,9,11,9,7,13,6,7,8,10,17,15,6,7,10,7,9,6,8,13,11,7,8,7,6,10,6,10,6,9,13,17,7,5,3,11,6,7,6,6,6,12,9,12,3,12,7,4,7,9,8,12,5,15,12,7,11,6,4,7,9,8,7,5,7,6,7,3,10,9,4,7,10,4,11,12,9,13,4,12,5,10,7,7,11,9,6,6,8,6,10,12,11,10,6,13,6,8,9,7,14,8,8,7,12,10,8,8,4,8,8,6,6,8,7,11,8,5,6,6,7,8,14,9,8,7,12,10,9,12,5,2,14,4,17,12,6,9,7,8,8,7,6,7,8,4,5,8,10,6,16,8,4,7,5,11,8,5,9,10,13,12,6,16,7,11,7,4,5,10,8,9,12,5,7,8,5,5,4,8,6,5,4,12,11,7,11,6,9,7,8,8,5,9,13,9,5,12,5,14,6,5,5,8,8,11,11,11,12,6,13,9,3,8,8,6,8,6,8,7,6,9,10,4,5,10,4,11,12,8,6,6,7,6,13,10,15,11,7,10,6,12,11,11,5,2,13,11,16,6,9,7,7,9,9,5,5,6,10,13,8,8,7,7,6,3,10,6,9,15,11,11,4,7,6,9,7,9,9,7,9,15,14,11,6,8,7,9,9,9,4,8,5,8,8,8,8,7,8,11,10,6,9,7,9,11,12,5,6,13,4,9,17,12,10,7,6,8,8,11,7,9,3,7,12,11,6,8,5,13,3,3,8,7,6,9,12,14,8,8,14,17,7,6,8,4,6,9,4,4,6,8,11,5,10,7,4,4,8,11,12,8,6,5,9,11,9,8,10,7,12,12,9,8,4,11,8,13,3,10,10,5,10,6,6,5,11,11,8,11,7,4,5,6,11,3,10,10,6,11,10,4,13,6,8,10,12,11,8,7,11,8,8,5,9,8,6,9,9,6,9,9,12,6,9,13,10,2,6,5,5,8,9,10,11,6,11,5,4,9,6,5,7,10,10,5,11,7,8,5,5,9,8,8,6,3,8,4,7,7,8,9,10,8,3,8,4,10,12,9,5,3,7,5,12,6,8,12,3,8,12,5,6,6,9,13,7,14,6,6,13,8,4,6,11,12,4,14,6,13,12,11,10,9,9,11,10,6,5,12,7,15,5,6,11,10,6,7,5,6,9,10,8,11,8,6,5,8,5,6,6,10,12,7,10,10,7,6,8,9,3,14,12,10,11,10,6,11,11,9,7,7,7,6,8,11,3,10,5,8,6,3,7,3,4,8,10,8,4,7,8,6,12,6,11,12,10,11,10,5,7,5,2,5,5,9,10,7,3,8,6,7,13,15,4,8,9,13,5,7,8,7,3,7,5,6,10,11,17,10,3,7,8.089,13.9598629108265,2.21813708917354
10,6,5,5,4,7,9,7,8,11,7,9,10,5,6,4,7,12,13,8,5,12,9,9,8,7,9,12,7,8,8,9,7,10,17,5,9,8,8,14,9,12,7,9,12,11,2,9,2,5,9,9,7,10,6,7,15,14,7,7,8,14,6,10,6,8,11,16,11,6,15,7,3,12,6,11,6,9,3,7,10,7,6,10,8,9,12,9,10,12,5,9,6,5,6,10,12,9,12,4,10,9,7,13,7,7,3,4,7,3,8,9,7,15,14,10,5,11,13,9,10,7,10,12,5,8,6,9,12,5,7,8,7,9,6,10,6,14,7,15,11,6,7,12,9,11,7,11,7,7,4,9,10,3,14,8,3,8,8,11,9,10,16,9,8,8,6,10,7,12,8,7,9,6,3,7,7,7,6,11,6,9,12,15,8,5,8,8,5,6,13,3,9,7,10,10,19,4,5,10,6,9,6,8,9,6,11,5,6,10,15,12,6,5,12,10,4,8,6,6,6,8,6,8,3,13,10,2,8,6,5,10,2,11,7,8,7,17,3,7,7,2,8,5,6,6,10,9,4,6,4,9,9,8,12,3,9,11,10,6,12,14,6,4,8,10,15,6,7,9,4,9,14,12,12,6,8,10,5,16,10,8,12,4,4,2,8,8,9,11,7,8,4,4,7,16,5,7,9,7,8,4,10,11,8,7,12,2,10,12,8,5,6,18,8,8,10,5,6,6,7,11,9,8,12,5,7,6,2,5,5,6,12,9,11,8,9,7,4,8,2,8,6,11,7,5,19,2,6,5,6,5,10,3,7,15,9,12,4,7,5,9,5,9,13,14,12,7,9,11,9,4,11,10,5,11,9,10,15,8,12,12,8,6,11,8,7,8,10,11,16,9,12,13,7,10,5,3,6,5,13,4,7,5,13,7,7,16,6,7,9,8,9,8,7,10,7,6,11,13,3,6,4,9,8,8,8,10,5,12,4,10,6,7,7,9,11,13,7,11,5,8,9,13,13,6,8,10,3,9,10,11,9,4,10,9,7,2,8,8,10,10,8,6,5,12,7,14,4,12,12,10,6,7,5,9,9,8,6,11,12,9,7,15,5,8,15,9,11,8,5,9,7,15,8,7,3,3,8,8,6,7,7,2,7,10,7,9,7,14,9,8,4,7,14,8,2,8,13,9,11,4,11,15,5,10,10,8,11,8,9,7,8,11,4,10,14,11,10,10,5,6,10,8,6,13,4,7,6,10,8,13,3,4,9,7,6,12,4,9,12,10,9,4,8,8,7,7,5,8,7,10,7,9,12,10,8,1,8,7,10,5,11,7,9,12,12,8,8,3,7,14,8,4,4,5,13,11,14,8,6,6,8,7,8,7,4,6,8,5,8,11,15,9,8,6,5,6,6,10,5,13,9,8,11,10,7,6,7,17,8,6,7,2,11,12,10,7,12,3,2,9,18,6,4,10,12,10,4,13,9,9,8,9,6,11,9,8,7,7,9,4,11,7,6,6,10,5,13,11,6,15,6,11,11,6,8,9,7,8,13,5,8,7,12,11,7,11,12,9,8,11,11,10,7,5,7,10,5,9,8,8,7,9,9,8,7,9,9,9,8,6,7,7,13,8,10,15,8,7,13,3,6,17,10,7,5,11,13,10,5,7,9,8,15,8,12,9,9,10,6,5,7,12,5,4,11,7,6,5,19,2,9,11,10,7,7,12,13,14,8,8,7,12,10,6,8,7,6,3,8,9,7,6,8,4,4,12,8,6,7,7,6,9,11,5,10,8,4,10,5,10,9,12,6,7,8,6,6,6,5,5,16,14,4,15,13,10,12,6,11,7,8,7,11,12,3,8,8,10,11,13,7,8,7,10,6,15,9,2,8,6,8,9,6,3,6,6,4,11,7,8,10,7,8,7,7,7,10,8,8,9,5,8,5,9,10,6,5,10,5,8,9,7,11,6,10,11,9,12,8,10,9,10,8,9,12,12,6,5,12,5,5,5,8,20,9,9,6,9,3,6,6,8,12,9,8,10,15,15,7,12,8,10,9,14,10,5,9,9,8,5,10,6,5,4,7,3,8,8,8,13,12,9,8,4,4,12,2,11,6,5,4,7,12,8,4,14,9,9,7,8,9,5,3,10,9,11,6,7,7,10,4,11,8,10,5,4,9,9,6,10,5,7,3,6,13,21,9,10,3,10,9,6,5,6,9,9,4,10,13,10,3,12,7,5,5,12,10,11,8,6,8,6,13,2,5,12,6,9,8.288,14.4209044707093,2.15509552929066
9,6,9,6,11,7,5,5,14,4,2,6,15,6,5,9,10,8,5,9,6,11,9,5,10,13,8,7,8,13,10,9,11,7,10,14,7,4,7,7,6,2,8,10,10,5,9,10,9,3,15,13,10,9,6,5,8,11,7,9,3,13,5,6,12,9,10,11,9,5,14,8,14,10,10,15,7,7,12,8,9,7,7,11,16,7,8,9,13,19,5,12,9,10,13,6,11,6,6,11,5,7,15,9,5,8,13,6,7,10,13,13,11,14,3,5,5,12,11,9,6,12,12,7,7,8,15,6,4,8,11,11,9,7,4,9,14,10,12,8,10,9,6,14,6,11,8,8,11,8,3,10,4,6,10,13,5,6,8,8,13,15,3,6,7,2,12,10,13,12,7,7,13,5,4,10,10,11,10,10,9,9,7,10,2,9,15,10,7,7,7,6,6,6,7,8,11,5,6,9,10,8,4,7,10,8,5,10,4,7,16,12,11,7,12,7,6,8,8,12,8,5,5,6,14,8,17,11,11,9,8,7,7,5,7,10,7,7,7,8,5,4,6,5,15,6,10,16,7,4,6,14,11,15,8,9,10,6,13,5,6,9,4,6,8,6,15,9,6,5,9,8,15,6,12,11,5,9,5,8,6,9,12,8,5,14,5,10,14,3,11,3,2,14,13,12,9,3,11,8,7,5,8,5,5,3,9,5,11,12,12,5,11,9,5,5,8,5,12,12,5,10,8,3,7,5,7,7,11,12,12,6,17,7,5,8,6,10,6,6,4,8,15,12,6,8,6,12,7,4,9,11,7,6,10,7,4,9,12,9,4,9,9,6,9,7,6,5,5,12,12,11,8,14,4,9,8,7,7,9,8,16,2,8,10,11,10,11,4,8,8,7,11,7,6,12,8,10,4,11,11,4,13,11,11,7,8,8,14,5,11,7,8,11,14,10,8,7,3,5,11,11,7,13,9,10,14,3,6,8,7,10,6,11,7,7,12,9,8,10,6,4,12,8,5,8,10,10,3,11,10,10,10,13,7,6,9,8,9,5,7,12,9,5,8,7,1,10,13,9,16,6,2,8,6,8,9,6,5,12,3,7,6,11,6,11,11,15,16,7,5,11,9,13,8,11,8,5,3,3,7,10,8,14,5,14,3,10,6,13,8,7,5,3,14,10,4,7,10,7,7,7,9,11,11,15,5,8,13,13,6,8,3,14,14,4,7,7,9,6,7,6,10,5,9,5,7,3,5,8,10,9,5,8,6,12,5,3,5,8,10,9,12,10,9,10,4,5,8,5,13,13,7,8,6,9,5,4,10,6,9,6,5,12,7,11,9,14,10,3,8,10,11,8,9,10,8,10,11,7,9,8,7,9,4,16,10,9,3,3,8,11,8,11,8,6,7,1,8,4,5,10,8,10,12,4,11,3,3,15,12,7,10,5,5,8,10,6,14,9,7,9,3,14,12,12,8,6,11,3,11,3,9,7,12,8,11,5,5,6,8,3,8,13,10,9,3,6,10,10,8,11,15,5,9,6,7,13,6,9,6,4,10,8,8,6,9,11,12,9,5,6,9,7,12,5,11,12,5,10,10,8,6,17,8,5,10,14,13,5,7,6,10,7,9,13,7,13,5,6,9,9,8,10,12,8,3,2,8,9,12,8,10,6,5,7,7,6,5,8,8,7,11,3,12,6,9,7,14,3,4,3,5,11,6,8,8,10,14,13,11,5,3,7,12,19,10,4,8,4,10,4,5,2,14,8,7,10,5,7,6,6,6,12,9,9,13,11,9,3,9,7,6,12,9,7,7,7,7,7,6,8,8,7,9,12,8,10,8,3,14,11,13,10,8,9,6,8,11,9,7,13,10,12,8,8,12,6,11,8,11,14,8,8,9,10,3,4,12,12,11,3,13,7,12,8,13,9,7,4,9,6,3,8,8,6,5,12,9,2,7,8,7,7,10,5,11,10,7,9,9,14,9,7,8,9,5,7,10,7,7,8,10,7,5,14,9,6,11,14,8,7,7,6,10,7,14,17,7,7,5,6,11,9,10,4,8,4,6,6,10,4,11,5,6,8,3,4,8,15,15,9,3,9,8,8,3,13,7,10,10,8,13,5,10,12,10,8,13,13,7,13,13,6,6,6,10,9,8,13,6,7,8,10,5,10,3,11,9,8,7,10,7,10,9,6,10,10,9,10,9,11,4,5,10,9,7,9,7,6,9,8,7,9,11,11,5,18,3,14,13,8,9,10,3,10,12,13,8,6,8.4,14.5887508139072,2.21124918609283
5,4,8,10,15,9,10,13,12,7,9,11,8,4,9,9,4,6,7,3,10,4,4,9,13,7,8,12,10,7,8,12,7,9,11,10,8,9,8,8,11,8,5,3,9,14,8,6,4,13,14,9,8,11,5,11,14,9,4,12,5,16,6,8,4,10,8,12,7,10,9,6,7,12,9,9,6,11,14,11,10,7,6,12,13,4,15,10,11,7,11,7,11,5,14,10,11,8,6,6,7,6,10,7,7,20,14,5,8,8,9,11,9,8,9,9,10,4,17,2,14,14,6,6,7,10,10,6,8,9,3,7,9,4,12,13,15,7,7,11,8,7,5,7,3,10,8,9,11,8,6,7,11,9,10,10,1,4,7,5,13,13,10,8,12,9,7,7,14,11,11,11,6,5,8,9,16,7,9,8,4,8,6,6,16,7,7,7,13,7,4,7,8,7,9,7,10,10,11,14,7,10,7,10,12,5,7,6,5,6,9,15,1,7,10,11,2,13,5,5,4,10,10,7,8,13,11,5,7,6,7,10,12,15,11,7,6,9,3,7,4,5,8,8,6,9,4,8,8,7,6,11,9,10,13,10,8,7,8,8,7,9,4,14,14,7,8,12,15,10,8,5,16,6,9,6,4,16,7,7,12,7,13,10,8,8,5,8,11,7,11,3,8,10,11,12,7,3,11,11,10,5,13,6,7,9,12,7,11,10,7,8,7,15,8,11,12,7,9,7,6,11,9,10,5,8,7,8,6,13,10,8,11,13,10,9,10,12,6,10,12,8,5,13,9,4,9,5,7,4,5,6,9,6,8,11,7,9,6,7,5,9,13,10,6,12,5,7,18,8,8,7,8,9,6,13,14,12,8,9,14,7,11,15,10,4,12,5,4,10,9,8,8,13,10,10,8,12,8,10,8,4,7,6,7,5,13,10,7,11,14,6,9,10,9,6,5,8,9,7,5,4,5,11,10,9,6,13,11,9,7,11,4,9,7,9,11,7,11,6,5,9,6,8,9,4,4,14,6,8,13,7,5,11,9,11,8,6,6,8,13,10,6,13,8,10,5,6,17,11,11,13,10,10,4,10,6,13,11,12,8,8,6,14,5,10,8,10,7,15,10,11,10,11,8,5,7,6,6,10,12,6,17,6,5,11,7,8,9,8,9,7,5,13,10,7,6,7,11,11,6,10,14,10,9,9,8,10,11,2,12,7,6,10,11,15,6,16,11,13,9,7,5,4,11,3,8,13,12,8,8,12,9,6,7,5,4,9,5,4,10,7,13,11,10,9,6,5,13,3,10,9,9,13,10,6,8,3,13,7,11,7,14,9,10,9,6,10,6,9,13,6,3,9,11,9,8,8,6,9,8,5,7,4,13,6,5,4,10,11,7,10,6,10,0,12,10,8,10,11,5,13,12,7,13,7,8,6,10,10,11,5,2,4,8,10,13,7,10,11,5,13,9,7,12,7,8,11,11,12,9,8,5,5,5,7,5,10,12,7,14,7,6,11,7,9,7,7,13,9,9,11,9,11,9,8,3,9,12,7,12,10,5,7,6,7,14,4,10,11,11,10,11,10,9,8,11,8,5,7,8,8,9,10,6,7,4,14,10,4,12,9,9,7,11,10,3,11,13,5,8,8,9,6,15,13,9,6,7,11,4,7,8,9,9,6,9,7,11,10,9,9,11,7,6,3,11,11,13,6,14,6,5,10,10,5,9,8,12,14,4,13,8,6,9,8,9,2,7,6,13,6,6,4,12,8,9,10,7,5,10,10,3,7,6,12,10,4,9,16,10,9,8,11,8,5,8,6,11,10,9,4,9,7,15,8,8,5,10,16,8,7,6,3,16,9,10,9,4,8,5,6,12,7,7,13,8,12,10,10,12,7,9,11,2,7,8,6,8,7,5,5,12,10,3,9,12,1,9,8,14,6,9,9,12,9,7,12,9,7,7,7,13,8,5,12,12,11,10,8,12,10,14,4,5,12,14,3,6,11,10,7,6,11,9,10,4,7,12,11,9,5,7,11,9,13,10,15,12,14,5,7,6,9,7,7,9,4,7,2,9,3,7,8,4,16,13,12,8,9,5,7,8,6,5,11,11,12,3,6,12,10,3,12,6,11,6,11,10,4,6,10,7,8,9,7,9,9,7,7,7,15,12,9,9,11,7,6,10,4,8,9,5,7,7,12,13,11,7,11,4,7,7,5,7,19,7,5,2,12,5,8,9,20,8,13,6,11,13,10,8,8,11,3,10,10,11,18,5,10,8.617,14.6523338924034,2.58166610759664
13,6,6,5,6,4,3,5,11,6,5,7,5,12,9,12,7,12,9,5,9,6,6,9,8,7,9,9,6,15,7,12,13,11,6,10,7,16,3,11,17,7,10,7,11,8,6,9,6,11,8,13,10,8,5,7,11,6,8,18,7,9,4,5,6,15,9,10,7,7,11,9,3,8,9,11,8,7,7,5,9,15,4,6,19,4,16,5,17,5,4,6,11,5,5,9,11,7,7,7,10,10,14,12,6,9,5,8,13,9,6,8,8,8,12,16,9,10,11,10,14,5,18,6,8,8,8,4,10,11,11,7,14,7,6,7,14,20,7,18,11,14,8,10,3,10,10,13,8,13,6,13,6,5,8,4,7,14,13,14,7,12,6,7,8,7,19,6,5,11,8,9,6,7,11,5,9,10,8,4,9,8,8,9,9,4,6,17,7,7,7,8,8,9,7,8,9,8,6,10,6,10,7,5,9,8,7,8,8,8,15,12,9,10,18,6,6,12,10,8,4,11,6,7,12,5,11,5,7,9,6,10,2,10,5,12,10,9,10,9,10,11,8,10,6,1,5,11,7,3,9,9,5,12,10,7,9,10,8,8,12,16,5,7,7,9,7,9,6,5,9,12,11,7,4,9,3,12,8,6,11,6,7,5,7,14,6,4,6,8,6,3,7,4,13,13,9,6,7,10,5,3,5,6,10,9,5,10,9,10,9,6,6,14,5,3,12,6,12,8,6,10,7,10,9,5,6,1,9,9,7,6,10,7,7,10,4,11,7,12,7,5,13,13,17,2,11,4,5,7,4,11,10,14,9,11,5,11,5,2,8,11,5,5,5,7,7,7,9,11,14,5,7,13,9,6,11,7,11,13,12,12,6,6,3,7,6,14,3,5,8,5,8,7,4,14,4,8,8,9,9,7,11,5,12,3,12,11,12,10,15,4,6,7,11,9,11,2,5,8,7,6,7,11,8,16,9,10,7,6,6,14,5,4,7,10,11,10,12,11,5,13,8,14,7,5,13,11,6,11,13,7,14,6,11,2,6,7,8,10,6,12,9,7,7,14,2,5,12,6,8,6,15,5,8,6,13,8,12,15,8,7,9,16,7,14,10,5,15,8,5,5,8,10,14,11,7,3,8,11,5,6,10,8,6,13,7,5,6,4,6,7,4,8,9,16,7,9,8,3,9,9,5,9,10,9,14,10,8,13,12,6,6,13,8,8,11,5,12,10,5,4,8,8,8,8,5,7,5,11,9,6,7,11,4,6,6,6,6,8,9,12,15,10,12,8,6,4,4,8,10,12,9,5,6,10,3,8,11,8,5,4,11,12,6,5,9,15,3,2,10,10,5,4,4,13,10,10,13,6,6,10,4,9,6,14,6,5,8,9,9,11,9,13,6,14,8,9,4,11,12,12,9,8,12,5,9,5,5,13,5,7,4,5,13,10,5,1,14,8,6,10,8,8,9,11,15,10,7,6,8,12,12,8,4,4,10,10,11,11,6,6,7,6,13,4,12,8,14,10,12,10,12,10,9,6,13,9,7,8,9,12,7,9,9,8,8,4,19,10,11,11,8,6,12,6,9,14,9,12,13,8,5,3,6,11,5,4,11,7,6,3,14,10,8,8,5,13,8,9,7,4,8,10,13,9,6,6,10,9,4,8,12,8,8,6,4,8,9,7,9,8,14,3,10,7,7,6,13,8,5,7,5,15,10,10,10,5,12,11,10,11,6,10,11,11,7,4,7,7,8,7,6,8,14,6,8,11,10,6,12,8,8,5,8,2,10,8,5,3,8,5,14,9,8,4,9,8,5,4,10,6,12,5,5,10,3,8,8,5,12,12,13,8,8,7,10,10,12,8,8,12,8,6,10,6,8,7,20,3,13,15,11,11,4,6,11,6,11,7,12,9,8,7,9,9,9,5,6,11,14,10,5,9,5,7,8,5,4,8,3,9,10,10,5,9,10,3,12,9,11,5,8,15,8,9,8,7,12,5,2,10,9,8,8,9,6,3,6,8,14,12,10,14,8,10,7,8,12,14,5,8,11,7,8,9,12,9,7,6,7,9,9,6,8,12,6,7,8,13,11,9,11,4,9,14,7,11,5,8,10,4,13,13,3,13,8,14,14,2,6,6,9,8,6,13,13,11,6,9,12,6,3,9,6,12,7,4,6,8,10,5,12,14,10,11,10,12,6,8,12,5,6,8,15,10,2,13,11,14,10,10,6,11,10,12,9,14,5,8,5,6,10,8,8,6,7,10,9,6,8.47,14.7955232514318,2.14447674856819
12,5,11,7,8,5,6,10,6,13,5,6,7,4,9,5,10,9,5,6,6,8,9,8,6,9,7,7,8,7,12,10,5,8,6,10,7,6,8,13,6,6,13,2,12,9,11,12,9,11,5,11,8,12,9,7,11,9,4,7,7,8,4,5,6,8,10,13,12,8,9,7,4,10,6,16,5,6,8,7,11,9,13,10,11,7,7,4,10,7,4,7,6,9,12,8,5,7,11,8,11,7,10,8,6,15,8,4,7,5,10,8,9,13,7,10,8,12,10,5,10,5,7,8,15,10,11,6,10,6,9,5,12,5,4,16,12,15,7,8,10,4,8,9,16,8,12,9,12,7,6,5,7,5,13,6,7,9,10,5,13,13,9,6,7,6,7,13,11,9,12,8,9,4,8,8,5,8,9,7,12,6,10,10,12,1,15,4,12,13,6,2,7,9,8,0,6,6,9,2,3,8,7,5,7,14,9,8,5,7,12,7,4,8,15,7,11,11,5,8,6,12,9,9,9,9,11,5,5,11,8,13,8,5,4,6,7,11,12,11,4,6,10,9,12,6,7,13,9,3,13,8,8,10,10,9,11,4,12,6,9,11,5,13,10,9,12,8,8,6,4,9,10,10,8,9,5,7,6,10,8,9,12,5,7,11,4,12,8,4,6,6,5,10,8,14,7,7,10,6,9,3,9,13,9,3,13,8,5,11,11,8,14,7,9,12,11,6,6,8,14,12,8,9,4,10,8,7,8,15,11,8,9,11,8,12,4,13,6,15,8,6,9,15,13,10,7,2,6,8,7,9,4,7,3,12,6,4,6,6,10,9,8,11,9,12,8,8,9,7,8,5,3,10,4,10,8,6,11,8,9,8,9,13,6,12,3,7,6,6,7,10,7,15,7,8,12,15,11,13,6,5,12,6,8,7,19,10,8,4,3,9,3,7,4,8,6,10,9,6,6,7,4,13,9,4,15,10,4,15,5,5,5,12,13,10,8,12,7,7,6,12,6,14,9,6,7,11,12,11,9,7,7,11,5,8,10,7,5,6,6,12,4,7,6,10,9,16,11,8,11,7,11,10,9,5,8,8,8,11,6,8,5,15,11,9,6,11,12,8,3,7,11,9,10,11,7,11,13,15,4,6,11,5,9,12,10,12,6,8,9,8,10,11,9,11,7,9,10,9,16,9,18,12,9,17,11,8,11,7,8,3,6,7,10,9,12,13,13,13,5,10,13,8,10,8,8,6,8,8,9,10,9,6,8,15,5,10,3,9,7,10,11,13,4,10,5,11,10,8,11,10,8,8,11,8,11,4,8,8,6,10,9,7,7,6,13,10,8,6,8,6,4,7,11,11,7,6,18,9,8,9,8,3,4,9,4,3,16,9,5,15,8,10,10,7,10,8,3,6,6,12,11,12,10,7,10,8,5,1,8,7,12,5,9,10,12,11,8,11,6,14,7,11,9,7,7,8,9,10,4,13,6,3,7,11,10,9,11,8,9,8,8,5,7,6,9,9,5,10,8,7,6,10,4,9,8,5,12,10,13,7,9,7,4,11,5,11,11,5,11,12,8,8,7,6,7,7,5,13,15,11,10,12,9,12,11,9,7,8,8,5,7,4,12,5,8,14,11,4,14,12,6,13,8,8,9,8,10,9,11,5,7,7,17,8,9,10,11,10,10,10,8,10,10,9,7,9,9,5,10,9,6,12,13,6,6,11,13,9,8,3,7,8,10,7,5,5,6,7,6,10,4,7,19,6,0,14,9,9,9,7,11,9,5,8,6,5,11,8,6,8,3,7,11,11,8,5,2,8,5,5,6,9,8,11,13,8,10,3,13,12,9,12,15,13,2,12,7,5,6,9,9,10,6,8,9,9,3,5,13,13,12,5,7,2,11,6,9,9,8,4,13,3,8,7,8,4,12,10,15,4,7,8,8,8,5,10,4,3,4,8,13,5,10,12,4,8,8,8,15,11,7,5,6,11,11,9,8,13,13,8,5,8,10,12,4,8,6,8,11,8,13,9,6,15,4,12,12,7,7,12,5,8,11,7,5,3,10,10,7,9,11,6,10,9,8,5,13,13,8,10,8,5,15,7,8,10,1,7,12,10,8,3,6,8,6,10,9,2,6,12,6,9,8,9,5,17,4,9,10,6,4,6,7,5,11,8,7,10,1,2,6,12,7,11,8,5,8,5,9,8,8,7,5,4,5,6,3,12,13,12,6,15,6,6,6,9,5,8,11,7,8,10,8,11,13,13,13,11,8.424,14.4209548260418,2.42704517395824
13,3,12,6,4,7,10,7,11,6,2,6,11,7,8,6,8,9,4,4,10,10,3,12,6,13,8,11,9,8,8,13,9,14,11,11,6,8,6,21,8,7,10,7,9,5,7,5,5,8,6,12,8,6,4,5,7,6,10,4,10,17,5,13,8,6,11,14,8,10,8,6,9,11,7,12,5,10,8,12,13,9,5,7,9,5,6,9,10,5,9,6,7,9,8,8,6,8,10,4,16,5,8,10,11,7,12,5,12,6,8,11,9,12,12,9,6,8,13,5,5,7,8,7,10,5,12,8,12,7,4,9,16,2,7,10,11,19,12,16,6,10,7,11,10,8,8,10,9,10,6,6,8,7,9,14,1,9,7,15,3,17,11,11,14,8,9,12,14,10,8,8,9,5,3,7,12,11,5,12,9,9,9,11,4,8,11,7,5,9,8,4,4,8,11,5,14,4,8,8,7,8,7,2,10,11,11,9,7,10,6,11,3,2,14,6,11,8,4,7,5,9,7,8,9,9,14,8,6,9,5,7,8,14,7,11,8,10,5,11,14,11,11,9,7,7,7,10,15,5,7,9,11,11,15,8,11,12,8,7,5,13,3,6,10,6,11,5,3,9,5,9,5,5,13,8,4,9,7,12,12,9,13,4,7,8,11,3,18,4,9,10,12,5,12,12,9,6,8,10,9,12,6,12,8,8,11,7,11,6,12,7,16,11,6,10,8,9,8,8,6,11,12,14,3,8,5,9,3,13,11,6,8,6,6,11,8,12,7,6,8,5,8,10,6,6,11,6,10,9,7,11,7,8,8,15,6,10,9,8,4,9,13,9,6,12,10,9,8,14,8,3,15,10,8,9,8,7,9,7,14,10,8,9,11,9,10,10,3,9,8,4,7,7,9,11,7,10,10,7,9,8,12,12,11,7,8,14,10,8,7,7,10,6,9,4,7,12,8,10,11,11,3,7,9,9,9,3,5,12,5,12,11,16,6,6,13,14,9,7,8,9,7,9,11,9,4,7,8,5,10,10,5,3,10,5,5,7,9,4,10,8,3,12,3,16,6,9,9,11,17,8,5,6,8,4,8,12,6,12,7,3,5,16,7,9,8,11,14,10,7,12,9,18,14,9,5,7,9,9,9,9,7,6,8,12,7,9,4,7,10,7,11,13,15,6,2,10,6,7,9,3,9,7,14,7,8,3,11,9,5,10,4,16,12,12,11,12,9,9,9,9,7,7,5,6,4,2,5,7,9,10,4,4,7,6,3,11,4,8,7,8,10,4,20,5,4,7,8,4,14,7,5,10,7,10,8,8,13,6,6,6,5,10,7,6,8,11,4,6,8,9,7,9,6,6,16,11,9,5,5,13,12,6,11,12,9,8,10,7,8,9,8,7,12,10,11,5,10,9,6,7,5,8,14,5,11,10,10,13,9,8,7,10,9,14,10,5,16,7,3,8,10,10,9,8,10,10,10,11,12,5,2,3,14,9,4,12,8,8,6,9,15,9,7,13,15,7,15,5,4,8,6,7,10,8,14,6,5,13,7,6,6,9,9,7,8,4,7,11,6,9,13,4,10,8,7,14,8,8,20,18,5,8,5,4,6,7,15,4,6,11,10,13,10,13,4,8,6,5,10,7,12,5,13,11,8,9,8,16,9,12,15,10,7,7,6,13,10,11,10,9,10,9,6,8,7,8,4,8,7,5,3,8,11,7,4,8,10,11,9,8,7,7,12,11,5,5,8,6,12,6,8,5,13,8,12,6,6,4,8,9,9,8,15,5,11,7,3,12,13,7,14,10,9,8,7,12,6,8,14,5,6,12,10,7,5,10,14,7,11,7,6,10,8,5,9,7,6,14,7,12,6,6,14,14,10,11,11,7,7,12,4,10,9,10,4,6,10,8,12,6,13,7,11,12,15,5,5,5,16,6,9,8,8,6,7,7,9,6,5,6,7,6,10,9,9,10,10,7,14,7,6,5,5,13,5,5,6,7,5,7,8,2,6,15,12,9,12,6,7,10,9,7,9,10,11,8,15,6,5,2,6,4,8,13,16,4,6,7,6,10,6,13,9,6,12,10,7,9,10,10,10,9,13,7,11,17,7,6,12,11,12,8,11,19,6,12,6,7,15,9,9,5,9,6,6,12,9,11,7,8,9,13,9,7,5,4,11,4,9,8,4,6,6,9,13,15,6,8,8,11,7,9,9,6,4,4,10,10,10,8,7,17,9,13,5,14,3,8,7,11,8,8,14,10,12,14,4,9,8.563,14.8080481916889,2.31795180831113
10,8,7,6,10,9,1,7,9,11,5,7,8,3,14,4,9,13,7,6,8,9,12,7,6,11,8,11,12,8,9,11,10,12,10,9,14,8,0,8,5,6,7,13,7,14,7,12,6,11,8,9,10,10,10,7,10,12,6,9,11,5,8,7,6,15,9,9,15,8,9,8,5,14,9,6,7,8,21,10,4,13,5,12,8,7,9,6,9,5,5,4,8,11,7,5,13,9,8,6,13,6,7,14,9,16,11,10,9,11,6,9,12,7,12,11,11,9,7,4,9,6,18,8,13,8,10,4,10,4,11,11,8,3,7,6,18,14,11,7,8,9,7,9,9,6,10,9,11,10,7,6,6,12,11,9,8,11,11,11,7,9,6,5,10,9,9,11,8,12,15,7,9,6,5,8,10,9,14,11,11,8,9,10,7,9,8,9,9,5,6,6,10,9,11,3,8,7,5,5,8,10,4,5,9,8,11,6,7,13,15,7,6,12,11,12,9,7,3,9,10,8,6,4,13,8,7,10,5,8,6,10,4,8,5,12,8,14,7,11,7,5,12,9,8,7,6,12,12,9,6,6,7,13,11,12,10,5,5,8,9,10,2,6,9,9,10,7,7,6,10,12,10,7,6,6,5,9,6,8,10,11,15,4,2,7,11,8,10,8,8,4,6,8,13,8,13,2,3,7,10,5,8,2,5,4,6,8,9,8,6,7,13,12,15,9,10,7,10,10,8,14,12,12,11,7,4,8,6,5,11,10,9,7,10,8,7,7,6,12,4,13,7,12,12,6,8,4,5,4,10,9,6,4,10,10,5,9,12,11,4,14,10,8,5,8,7,5,8,2,11,6,9,10,6,8,13,11,10,11,12,11,8,6,13,9,5,6,10,8,9,10,10,13,7,2,5,9,7,13,15,4,12,9,9,9,18,6,9,5,8,7,11,12,13,13,5,7,8,8,10,9,5,11,13,8,6,12,9,7,8,11,8,10,9,6,8,8,9,10,7,13,13,7,12,6,13,11,6,11,8,7,11,11,18,10,2,3,12,6,10,10,10,9,10,13,7,15,8,10,10,14,5,7,5,5,6,6,8,16,3,8,3,11,7,13,13,12,7,9,7,9,16,11,10,10,8,9,7,7,6,10,14,13,11,11,10,7,8,5,6,9,6,9,8,18,1,8,12,7,6,3,13,10,6,12,9,9,6,8,11,5,5,7,13,6,11,6,12,11,7,5,7,7,13,6,6,6,8,14,10,11,9,8,9,5,5,10,8,6,12,8,13,7,8,10,5,5,8,4,7,10,13,13,8,6,9,5,9,6,11,5,13,8,7,8,7,17,6,8,9,8,9,8,10,16,13,10,3,11,10,9,6,7,7,11,15,6,8,7,13,9,6,15,6,3,8,6,9,7,12,12,9,6,9,9,11,6,3,8,8,10,12,2,12,9,3,0,13,10,9,20,9,7,10,12,9,12,10,12,13,4,9,7,7,10,4,11,13,10,12,12,9,12,14,5,10,8,12,11,11,13,14,10,13,5,6,7,8,4,5,14,10,6,12,8,6,11,9,7,12,10,12,8,11,10,7,9,6,11,9,7,6,6,8,9,9,10,7,9,6,13,6,6,6,6,7,12,6,8,10,4,4,9,10,7,8,5,9,10,6,7,10,7,4,12,11,4,10,11,9,6,8,5,9,11,4,12,10,5,9,6,4,13,8,3,6,6,12,15,7,16,14,5,9,14,6,4,11,6,10,5,7,5,16,4,10,7,6,8,11,4,8,10,5,11,4,9,5,5,7,5,11,12,8,4,8,11,9,7,8,12,18,7,8,10,7,8,9,4,13,12,8,6,9,11,7,11,7,12,12,9,6,15,10,9,8,9,18,5,9,10,6,10,8,5,5,13,9,9,8,7,15,4,6,8,6,4,8,11,9,12,2,6,6,4,7,15,10,9,5,13,10,8,6,7,11,13,8,5,8,12,13,8,6,3,12,6,9,8,9,13,4,3,5,9,9,5,11,9,12,8,6,11,7,6,12,11,10,7,6,10,7,5,9,10,4,6,15,8,7,3,6,6,4,11,10,8,11,15,12,13,9,6,8,9,6,9,9,9,12,10,6,6,10,10,10,9,11,8,10,11,10,3,7,12,14,14,6,9,7,13,13,8,8,8,5,10,6,9,10,6,8,13,10,8,13,11,9,6,5,12,9,9,12,12,7,12,6,9,11,8,6,14,12,15,3,12,16,12,10,9,12,4,7,5,8,18,1,11,8.671,14.7433183072056,2.59868169279443
13,6,11,9,10,6,6,14,5,6,6,8,5,5,16,9,8,11,11,6,6,7,3,14,14,11,17,10,7,9,8,10,6,11,6,13,9,6,8,11,19,10,7,6,12,12,4,14,11,14,6,12,4,9,7,8,9,13,7,11,8,14,5,5,6,14,9,11,7,8,7,5,1,13,6,5,8,8,11,13,9,15,9,5,15,6,9,6,8,6,11,9,6,11,10,3,11,10,8,6,5,5,11,6,7,12,4,6,12,5,9,6,17,13,2,10,12,7,12,4,11,13,6,7,11,13,14,6,10,9,9,10,6,3,5,6,10,15,11,11,6,12,12,5,8,11,5,10,7,7,6,7,14,6,8,8,3,11,8,9,10,15,7,6,6,4,17,11,15,16,5,8,9,5,9,11,7,6,11,8,6,10,6,13,7,3,3,12,4,9,13,4,7,7,4,6,6,4,2,10,6,9,7,10,6,3,2,4,5,11,11,17,11,11,15,8,8,11,6,10,9,9,10,8,8,4,14,12,11,7,6,10,7,10,8,15,7,15,9,11,11,5,5,10,8,3,4,5,11,5,13,12,7,14,13,12,5,14,9,10,8,12,8,11,9,18,11,8,7,5,6,9,9,5,7,13,3,7,4,8,4,9,12,7,6,5,7,10,16,7,8,7,5,14,14,12,6,7,7,9,9,7,10,5,11,1,10,8,12,8,7,8,7,10,5,10,8,11,12,9,6,8,13,12,10,11,7,6,12,10,5,11,7,14,9,8,8,17,7,9,7,13,13,13,8,5,4,8,7,7,7,11,15,7,5,10,6,9,9,9,8,7,7,5,5,9,9,8,12,12,4,8,3,7,7,5,7,8,8,11,13,11,8,11,12,8,4,12,8,10,13,5,10,12,9,9,11,6,7,11,10,11,6,3,6,5,10,14,10,13,13,6,7,8,4,11,4,8,4,6,7,4,11,10,7,10,13,13,9,13,9,11,6,8,5,10,10,21,8,8,9,6,12,11,7,6,13,11,11,4,6,7,11,9,8,8,12,7,11,6,12,9,15,6,4,6,3,3,9,10,8,4,9,12,5,14,10,12,12,12,5,11,9,15,12,10,7,12,16,15,7,12,7,9,11,9,9,7,17,12,7,8,12,5,9,11,7,4,5,11,4,10,5,6,10,8,8,11,12,12,8,8,10,10,9,8,7,8,8,3,3,8,4,15,8,11,7,12,19,12,8,8,9,12,7,9,7,6,5,14,6,5,5,4,14,5,5,9,10,6,12,7,8,9,13,5,3,9,11,6,4,9,16,14,7,5,9,6,9,8,10,6,8,10,10,11,11,13,7,6,6,12,6,5,7,9,4,6,11,4,8,7,7,5,10,11,11,4,17,9,12,11,5,7,4,8,10,6,3,5,14,9,14,6,11,9,11,6,12,6,10,9,6,4,16,13,10,9,8,7,7,14,9,10,12,13,9,14,5,5,10,11,9,10,8,13,9,7,10,11,9,9,6,6,7,4,11,9,15,4,11,9,10,7,8,6,15,14,7,10,11,11,8,9,8,11,8,14,13,9,11,17,6,6,12,7,7,9,8,6,14,6,7,5,7,12,13,12,9,7,14,6,9,3,12,9,4,15,13,3,4,4,8,5,16,6,5,4,11,15,5,10,8,12,7,9,9,6,10,15,10,4,10,6,11,7,10,4,8,12,8,5,3,12,10,11,9,7,21,14,7,12,4,8,14,12,12,3,6,8,8,9,4,5,11,10,6,12,9,11,12,9,7,7,16,8,11,9,6,15,9,5,12,12,10,8,4,8,6,10,5,9,4,13,6,8,4,5,8,7,14,14,11,4,18,9,9,5,13,7,4,13,14,11,5,10,8,10,16,3,9,4,8,13,4,6,9,7,13,12,8,5,15,4,10,5,9,5,8,13,10,8,6,8,12,6,4,20,3,5,10,9,11,8,5,7,11,15,4,7,11,9,5,11,10,2,11,3,8,9,11,16,9,10,5,10,8,6,8,11,10,3,10,6,7,8,11,13,14,11,7,5,9,8,12,5,8,9,2,7,11,6,6,9,7,12,8,11,10,7,11,8,10,6,7,10,7,15,9,9,7,13,11,7,12,6,5,18,8,8,5,11,9,7,12,7,15,11,6,4,12,6,3,4,12,8,9,8,7,5,9,4,11,7,11,14,8,12,10,6,9,10,2,1,13,11,10,9,3,5,8,7,2,17,7,15,8,11,5,2,8,10,12,12,9,6,10,20,9,13,8.748,15.3354056917232,2.1605943082768
12,5,11,5,6,8,4,6,15,8,4,6,9,5,9,6,10,2,11,11,8,5,9,10,6,13,14,19,10,14,15,13,6,11,10,16,8,8,6,10,19,4,13,7,11,11,10,10,7,10,11,13,4,8,5,7,20,10,5,11,6,8,5,1,7,14,6,17,11,7,12,6,6,8,9,9,6,13,10,16,7,7,10,10,7,5,14,6,9,4,7,9,10,11,8,10,12,9,6,12,14,8,13,8,6,13,10,11,8,12,6,10,15,7,14,7,8,10,14,11,10,9,8,13,13,10,8,8,15,10,7,6,16,7,7,14,18,15,10,8,7,9,13,6,8,11,9,12,13,11,7,10,9,5,12,9,7,12,9,9,6,20,9,11,8,9,8,6,13,14,7,5,12,10,7,11,11,9,14,8,12,12,6,8,11,4,9,10,9,12,7,7,11,9,8,6,14,6,7,7,3,10,7,9,8,11,3,5,7,8,10,9,8,10,20,14,7,10,6,7,4,7,11,8,5,8,8,8,7,5,9,9,10,5,9,9,10,13,8,8,9,11,7,21,10,10,6,8,10,2,16,13,13,7,14,10,5,6,8,7,12,12,4,11,11,5,16,8,4,7,6,8,7,8,12,7,2,7,8,17,8,6,10,8,9,16,7,12,12,4,9,5,7,11,11,12,9,9,7,10,6,6,8,13,15,8,6,8,4,12,9,9,6,14,5,3,11,7,8,15,7,8,12,11,4,6,7,6,6,18,10,4,9,9,7,16,5,6,14,13,8,10,5,12,9,5,10,4,5,9,11,7,11,11,9,13,4,12,7,2,7,12,7,8,4,10,9,7,14,11,8,4,12,6,9,13,11,9,12,11,11,11,14,6,14,13,6,16,7,11,9,4,2,10,3,8,4,16,12,8,10,5,10,6,8,7,20,4,12,10,8,5,13,7,6,10,13,11,3,8,11,7,2,13,10,6,10,9,7,12,4,10,3,8,7,7,13,10,10,5,7,12,8,14,11,6,7,9,5,9,13,13,6,13,10,5,4,12,11,9,10,19,4,3,4,13,7,13,14,11,8,6,14,9,5,11,11,11,8,15,6,9,10,11,14,13,11,14,11,11,5,9,8,12,16,5,9,5,10,7,2,13,13,8,6,8,10,8,8,10,9,7,7,10,15,15,12,7,8,5,8,7,11,16,12,15,11,9,14,7,8,5,7,8,8,12,9,6,7,17,6,6,5,5,9,12,7,4,5,6,12,10,9,6,10,8,4,9,8,10,9,6,7,7,12,11,4,9,5,10,13,14,10,11,10,10,3,8,10,6,5,4,11,10,11,5,10,18,10,1,10,6,5,5,10,10,10,14,16,8,10,14,7,7,10,16,7,8,17,12,12,11,9,13,5,17,5,8,6,10,9,8,11,8,16,11,10,4,4,12,9,12,11,9,10,9,4,5,15,10,9,16,10,5,9,13,11,8,14,12,11,9,6,5,7,10,7,9,10,6,8,7,5,6,7,7,6,10,6,6,8,10,8,16,10,5,7,8,12,6,5,10,8,11,7,15,11,5,16,6,16,11,13,13,14,9,6,10,8,12,8,10,4,7,7,13,9,9,10,5,8,5,10,10,10,8,8,9,11,17,7,8,8,9,13,8,7,15,7,12,10,8,10,9,10,8,7,10,11,4,7,9,8,8,11,11,6,9,16,2,11,3,5,10,7,6,3,6,11,7,7,11,11,8,12,5,8,7,13,6,11,11,11,13,14,7,10,7,8,10,4,8,10,8,12,6,8,7,8,8,13,7,10,13,14,13,12,6,6,6,6,5,10,8,10,12,7,11,11,9,13,21,9,10,8,9,10,8,7,12,6,17,10,8,9,10,6,21,13,6,13,12,14,6,4,3,7,12,5,8,10,5,10,13,7,8,9,3,5,11,15,8,12,6,8,2,10,13,7,14,11,9,8,7,8,13,10,7,10,7,14,5,9,12,7,8,13,5,10,8,8,17,5,11,7,9,12,6,10,10,15,9,4,11,8,14,5,16,17,11,10,8,7,7,6,5,6,7,7,14,5,7,13,10,5,11,8,10,9,10,7,8,9,1,7,10,9,15,2,6,9,7,6,10,11,14,12,12,11,7,12,6,6,10,8,11,12,5,10,13,11,8,4,10,6,5,9,5,8,9,6,7,4,9,5,14,8,10,12,9,8,9,8,7,12,10,5,7,7,11,10,14,7,21,6,23,10,8,5,7,8,10,3,17,9,14,9,12,12,10,9.114,15.7793166926271,2.44868330737293
8,8,2,4,8,7,2,10,7,6,4,11,2,5,12,8,6,8,9,5,12,9,5,3,6,12,8,10,9,6,10,10,8,12,8,15,5,12,6,21,12,6,16,8,8,11,11,7,6,10,6,7,3,9,8,5,10,12,11,8,7,7,4,6,10,13,7,13,13,8,7,6,9,19,8,9,5,10,11,10,13,9,6,13,12,11,12,5,11,11,5,2,9,10,11,6,10,8,10,8,12,14,8,8,7,10,15,3,8,7,11,10,9,7,13,12,9,15,7,10,8,11,16,5,11,8,11,11,7,6,9,11,12,2,10,15,10,14,7,14,10,4,3,12,12,16,11,11,9,10,6,14,14,5,5,7,4,7,7,12,7,15,11,8,11,9,17,11,11,11,8,15,7,5,9,12,12,11,12,8,9,9,9,7,5,7,8,12,6,7,6,5,12,5,7,5,10,8,4,9,5,10,6,8,16,7,11,7,7,4,9,2,5,7,11,7,11,11,8,9,3,11,10,4,7,5,15,7,7,8,5,9,4,11,9,7,10,8,8,13,16,5,10,9,10,7,9,7,6,3,8,9,6,10,14,12,9,9,7,6,9,11,8,5,12,14,8,8,10,5,9,8,11,6,4,8,6,9,4,8,9,10,7,10,9,7,3,6,8,1,7,10,6,10,9,7,6,6,3,5,4,8,7,7,7,8,10,3,10,10,8,14,5,15,8,7,11,9,7,9,10,6,8,11,6,4,7,10,18,9,10,4,11,7,8,12,11,8,5,7,9,3,9,14,4,3,7,5,9,10,8,13,12,8,5,12,6,8,3,8,4,8,13,5,8,14,6,10,7,10,6,5,15,10,13,11,17,3,11,11,12,15,12,14,7,8,12,7,8,8,13,7,10,10,4,9,2,12,8,15,13,8,16,8,8,9,5,10,7,13,10,7,11,8,12,9,9,9,7,10,16,13,6,13,9,5,8,8,6,13,7,10,5,7,13,6,11,10,13,7,2,13,9,13,14,10,13,15,13,8,8,12,9,6,5,12,6,10,14,6,5,8,2,7,7,15,5,10,8,6,13,8,11,11,8,7,10,10,10,15,7,7,4,20,8,8,5,11,12,13,8,11,8,13,11,7,2,12,14,13,5,11,12,12,12,11,8,13,11,10,8,4,8,13,15,13,3,8,4,4,9,10,10,11,12,8,5,5,11,8,17,7,7,19,13,14,8,15,16,5,5,12,9,5,10,9,9,4,8,8,6,4,9,8,5,6,2,8,13,4,7,9,11,12,13,9,5,2,8,3,5,5,10,7,8,3,6,9,12,10,4,4,11,15,11,9,11,12,2,3,8,7,11,8,9,13,12,13,9,7,8,7,9,9,4,11,6,5,5,9,10,21,10,17,6,10,8,7,7,10,14,10,7,6,7,12,12,12,5,10,11,8,5,6,9,12,13,7,6,7,8,9,5,8,9,11,13,15,12,21,8,9,11,5,5,8,8,14,12,5,9,9,9,5,18,11,9,4,7,12,8,7,11,6,6,7,8,6,11,12,12,10,6,12,6,17,8,5,5,8,9,6,16,9,10,6,7,15,11,11,9,17,3,5,7,10,11,8,13,9,5,6,10,7,9,6,5,9,18,8,9,10,6,8,14,7,8,7,10,8,7,10,13,7,10,6,5,8,6,7,6,9,9,8,3,13,8,11,9,6,7,7,9,8,11,10,6,10,10,15,12,9,8,9,9,11,4,3,5,6,12,10,10,5,10,8,5,5,11,10,12,11,10,7,6,6,6,5,5,5,5,12,17,3,7,9,10,10,9,10,11,7,13,10,4,10,10,12,9,5,10,9,12,4,5,12,10,7,10,6,9,10,6,14,15,12,5,8,7,4,8,7,5,6,10,9,7,4,10,7,12,9,14,7,15,12,10,9,11,11,12,6,4,10,5,9,5,8,9,4,1,6,12,11,11,11,5,5,10,7,21,10,10,9,6,8,9,5,8,14,8,12,11,10,6,10,10,8,12,13,16,7,10,7,8,9,9,9,15,7,12,13,12,8,4,6,11,6,12,6,4,12,10,12,6,9,6,8,13,12,6,8,6,11,7,4,9,10,7,7,13,6,4,4,14,9,9,7,5,5,5,8,10,9,8,15,9,8,8,12,3,10,9,13,6,11,10,9,9,5,6,10,13,8,12,12,12,8,9,8,6,12,9,6,14,11,7,6,5,11,10,5,8,14,11,11,5,8,9,10,1,10,4,9,12,5,8,18,7,8,8.801,15.2601618628403,2.34183813715971
13,5,9,9,8,7,6,9,7,8,6,9,7,8,10,5,8,9,10,5,5,5,6,12,8,12,10,3,11,11,11,5,8,11,11,19,7,10,6,13,8,3,11,8,11,11,10,5,10,8,7,7,10,10,6,5,14,10,11,6,10,13,14,4,8,11,7,9,11,11,12,9,3,10,9,9,7,4,10,11,6,10,3,8,10,7,8,4,11,5,9,6,7,7,9,11,11,9,4,9,7,8,13,10,6,9,9,13,12,16,9,15,7,6,11,16,8,9,6,5,8,9,7,16,13,9,20,10,13,9,15,7,11,7,5,12,8,18,9,16,8,9,6,5,14,11,6,9,7,7,7,8,8,7,13,8,4,15,11,12,6,17,10,11,12,7,16,9,6,8,12,2,11,4,9,10,8,8,6,14,8,11,16,9,11,7,5,11,9,7,11,3,10,8,10,4,7,7,8,6,5,10,3,4,13,19,10,5,5,7,17,7,10,7,13,11,7,5,4,7,6,7,8,14,6,6,9,14,6,4,7,14,5,11,7,8,6,16,5,7,13,10,8,8,7,6,5,12,16,6,7,7,10,8,5,15,6,11,5,12,11,13,5,15,13,8,8,11,13,7,5,13,7,11,5,8,6,16,10,6,13,6,14,6,8,11,10,15,10,9,3,6,6,7,16,11,13,10,6,8,13,7,6,7,17,5,9,6,7,7,7,9,6,10,4,6,10,7,12,8,9,18,9,11,5,9,6,8,5,14,10,7,6,11,10,14,5,12,11,10,12,7,5,14,11,4,6,5,11,8,8,8,7,7,5,10,7,13,6,7,4,7,9,9,5,6,7,11,5,14,10,5,10,8,9,4,5,13,8,7,16,9,5,11,15,10,6,9,10,4,9,9,6,5,6,12,5,9,7,8,8,9,8,7,6,4,16,12,12,6,11,8,17,11,8,5,4,15,4,11,8,1,3,9,12,5,7,6,7,14,14,10,9,7,4,8,11,14,6,14,6,9,7,10,7,4,7,11,10,8,14,8,8,10,16,8,4,7,5,2,11,11,8,10,6,11,4,6,16,11,11,14,5,4,9,5,12,8,9,13,13,7,13,15,12,11,8,11,13,10,7,17,9,14,12,9,6,11,7,4,4,11,12,8,12,9,6,9,7,5,6,8,8,9,9,11,11,6,8,10,7,9,4,6,9,11,5,12,6,9,13,8,8,17,15,11,13,12,12,15,7,8,13,8,7,5,3,2,9,5,6,11,10,5,13,10,8,10,9,7,8,12,10,8,6,12,1,10,9,3,7,6,11,4,10,7,13,8,13,7,14,6,8,9,4,10,12,6,4,4,6,10,3,6,6,8,4,7,9,6,6,4,7,7,4,12,4,13,10,10,9,3,7,11,9,9,9,5,7,3,7,10,7,9,13,7,9,8,7,5,14,9,11,4,11,13,7,5,18,11,5,8,9,9,10,8,14,10,11,3,15,4,5,9,9,10,12,7,9,9,6,14,5,8,10,10,10,5,15,10,7,10,7,12,15,12,8,4,11,8,15,13,8,8,2,15,7,9,8,14,14,13,17,9,9,7,10,11,9,8,16,12,6,6,6,10,7,8,10,8,6,11,11,8,9,7,7,11,14,11,17,7,7,12,14,13,11,7,10,9,8,11,6,16,9,7,10,8,8,11,6,9,13,12,11,6,4,10,10,3,2,5,10,14,9,5,8,4,8,17,10,11,14,9,12,8,3,9,14,8,8,12,3,5,17,6,8,7,6,8,7,7,6,10,10,6,10,3,5,11,9,8,10,11,15,13,9,11,4,5,8,11,12,13,9,10,9,12,8,8,8,9,6,5,12,6,5,5,7,7,6,8,7,10,12,10,8,7,25,5,11,10,12,6,9,5,6,6,13,11,10,4,12,9,9,6,12,12,13,5,9,7,8,8,7,7,9,5,4,6,6,11,11,9,7,10,12,6,10,6,15,6,14,5,8,6,11,10,6,12,6,12,5,1,12,13,13,7,8,6,10,6,5,7,9,6,9,12,19,11,9,9,6,8,12,5,12,3,7,11,9,4,9,9,6,7,11,3,11,10,15,14,10,5,5,10,13,11,10,9,13,10,12,6,10,11,7,8,7,14,10,6,6,5,2,7,6,8,8,8,12,13,8,7,7,5,5,8,9,6,8,7,6,12,11,11,9,12,8,5,5,8,12,6,11,12,6,7,4,10,6,10,9,16,5,17,8,6,7,14,13,15,13,7,11,3,10,14,5,9,8.82,15.3266747403091,2.31332525969092
11,7,8,3,8,11,6,11,9,4,9,7,7,5,13,9,8,11,7,8,11,8,7,10,12,11,7,13,11,12,13,12,8,15,10,11,5,6,10,4,1,10,9,10,9,14,11,11,13,7,8,11,9,10,8,8,5,5,17,12,9,15,6,10,6,17,20,8,6,7,11,9,9,7,5,6,6,5,10,13,3,14,1,8,10,3,15,2,9,10,13,9,11,12,9,6,9,11,14,9,7,11,5,10,9,11,6,10,7,6,6,8,6,13,9,7,12,9,3,5,14,9,9,8,17,9,12,6,13,10,11,7,7,5,5,9,19,12,8,9,13,9,7,9,6,12,6,7,6,8,11,8,8,7,15,11,5,12,9,7,5,19,12,11,10,6,17,6,7,9,7,5,9,10,7,12,10,9,8,9,11,13,7,11,9,6,6,11,6,11,6,8,10,7,7,5,13,6,5,8,9,8,4,8,15,6,8,12,9,11,8,5,5,14,15,14,14,5,8,5,5,15,10,7,6,5,6,9,6,10,11,7,6,12,7,14,6,17,10,8,8,12,5,10,6,10,7,11,9,9,9,8,9,10,12,7,8,4,5,6,14,15,6,9,12,2,9,6,7,13,5,10,11,10,8,10,10,8,6,5,9,10,13,8,6,15,5,14,12,4,3,6,9,16,5,16,7,10,7,10,7,8,5,11,14,9,7,6,13,7,6,7,16,9,13,11,9,14,7,11,2,8,14,15,6,8,1,7,9,10,14,20,6,14,12,10,9,12,11,11,7,9,8,14,7,8,12,5,8,4,7,9,11,8,7,8,4,6,7,8,6,7,7,10,13,4,8,6,9,6,9,3,8,10,5,9,15,11,10,3,13,10,13,10,19,10,7,16,3,8,6,6,7,9,9,6,8,8,9,8,10,8,7,10,3,15,8,6,5,10,12,5,5,6,2,14,11,7,5,11,11,8,6,7,10,11,3,12,9,6,6,7,10,13,3,14,9,15,15,10,4,11,8,10,8,5,11,12,6,5,9,9,10,8,8,4,6,10,7,5,11,13,4,10,10,12,4,15,14,10,12,10,12,11,11,7,11,7,10,19,5,9,8,8,8,9,10,7,13,9,11,13,14,12,11,10,5,4,6,5,10,10,9,6,6,11,4,6,5,5,7,8,5,12,7,19,8,13,9,10,10,8,10,16,11,8,12,13,13,5,6,9,10,8,14,13,9,3,11,15,9,10,9,7,7,5,9,5,4,10,11,5,10,6,10,3,4,4,8,9,10,12,13,12,7,7,5,6,4,6,7,10,18,9,10,6,12,4,13,8,5,6,11,15,4,10,9,21,5,6,9,6,10,8,7,15,9,15,9,6,8,12,9,6,6,6,7,9,11,13,8,9,7,11,11,9,11,16,13,12,4,12,10,11,11,9,11,11,5,7,6,11,6,6,12,15,6,15,12,10,6,15,5,5,11,8,7,9,8,9,6,4,8,5,4,7,6,16,16,8,8,11,15,5,13,13,9,7,12,6,6,14,10,6,8,11,10,7,11,7,12,16,14,8,9,16,13,14,10,6,16,12,6,10,12,7,9,10,10,10,10,16,7,5,8,10,9,9,10,5,7,9,5,4,10,6,8,12,8,6,5,4,11,8,11,11,9,9,12,13,5,11,8,8,11,9,4,15,7,18,7,5,6,10,9,8,8,8,12,6,13,9,9,2,10,7,6,5,10,9,9,5,10,8,9,9,8,8,7,8,12,10,12,9,16,6,8,9,10,14,8,11,10,13,12,6,7,13,9,5,11,5,16,9,7,15,8,7,6,8,4,7,10,12,11,4,10,11,7,11,8,8,10,8,13,8,15,9,10,14,10,11,4,8,8,11,9,15,11,9,10,10,6,7,7,11,5,7,7,8,9,10,14,5,3,8,11,8,10,11,8,10,8,9,9,7,11,17,12,8,13,9,7,4,12,6,10,13,7,7,13,11,9,6,7,5,10,7,10,7,9,8,4,6,8,17,6,7,10,11,11,7,11,6,7,8,8,9,10,9,9,6,11,11,5,9,11,4,13,16,10,13,11,6,6,7,9,7,8,10,8,13,10,1,9,10,13,11,7,8,8,7,6,10,7,13,5,11,12,7,12,8,5,7,13,11,10,11,9,12,13,12,7,6,12,11,6,5,8,6,6,7,14,10,8,14,14,8,8,2,9,14,10,12,5,9,7,13,7,5,8,12,6,16,12,17,5,12,11,12,11,11,13,7,6,11,11,22,6,13,9.033,15.449307091645,2.61669290835496
15,5,12,8,16,11,5,9,16,10,6,13,9,5,17,7,4,10,12,9,8,4,8,9,12,10,7,13,7,18,8,10,10,14,14,9,10,5,10,19,14,7,6,5,21,11,11,8,9,11,6,7,6,13,8,6,12,14,9,8,12,9,9,3,6,9,10,11,15,11,9,2,8,16,7,9,10,8,13,11,10,14,11,15,3,9,9,5,18,7,4,6,5,6,7,9,9,5,9,12,9,4,9,8,10,11,11,8,9,7,9,11,11,8,12,10,12,7,11,11,10,7,7,12,15,9,10,13,5,5,6,9,8,7,7,10,12,10,12,14,8,5,8,6,10,10,14,13,10,9,9,5,11,13,10,9,4,10,6,13,9,10,6,10,9,7,9,13,11,10,8,6,5,7,6,8,11,5,7,5,9,12,14,6,6,8,2,12,8,8,9,5,13,8,6,9,10,8,7,11,6,8,7,11,8,2,7,4,8,7,8,6,13,10,14,10,10,9,7,9,6,10,12,9,6,8,18,10,8,9,14,8,7,10,9,13,7,12,11,15,7,15,11,10,9,9,5,4,12,6,17,15,4,14,12,9,7,8,7,14,7,8,7,17,9,10,9,19,12,7,12,7,8,9,13,14,5,3,9,9,8,6,9,6,7,8,11,15,10,3,12,5,8,9,8,7,12,7,3,7,11,7,3,18,9,6,12,10,9,11,8,11,11,9,11,7,9,11,14,13,8,12,12,18,9,12,9,5,9,18,7,8,3,8,14,8,12,8,5,10,4,13,8,15,12,8,6,7,8,7,8,11,9,6,4,10,5,14,11,12,10,4,4,7,10,12,12,6,9,12,10,9,11,9,7,13,13,13,14,10,12,7,11,11,9,14,8,9,8,9,8,8,11,12,9,7,10,8,6,12,11,10,13,12,6,5,13,6,11,17,12,8,5,3,4,17,9,9,10,4,7,7,11,8,11,3,13,13,8,13,8,12,5,7,7,3,14,13,9,8,5,6,4,8,11,14,11,10,13,8,13,13,10,10,6,12,6,5,10,8,7,9,6,17,11,12,9,12,8,8,14,10,7,8,3,11,6,5,6,15,2,12,10,15,11,10,9,5,22,11,9,18,14,8,12,7,10,7,9,9,5,9,15,8,12,12,10,7,5,13,11,6,6,11,7,18,7,4,16,14,11,11,11,10,14,11,5,9,8,5,8,9,5,18,14,9,11,5,11,16,1,6,2,8,9,12,12,6,5,8,16,5,11,1,10,3,3,7,8,6,15,9,7,17,9,10,13,10,7,7,5,13,15,9,10,8,4,9,18,9,9,7,12,13,6,9,12,8,7,5,9,7,9,6,9,8,11,10,9,9,8,10,6,12,13,14,12,5,14,13,8,7,9,8,2,11,5,6,6,2,13,20,16,6,11,9,13,7,5,5,8,13,11,10,10,8,10,10,16,6,10,10,5,11,8,9,10,8,11,10,9,6,14,6,10,15,11,10,9,6,9,11,13,7,5,7,14,9,11,14,6,11,8,12,13,8,10,8,9,13,6,9,10,7,10,11,6,12,22,10,9,16,11,10,4,9,9,9,14,16,12,7,10,9,10,12,5,10,12,8,12,10,6,8,8,5,9,14,17,12,9,8,6,9,11,11,10,5,10,6,9,15,10,9,6,3,7,6,9,8,6,10,12,7,11,14,9,9,13,7,7,5,7,11,8,13,5,8,12,16,7,15,5,8,6,5,6,1,8,6,11,9,8,3,12,13,7,13,6,10,10,10,4,12,9,5,14,11,7,11,14,9,4,14,9,6,7,10,12,8,11,13,5,7,15,13,7,6,3,10,19,10,11,6,12,3,11,8,9,7,10,9,9,10,8,14,6,16,15,3,4,8,12,6,5,7,13,11,7,10,13,3,10,14,9,12,9,5,11,12,17,5,10,10,8,6,8,11,11,6,12,9,8,10,10,15,8,12,9,5,10,10,8,8,8,5,14,8,10,5,9,20,10,5,5,11,10,9,9,7,9,8,9,10,5,11,14,17,17,12,7,9,11,7,9,6,4,5,9,9,8,10,8,5,6,11,8,7,10,12,16,9,16,10,6,10,12,19,10,4,11,14,14,9,8,9,8,11,6,9,11,12,10,3,5,13,11,10,7,7,9,10,3,7,8,9,7,4,8,5,13,6,10,10,7,8,10,9,12,6,12,8,8,9,10,15,5,3,7,7,13,10,12,14,4,16,7,12,4,3,11,5,9,15,8,8,11,15,5,15,9.304,15.9550453839302,2.65295461606982
13,9,8,9,13,4,9,5,10,10,5,10,10,5,9,4,7,12,7,4,9,6,6,14,14,11,8,7,13,10,16,12,10,8,9,13,11,8,10,15,11,3,7,10,10,11,13,4,7,11,6,22,10,8,5,9,6,14,10,15,18,19,6,6,6,10,9,11,17,8,11,7,6,8,11,11,10,6,11,13,6,4,4,10,14,8,8,5,3,6,8,4,7,15,12,4,11,7,6,15,10,8,8,6,7,12,14,8,7,11,12,11,9,15,9,18,9,9,11,5,11,12,11,10,20,6,14,7,8,12,13,8,13,4,11,6,12,12,12,10,6,8,11,10,5,6,4,13,13,15,9,4,4,9,8,8,7,12,10,6,9,13,8,9,7,11,11,3,14,7,8,4,10,11,10,14,11,12,5,9,9,11,8,14,7,9,7,8,12,10,3,4,10,10,5,8,6,9,5,11,7,14,3,12,13,15,9,5,9,7,16,4,8,9,13,10,13,6,6,8,3,8,12,8,7,6,14,6,5,9,5,7,5,10,8,6,4,14,9,13,14,6,4,14,5,10,5,5,18,7,13,13,9,14,17,14,11,6,8,13,13,15,6,16,10,9,9,10,12,5,9,17,13,14,10,8,2,8,6,7,6,9,11,7,12,8,11,5,14,8,11,3,10,10,17,8,9,13,7,2,10,10,10,9,7,7,11,7,8,11,7,9,9,8,8,11,11,6,7,9,13,7,13,11,13,16,6,11,11,10,3,11,4,11,8,9,3,7,13,9,11,8,6,12,12,8,11,2,1,15,8,5,11,6,8,13,9,11,8,7,5,10,8,10,10,13,7,5,13,12,10,4,9,8,8,9,12,9,8,14,10,7,9,13,17,4,13,15,4,15,7,8,7,7,6,5,7,7,6,11,11,11,10,3,6,5,16,14,12,6,6,5,14,9,9,4,12,11,8,9,8,9,8,11,7,5,5,8,11,9,10,17,14,12,9,6,7,23,9,2,8,12,11,11,11,5,10,11,6,6,7,12,5,12,8,12,8,10,8,7,12,8,9,8,6,14,4,11,11,7,7,9,11,8,7,4,13,7,15,15,8,10,6,14,12,11,6,11,16,9,6,8,9,9,15,16,10,6,11,10,4,14,7,12,8,7,7,9,9,7,8,5,11,12,22,14,6,8,16,12,10,8,9,13,14,15,9,8,8,8,7,6,6,16,12,9,11,11,11,9,3,11,10,6,18,13,4,6,9,11,6,5,9,6,13,4,9,7,7,8,6,9,5,7,9,8,6,5,5,6,8,10,19,9,5,7,10,9,10,7,6,10,3,11,14,11,14,12,7,4,15,5,10,5,8,12,12,16,14,13,9,7,6,8,16,16,8,5,13,8,6,14,11,15,8,6,4,8,7,10,9,10,9,7,8,7,10,10,6,8,15,12,5,3,8,9,8,14,9,12,10,11,6,4,9,14,8,10,22,8,11,13,5,10,9,6,10,11,6,9,11,11,2,8,10,10,10,11,12,6,7,12,13,13,8,11,5,6,9,8,10,14,5,14,12,14,7,11,13,9,14,8,14,8,11,5,3,13,10,6,15,13,9,7,8,13,10,2,14,6,9,8,8,7,8,7,9,9,12,6,12,6,14,12,18,15,6,9,10,9,16,6,10,7,12,9,7,9,7,12,1,5,6,13,7,8,12,10,14,6,9,4,13,12,16,10,8,5,3,16,7,12,13,4,6,7,6,8,8,7,15,10,12,8,15,9,9,8,7,12,10,8,14,13,12,7,8,7,6,12,11,9,14,5,9,13,10,3,8,9,7,3,14,6,12,10,8,8,11,4,14,14,10,12,9,11,6,3,13,11,4,7,4,6,7,10,8,18,8,11,10,11,15,8,9,10,13,7,5,8,13,15,11,9,10,9,13,5,9,19,10,8,12,11,8,8,8,9,5,10,6,9,10,9,9,20,9,9,10,5,12,10,10,6,4,8,13,7,8,14,11,10,6,8,14,6,9,7,10,7,6,8,7,8,10,9,10,7,14,7,8,11,9,11,4,8,8,10,7,10,9,11,14,10,7,14,8,8,11,5,11,11,12,3,9,12,7,14,6,7,8,7,12,7,12,15,9,13,5,6,8,6,7,7,5,13,7,12,7,7,10,7,5,9,10,4,8,17,12,5,9,13,9,6,12,15,10,10,9,9,7,4,7,10,11,6,8,7,7,10,8,10,6,23,5,13,12,16,9,7,8,11,7,9,13,13,6,18,6,7,9.277,16.0052706470162,2.54872935298379
14,9,9,8,8,9,5,7,7,4,7,14,9,8,12,8,10,6,10,9,10,8,10,9,9,9,10,10,7,17,8,9,7,7,8,13,10,5,10,16,12,13,9,5,11,7,12,11,18,9,8,11,7,4,6,13,5,16,6,6,4,8,4,10,9,14,14,8,4,5,9,6,11,7,9,11,6,10,11,13,9,9,11,9,14,11,11,5,5,7,10,9,6,9,14,9,7,9,7,12,10,2,14,7,5,7,18,6,10,13,7,10,8,5,9,13,12,5,6,9,8,12,9,10,13,6,12,9,10,3,8,10,11,4,8,10,16,18,10,14,7,6,9,13,8,7,5,7,12,12,5,12,11,4,11,9,7,11,7,13,6,16,7,8,14,9,12,4,14,10,15,9,8,5,5,12,12,9,6,6,7,16,11,13,11,12,9,13,3,14,10,4,7,8,8,6,13,11,10,5,4,8,5,5,9,9,8,9,11,3,16,13,7,9,18,12,9,12,11,15,2,6,6,7,5,7,8,14,2,4,6,10,8,8,5,9,14,16,9,14,19,16,8,12,7,16,7,7,11,3,7,9,6,12,11,11,9,11,10,4,13,9,5,13,13,6,11,9,4,9,5,10,4,7,11,10,4,9,8,3,8,11,13,9,7,10,10,14,10,5,10,5,14,12,16,13,15,10,8,7,9,10,6,8,10,6,8,7,14,10,6,14,10,8,9,7,12,7,4,8,10,13,9,12,6,5,7,3,11,11,13,13,11,9,10,7,7,10,7,11,12,6,9,8,14,5,11,12,9,6,13,10,11,9,6,11,5,8,8,3,10,5,3,7,9,5,7,10,10,15,9,5,9,6,8,9,17,9,9,9,6,13,11,10,14,4,9,16,7,7,12,5,6,7,3,7,4,16,9,7,11,9,8,4,6,12,13,10,5,5,10,4,7,9,8,9,8,9,4,5,13,4,8,12,12,5,9,9,11,15,14,14,5,12,4,8,6,20,9,12,2,9,8,9,8,7,9,7,12,8,18,11,13,7,10,9,4,8,6,5,12,13,7,4,13,16,3,13,15,13,13,10,8,12,9,7,6,12,11,18,11,12,4,12,8,6,8,12,13,12,10,7,13,8,8,15,3,12,11,3,7,10,12,8,14,11,10,7,5,10,6,7,8,10,11,11,7,12,6,7,6,11,8,10,17,11,10,7,12,9,15,9,12,23,11,13,13,10,9,14,8,10,10,7,3,8,2,5,3,15,7,6,12,11,17,4,4,14,10,9,7,9,10,10,3,6,4,7,6,2,14,6,12,6,9,6,10,4,16,7,4,6,11,6,9,9,12,15,10,8,8,5,8,6,11,13,14,8,10,5,14,16,13,7,4,14,2,12,14,7,7,21,7,13,14,12,10,6,7,8,4,12,17,11,12,13,15,8,4,11,11,13,12,3,8,19,7,7,15,11,6,7,9,14,10,6,11,10,11,13,12,1,16,14,3,9,8,5,8,7,9,10,7,7,13,15,13,10,13,8,7,10,9,14,11,12,8,7,9,6,12,10,17,10,5,19,10,5,11,8,12,10,5,10,10,5,8,15,10,9,10,16,7,11,7,8,11,11,9,10,6,8,10,13,10,5,6,11,13,15,12,8,4,6,8,11,11,10,14,9,9,12,13,14,9,9,5,11,9,13,6,6,16,15,10,9,7,11,11,9,14,12,6,8,7,7,8,6,11,7,9,8,9,11,15,16,8,11,17,7,12,13,12,9,15,12,9,10,10,5,5,9,5,11,10,7,11,7,1,7,8,10,11,14,9,15,6,15,6,9,9,8,12,18,4,8,10,13,8,9,9,10,9,9,14,5,10,5,4,3,10,8,10,7,8,10,8,12,18,6,7,10,13,7,4,8,9,10,8,12,8,8,9,6,6,5,9,10,9,5,13,10,14,13,8,10,10,10,10,7,5,3,7,12,7,4,10,2,8,7,10,5,6,7,8,1,12,12,8,15,11,9,14,8,5,10,6,7,7,13,5,10,8,9,6,8,6,10,18,7,7,7,9,5,7,7,9,2,9,16,5,6,8,12,8,12,7,3,16,4,16,13,10,10,8,5,6,9,8,4,16,10,10,12,13,11,11,12,8,8,11,13,11,5,7,12,9,13,5,10,13,6,9,9,11,7,10,7,9,8,5,7,11,6,11,12,11,7,5,8,10,5,5,7,10,11,5,8,11,8,14,6,7,9,6,19,12,11,10,11,6,17,18,7,8,7,15,18,5,4,9.234,16.0154910138384,2.45250898616161
11,9,14,10,9,8,5,3,14,9,3,10,9,8,8,4,9,8,10,10,12,9,6,9,5,12,8,10,6,24,19,11,5,9,12,6,5,8,11,10,13,6,7,8,15,9,13,6,13,6,11,10,9,6,8,6,9,12,7,11,13,17,10,5,12,6,5,11,9,6,5,5,10,7,12,7,10,6,10,8,11,8,6,8,9,8,8,3,8,11,5,13,9,9,12,8,13,11,11,9,9,15,9,6,8,7,11,9,7,8,15,10,6,9,10,14,14,8,5,10,16,13,11,16,14,10,10,7,6,7,10,9,4,4,10,10,21,10,14,9,19,10,12,7,5,16,10,11,9,12,8,13,12,8,9,9,11,5,9,20,8,15,9,11,10,14,11,9,6,14,2,10,10,9,6,8,9,7,14,7,11,10,4,9,11,15,2,5,9,4,6,8,10,6,9,5,10,8,8,8,11,15,7,12,14,8,8,13,11,13,15,7,10,12,17,5,10,6,7,5,8,11,10,7,6,11,12,8,3,10,3,13,7,12,6,9,7,13,8,8,15,4,12,11,3,5,11,4,5,7,11,7,8,6,13,9,8,6,4,7,13,14,9,16,12,10,9,11,17,9,15,18,6,13,6,11,7,13,9,6,10,5,9,6,6,12,13,15,11,2,8,9,6,7,9,10,8,7,14,9,6,15,4,10,15,9,11,6,7,13,12,13,7,10,8,10,9,12,5,16,4,12,9,11,5,5,7,6,4,15,9,4,10,7,13,17,12,11,11,10,6,10,7,10,7,4,7,7,4,7,8,13,11,9,10,12,6,2,8,7,7,8,10,16,9,8,10,11,6,17,7,9,12,17,9,7,13,12,7,9,11,9,7,5,8,9,12,12,6,10,7,12,3,3,7,11,3,17,8,8,11,7,4,8,3,6,11,8,9,10,9,7,14,4,6,8,9,10,4,11,9,11,8,7,13,8,4,8,6,12,10,8,10,9,6,7,10,18,16,8,4,15,12,9,7,10,10,11,9,3,14,9,12,10,9,5,7,4,6,2,6,12,1,10,11,11,7,16,5,8,14,9,14,5,5,7,13,10,8,18,9,11,17,9,5,14,11,9,9,13,15,11,12,14,19,15,7,15,5,2,10,6,12,8,12,8,5,8,5,16,14,9,6,7,8,9,5,13,9,5,8,22,3,13,9,12,11,10,11,4,7,9,6,9,6,12,10,10,12,7,8,10,12,10,12,9,13,9,7,7,12,6,5,3,8,13,6,11,11,3,13,7,11,11,2,10,13,9,6,4,9,11,19,8,8,9,8,4,7,11,11,5,4,9,13,5,12,17,9,11,9,10,4,7,5,10,16,9,9,9,6,12,7,5,9,14,7,6,10,7,4,12,8,12,5,12,8,9,10,8,15,11,10,6,10,9,7,9,7,10,9,13,8,10,11,8,9,5,9,14,9,10,10,15,9,8,5,11,17,7,12,8,12,7,9,10,7,9,9,8,8,6,8,10,3,10,13,3,9,8,3,8,13,7,8,10,9,3,12,14,11,18,5,5,8,11,11,8,11,16,10,13,15,12,12,5,5,8,11,5,8,11,5,10,9,14,8,9,12,8,8,10,18,11,12,10,5,17,10,10,5,5,7,11,17,12,7,10,8,10,10,15,14,7,8,11,8,13,8,7,8,4,11,15,8,5,6,13,9,8,7,6,9,11,8,5,11,4,11,8,11,6,9,9,11,6,7,6,9,4,11,9,9,5,7,7,11,9,9,9,6,10,9,11,10,10,3,9,6,13,10,12,7,10,6,9,5,12,6,7,13,9,12,12,16,12,13,14,7,7,16,9,10,11,18,11,6,11,12,9,12,12,12,10,10,13,9,15,12,4,10,10,12,11,12,9,10,14,7,13,12,10,15,14,8,11,8,7,10,9,13,13,9,9,11,5,5,8,10,8,4,8,11,12,8,12,7,11,14,12,14,6,7,9,14,7,14,14,12,11,6,15,8,6,10,5,4,11,8,9,10,9,6,3,4,13,15,16,17,5,7,12,9,10,5,7,8,7,15,13,11,13,16,12,7,8,6,10,12,14,9,14,9,4,12,11,9,4,6,7,8,7,6,7,5,12,5,10,4,13,10,9,9,8,10,8,6,7,10,17,8,12,9,6,5,11,5,7,8,7,5,5,8,11,12,8,6,8,7,8,15,9,5,8,13,8,7,6,3,10,10,8,11,15,9,11,9,8,10,10,7,11,8,10,14,8,9,13,6,6,9.279,15.8794289919124,2.67857100808763
12,7,6,1,8,9,9,12,13,9,5,13,10,6,13,9,5,9,7,4,6,11,3,8,11,10,10,8,5,12,12,12,8,6,10,8,6,4,8,22,11,6,10,9,17,11,13,10,9,14,4,13,4,9,11,8,4,13,13,14,13,11,11,9,13,15,8,14,7,10,7,5,8,10,7,8,11,11,11,10,5,4,10,14,13,9,13,4,10,7,8,10,9,7,15,5,12,8,14,15,9,8,5,10,15,8,13,4,12,11,9,10,10,8,20,11,12,20,8,4,19,11,8,7,13,7,17,8,8,10,10,8,9,6,13,12,9,13,10,15,12,8,5,7,6,14,6,10,8,8,14,8,12,8,8,9,12,15,5,11,8,6,8,11,12,6,14,8,13,1,6,5,8,10,8,9,9,11,7,10,6,19,8,11,12,9,8,13,11,6,5,7,8,9,8,9,9,5,4,13,6,19,8,8,18,7,11,6,11,3,11,5,7,3,13,4,8,6,8,10,10,13,11,10,4,6,12,12,5,10,13,11,3,11,14,18,3,8,12,10,10,8,10,5,6,8,6,8,10,8,5,9,11,10,11,7,11,9,7,9,9,13,4,7,9,4,9,12,14,10,14,11,9,12,15,12,8,10,5,5,16,10,17,5,8,4,4,18,7,2,3,7,4,11,7,7,12,10,3,6,4,8,6,14,15,8,9,14,9,8,7,8,9,9,18,9,7,7,10,9,9,13,5,13,13,6,7,8,5,10,8,8,5,9,13,8,7,6,18,10,5,11,8,11,10,8,7,12,15,9,7,8,10,11,8,6,5,9,8,10,8,4,5,6,6,6,10,8,10,17,4,5,6,8,12,7,14,11,10,12,17,16,11,11,16,2,11,14,3,12,4,9,15,17,6,7,3,11,9,8,7,7,12,7,4,8,9,7,5,7,14,5,7,8,7,10,10,9,9,10,5,6,15,0,13,4,8,10,6,15,14,10,3,9,4,3,9,18,8,11,5,11,13,9,5,9,9,15,8,5,16,7,8,11,19,8,9,7,9,9,11,12,11,5,10,13,8,10,12,3,15,9,10,13,7,6,9,4,2,16,6,20,12,15,15,13,6,10,14,9,7,8,8,7,10,8,16,3,8,7,3,14,5,11,10,15,8,6,11,8,9,9,3,9,11,16,10,14,12,4,8,10,11,20,14,14,10,10,5,4,7,10,17,12,9,11,7,7,12,9,4,8,9,16,11,8,13,7,9,8,8,11,8,7,8,2,5,9,6,9,10,9,11,10,8,5,10,11,2,7,3,12,10,6,10,16,13,13,14,9,11,6,9,11,6,9,7,10,12,5,12,6,9,6,8,13,7,12,11,13,7,7,7,12,3,8,6,11,10,10,7,9,8,7,4,6,6,9,6,7,10,10,4,7,13,6,10,4,11,10,11,9,3,8,17,13,7,11,7,8,8,17,9,5,11,11,7,6,14,11,12,4,8,13,9,5,15,9,7,6,9,14,8,6,9,6,9,9,9,8,9,14,2,10,8,11,9,9,9,11,9,15,16,10,12,12,3,9,11,7,10,10,15,7,6,4,6,12,12,10,12,11,6,4,5,8,8,9,7,13,8,7,7,10,12,2,7,9,21,9,12,4,8,9,19,12,9,5,8,14,17,7,7,9,13,9,10,12,15,13,10,12,9,10,9,6,7,13,16,5,8,10,4,8,10,3,7,4,6,16,8,16,8,10,8,9,5,2,10,10,15,11,14,9,9,10,13,9,11,9,9,10,4,8,13,5,9,8,11,10,7,8,8,11,9,13,5,10,5,11,14,15,11,10,10,7,6,9,7,7,4,12,6,9,16,11,10,7,11,3,7,5,4,11,10,11,8,12,10,13,7,15,6,4,3,12,16,5,6,10,10,9,11,7,12,8,6,9,11,9,10,14,11,11,6,6,5,16,12,12,8,9,14,7,12,8,10,10,9,13,10,10,8,4,8,8,17,11,11,7,9,7,8,9,3,12,14,8,8,7,11,9,8,12,12,10,9,14,9,11,15,12,5,13,4,9,8,6,7,9,6,12,11,11,4,8,11,5,4,10,11,6,16,7,5,8,10,12,14,4,12,6,13,9,11,15,5,12,9,7,6,11,13,6,15,14,9,11,8,9,16,7,8,16,4,10,12,8,5,13,8,5,6,9,10,12,11,12,14,6,5,5,10,9,11,11,12,15,6,6,8,11,11,12,9,18,9,9,12,12,10,18,7,10,5,13,10,20,6,13,9.279,16.1321041616957,2.42589583830429
8,9,6,8,14,9,9,6,13,10,5,11,14,10,14,4,6,6,11,11,16,10,7,3,9,12,9,7,9,8,11,10,8,10,9,3,7,6,7,13,11,4,9,13,9,7,7,5,8,14,14,17,10,11,6,13,4,11,14,12,14,12,9,7,12,10,7,11,10,6,8,10,6,7,9,8,12,9,15,9,7,4,5,12,6,3,9,7,7,11,5,10,9,6,11,10,8,6,12,16,13,10,13,12,10,9,15,7,6,10,7,13,9,6,10,13,14,9,10,4,16,9,11,8,14,8,11,9,7,1,8,7,3,4,9,6,13,7,12,10,9,8,12,10,9,6,10,13,14,9,11,7,3,6,9,7,5,8,10,16,11,11,13,6,10,3,8,2,14,13,8,6,7,11,9,11,9,5,8,8,8,16,8,12,9,4,6,16,12,11,3,10,10,11,6,11,7,13,9,8,5,7,6,9,17,8,4,8,8,13,17,5,8,8,9,9,11,10,9,10,8,7,9,7,4,6,6,8,4,8,11,9,5,9,6,11,7,9,10,9,11,6,9,11,4,9,9,3,13,13,3,12,6,10,12,15,11,5,6,14,6,9,6,9,8,10,8,8,12,10,7,13,9,11,11,11,5,7,4,5,4,11,9,12,6,12,10,8,12,5,8,3,11,13,15,11,13,7,8,8,6,9,12,7,9,9,6,6,12,9,11,12,14,8,8,6,12,12,7,16,14,13,10,21,5,6,6,6,7,15,8,8,4,11,10,6,10,12,8,9,5,13,12,13,17,10,8,8,5,15,12,9,7,3,9,13,7,8,5,8,2,5,7,4,10,8,6,10,9,8,20,5,9,15,12,7,13,17,13,17,14,9,12,17,15,5,6,8,7,7,8,7,11,6,10,15,6,12,7,12,11,12,8,8,10,11,11,8,11,14,10,10,9,10,5,10,12,9,11,8,8,11,10,11,8,5,13,12,14,11,6,8,5,11,2,6,6,13,10,6,4,10,8,5,8,7,7,11,9,8,9,8,6,7,6,14,2,14,9,7,8,16,8,10,9,14,7,10,12,4,6,9,12,12,5,11,11,6,5,11,7,16,7,14,18,7,6,10,16,6,8,11,13,7,10,10,9,8,7,8,5,12,14,6,12,9,7,10,9,8,9,9,8,5,9,12,8,14,10,9,8,4,11,16,6,15,9,11,6,5,12,9,8,15,10,15,11,8,9,14,5,10,11,6,6,8,6,6,6,7,8,7,12,5,7,8,9,11,14,13,16,10,11,8,6,13,3,8,4,6,5,11,16,7,9,10,5,10,9,7,6,2,14,16,7,6,8,6,10,5,12,15,4,6,7,10,12,9,15,9,9,9,13,9,15,11,9,8,8,12,12,8,9,5,12,4,7,15,11,15,14,12,9,9,7,11,9,6,5,5,10,11,11,6,13,19,7,10,14,8,10,21,8,6,3,12,15,8,11,7,6,9,14,8,3,10,9,17,11,8,6,11,4,7,10,10,10,12,4,11,11,10,7,11,11,4,10,6,9,5,6,16,5,13,11,12,9,11,8,14,9,14,8,6,8,8,10,12,10,8,13,12,6,7,5,8,9,13,9,9,12,6,7,8,9,5,7,11,5,10,6,9,10,11,8,5,15,10,12,11,7,8,13,12,10,10,13,12,8,15,4,10,13,14,10,11,4,16,6,13,6,7,10,8,10,12,8,9,11,13,7,11,10,6,5,12,6,8,9,6,7,9,8,13,22,8,7,7,9,15,8,4,10,7,6,6,11,5,7,8,7,12,10,10,8,11,12,9,8,8,10,11,11,9,7,8,14,6,10,9,13,13,10,11,8,6,6,6,16,4,12,13,11,5,8,11,11,18,12,10,5,6,11,6,10,5,9,9,7,12,8,4,9,9,12,11,10,4,11,8,6,8,9,11,6,10,6,11,13,9,3,3,10,5,7,10,13,5,6,8,18,10,8,4,12,2,10,7,6,10,10,12,6,6,5,11,6,6,13,11,6,4,5,8,6,8,8,12,12,9,8,6,11,10,2,8,8,2,14,21,12,9,8,16,6,11,9,7,12,13,9,6,8,13,8,10,7,13,7,4,15,11,15,9,15,15,9,8,8,7,11,7,7,7,9,13,12,13,15,10,15,14,5,4,13,9,7,5,11,7,14,5,11,12,10,10,8,10,6,9,11,7,6,13,13,10,6,5,7,8,8,13,10,22,4,14,11,12,8,10,15,8,16,16,8,10,8,15,5,14,9.231,15.7329565533323,2.72904344666765
12,7,12,5,10,8,6,12,12,7,9,9,12,8,13,9,7,7,11,2,15,6,7,6,8,17,11,13,7,5,9,14,7,5,4,9,14,11,11,17,10,5,9,6,19,12,9,9,10,8,7,7,7,14,4,10,11,14,10,6,10,20,5,7,11,10,15,7,9,7,10,6,9,7,7,8,7,6,9,11,5,7,5,9,13,14,7,7,6,6,2,11,5,7,17,12,9,15,11,14,6,5,11,12,6,9,13,6,9,6,8,11,7,9,14,10,11,8,10,7,10,11,8,6,16,5,11,8,9,8,16,8,10,3,8,8,20,15,13,7,12,9,11,7,8,9,7,8,13,9,10,8,8,11,9,10,5,6,6,13,11,10,4,7,8,5,18,9,8,6,13,6,10,9,8,4,10,13,8,12,5,17,15,12,12,9,4,11,9,8,8,6,9,7,5,7,6,6,6,5,5,6,4,13,17,10,10,11,8,4,17,13,4,10,11,9,11,12,7,13,6,5,8,10,11,11,15,11,4,8,7,11,8,9,6,8,6,11,8,14,13,10,14,9,12,6,6,7,9,8,12,13,6,12,10,15,10,10,7,9,7,4,10,17,13,8,8,7,14,9,13,12,9,12,11,7,9,10,4,8,13,10,12,8,8,6,7,14,12,3,10,7,12,9,14,9,10,9,6,6,7,6,14,11,14,4,13,7,13,4,15,8,4,12,13,6,12,8,5,15,10,12,9,12,7,4,11,5,4,12,12,14,5,4,14,4,6,8,4,14,5,16,13,6,11,8,14,11,5,14,12,10,11,8,10,9,7,7,13,9,12,11,8,9,10,6,10,4,9,14,8,5,9,8,9,8,9,6,9,16,9,6,4,8,17,9,15,14,5,10,6,11,11,8,5,4,5,11,13,11,10,17,7,12,5,10,13,6,8,13,10,8,8,11,7,5,10,6,4,4,9,10,8,8,9,4,9,10,6,5,6,10,5,10,5,3,10,18,14,12,5,8,9,13,7,5,5,14,7,8,9,10,10,9,14,10,4,10,8,5,10,8,5,7,12,12,8,7,17,11,12,8,9,9,1,8,11,13,13,19,6,16,15,12,8,9,7,13,15,12,9,8,9,15,15,19,4,10,7,7,8,15,8,8,6,6,9,5,3,13,6,8,8,14,12,22,8,11,2,10,8,5,7,11,16,13,13,8,7,6,12,7,8,18,14,13,11,4,12,12,6,9,10,12,1,9,13,5,8,7,8,12,7,10,9,6,6,7,3,8,14,12,10,12,8,8,6,12,6,6,11,7,11,11,14,13,6,5,12,10,3,11,12,13,7,11,9,8,11,6,10,9,11,9,13,6,9,12,15,7,8,10,9,8,8,18,7,7,12,19,6,12,5,13,8,6,7,12,4,6,10,10,9,9,9,9,10,13,5,6,16,15,9,5,9,12,4,10,14,9,5,13,5,9,7,11,13,10,7,7,11,9,13,8,12,9,10,9,11,7,12,7,15,8,6,15,10,7,10,10,11,10,10,8,8,12,9,10,8,14,10,12,5,3,11,19,8,7,10,4,11,14,6,12,11,8,7,11,9,12,10,17,10,4,12,9,9,13,10,7,6,5,6,11,9,6,6,12,10,6,5,8,13,5,11,6,10,7,13,14,8,10,7,8,9,8,7,5,10,7,2,9,7,19,9,11,10,10,9,9,5,9,6,7,8,11,5,8,8,8,11,11,10,6,11,8,11,6,10,5,14,11,14,2,12,10,9,8,6,13,13,9,10,14,10,6,15,6,5,11,11,9,5,9,10,13,7,13,6,9,4,9,10,14,9,9,8,12,10,10,8,10,4,8,15,6,11,7,13,4,8,9,6,8,5,10,6,14,8,4,7,7,9,13,5,12,13,7,9,14,9,6,14,7,7,7,6,7,16,10,9,13,9,19,12,7,11,7,10,10,7,13,7,8,4,8,11,6,8,6,15,7,18,6,10,7,12,10,12,10,10,11,5,6,8,16,6,14,8,14,4,10,8,4,4,8,8,15,13,6,3,4,8,7,7,13,10,5,13,13,7,9,11,6,9,5,4,10,15,14,12,10,6,10,6,6,11,8,6,7,14,16,6,9,8,9,13,7,9,8,6,7,10,14,5,11,7,9,8,11,14,14,8,7,14,12,8,7,6,11,12,14,7,7,13,9,10,5,10,7,10,6,7,9,19,8,4,8,10,12,5,10,7,13,6,16,10,14,12,5,5,11,5,7,5,7,3,9,4,11,9.218,15.7960530998301,2.63994690016992
10,10,8,10,9,3,6,6,13,7,10,14,11,6,5,1,6,13,13,5,9,5,6,5,8,9,9,9,10,13,14,12,7,10,6,13,4,12,7,11,9,8,8,4,18,11,17,11,12,4,5,12,8,8,11,6,12,9,11,18,13,15,10,13,4,10,9,9,7,8,6,2,10,9,14,9,12,4,12,13,11,9,11,8,11,12,8,5,4,4,2,8,3,10,10,10,4,6,7,6,3,7,10,19,10,8,15,5,10,14,5,5,5,6,19,8,8,8,9,7,21,7,14,7,11,3,15,9,6,14,8,10,9,10,10,15,10,19,7,13,14,4,6,11,7,7,11,13,15,9,9,7,14,9,11,5,17,13,8,12,10,10,13,13,11,11,16,6,13,11,11,10,16,18,14,10,11,13,10,5,3,8,12,7,7,9,8,9,8,12,5,8,7,9,8,6,11,14,3,7,12,12,5,7,14,11,9,10,11,11,9,9,8,8,13,13,10,9,3,11,7,6,11,10,13,7,9,8,10,3,10,11,7,9,7,7,5,16,11,14,14,9,7,11,9,16,6,4,10,13,6,8,14,9,9,9,6,7,5,6,13,14,6,10,9,5,7,14,4,12,8,15,8,6,12,9,8,15,7,4,12,15,14,10,8,4,10,18,10,3,12,6,8,7,9,9,7,16,12,10,9,19,13,10,11,4,7,3,14,9,9,8,7,8,9,5,10,5,5,8,12,12,11,8,8,12,8,6,7,12,9,12,7,15,15,11,4,9,14,11,17,8,9,14,17,9,9,9,12,23,9,10,16,10,11,7,8,9,14,5,5,2,6,8,11,9,9,12,14,16,10,5,10,9,6,9,12,12,2,13,13,10,10,10,17,7,13,16,5,11,13,9,8,6,5,15,3,17,8,7,12,7,12,7,6,4,7,11,4,9,10,5,7,13,2,9,9,12,4,3,12,11,7,10,10,8,7,8,5,7,7,8,8,5,6,8,10,8,11,14,9,12,8,8,8,8,7,9,11,4,10,10,5,9,15,7,7,4,7,10,11,14,7,11,10,11,2,11,15,10,16,13,10,8,4,9,11,6,9,9,10,10,9,9,9,10,12,12,12,16,12,9,10,6,14,13,8,10,9,5,11,9,11,3,10,11,5,10,7,14,12,9,5,16,13,6,9,10,15,9,11,15,4,13,10,11,11,5,9,9,12,16,6,12,9,13,10,8,13,12,5,7,6,13,10,4,7,5,4,12,12,8,8,9,11,13,9,10,7,8,13,11,10,9,6,7,9,4,4,5,7,3,19,15,7,8,13,6,4,8,7,3,5,6,16,13,11,17,9,5,15,3,10,8,7,13,17,15,12,9,8,13,8,11,17,9,9,10,8,7,9,14,6,12,4,13,6,2,9,11,12,13,10,12,14,7,18,7,8,9,6,12,10,8,12,11,9,14,7,16,12,10,10,16,4,8,6,6,14,9,14,7,11,6,11,8,13,7,10,7,9,11,10,10,6,7,15,10,14,9,7,11,10,15,8,10,9,4,10,8,8,8,16,14,7,19,7,13,14,14,9,7,10,12,12,7,8,18,9,6,9,8,5,5,12,4,8,13,8,15,11,5,13,9,5,10,4,5,11,9,8,7,6,10,9,10,15,10,11,11,12,10,7,12,9,5,8,16,12,16,5,8,10,15,8,10,6,11,13,5,4,9,8,14,11,3,7,5,10,10,8,9,6,6,8,9,3,4,15,9,12,11,6,10,13,8,13,8,10,11,10,7,4,9,11,2,11,3,6,8,8,6,2,10,8,9,5,10,9,10,8,6,17,12,10,10,9,11,11,5,15,13,10,8,12,9,9,5,9,7,6,11,8,12,10,5,15,12,18,13,6,11,10,7,9,7,10,6,9,7,9,11,12,10,6,7,13,12,8,10,10,9,17,6,4,9,12,16,13,8,8,5,13,10,9,7,13,19,14,9,12,11,8,12,11,7,17,9,6,11,13,9,10,6,9,8,6,5,5,10,11,9,9,9,10,7,18,8,14,12,7,7,9,11,11,5,10,6,11,9,9,7,7,7,9,11,8,5,17,11,8,11,11,11,15,9,14,11,13,5,6,14,4,5,8,9,9,10,9,5,11,6,6,13,13,7,4,8,13,15,4,6,5,8,9,8,5,8,6,8,14,10,10,10,11,12,12,11,12,5,13,8,5,3,14,5,18,9,5,9,8,9,6,14,8,7,15,7,8,9,10,12,8,10,7,11,5,16,4,9,9.406,16.1920032318193,2.61999676818068
14,7,7,12,5,11,11,7,12,8,8,7,12,8,23,4,10,6,10,7,8,9,8,10,11,11,8,9,7,9,13,7,9,9,12,6,11,8,17,17,13,12,11,6,12,13,13,9,10,12,9,13,7,8,11,11,6,10,8,11,6,13,6,9,9,14,8,14,10,7,4,7,6,11,11,11,8,7,8,13,11,8,7,11,7,5,9,6,6,7,10,5,6,5,14,5,11,16,13,8,8,18,7,6,12,7,13,6,11,8,12,13,8,8,10,9,10,11,9,8,16,13,5,8,12,15,10,10,11,12,9,6,5,5,10,10,10,11,5,15,15,5,8,8,7,7,12,5,12,14,14,10,10,7,8,9,7,9,10,7,11,12,3,9,13,3,9,4,12,13,5,11,8,10,6,8,11,11,16,16,11,22,10,8,9,11,4,10,8,7,6,9,11,6,8,16,7,10,10,6,6,13,2,16,10,14,7,13,7,4,17,14,7,9,12,5,7,8,8,7,17,10,5,4,6,7,11,12,3,11,18,7,11,10,8,15,6,11,11,8,10,17,14,9,11,8,6,9,13,12,13,10,4,9,10,8,14,7,10,8,9,9,8,6,13,12,12,17,11,10,10,9,13,13,15,5,12,10,8,6,7,9,9,14,8,6,12,7,11,4,10,10,12,7,11,7,13,11,10,7,9,10,9,11,14,11,17,16,4,16,12,8,9,9,3,7,12,10,10,10,6,10,9,12,9,8,4,11,6,12,8,8,9,13,12,11,10,12,6,14,9,7,7,10,15,8,8,9,8,10,3,10,10,10,11,12,10,9,14,8,3,5,6,11,8,6,13,4,11,18,8,7,9,7,9,6,19,12,8,16,8,15,9,5,5,6,11,13,9,11,12,4,5,9,6,8,8,9,2,9,13,9,11,7,7,14,14,6,4,10,13,10,10,7,6,4,12,8,11,15,7,8,9,9,11,7,14,8,12,16,13,11,9,11,8,6,5,18,10,5,6,11,10,11,8,5,3,12,10,8,17,10,14,11,20,7,9,5,9,9,9,10,3,6,11,13,6,13,13,10,12,4,7,6,10,12,8,5,9,17,9,20,12,12,11,8,6,14,10,10,2,12,17,11,7,9,10,8,11,8,6,5,12,10,11,15,10,8,8,6,8,7,3,7,16,7,11,10,8,5,10,9,12,12,8,7,8,13,7,6,8,9,5,12,19,11,11,10,3,16,7,10,10,15,12,3,12,13,6,8,10,7,5,7,13,4,6,11,8,11,12,5,2,9,11,7,10,13,7,7,11,13,15,7,12,11,6,7,9,10,8,7,3,10,10,7,14,9,9,7,11,6,6,7,9,12,5,9,8,11,12,13,6,10,6,8,5,6,13,18,8,10,5,12,3,11,11,8,6,13,9,5,12,11,12,6,14,5,4,7,9,13,7,9,11,13,8,7,21,11,9,15,15,6,4,10,7,9,15,12,13,12,7,7,12,8,8,12,10,9,6,15,6,13,8,10,8,8,7,9,2,10,12,9,9,17,8,8,5,11,7,11,14,5,10,13,4,7,15,7,10,12,11,9,10,9,5,14,11,12,11,11,7,5,11,12,9,13,15,15,9,7,11,8,3,8,6,9,14,10,17,11,9,10,7,6,11,8,12,10,8,8,16,5,3,10,11,11,10,13,9,15,14,11,7,6,9,12,6,14,12,8,7,4,13,7,4,6,7,9,9,10,12,4,11,14,9,10,12,7,10,13,18,9,11,6,10,7,7,10,7,12,7,8,10,5,5,5,12,12,9,6,7,8,10,8,5,14,5,7,8,5,12,16,12,7,6,7,12,7,14,15,6,9,9,6,5,12,4,4,8,16,5,10,10,13,13,13,8,9,6,13,11,11,5,10,10,5,10,14,11,6,6,9,7,5,7,2,10,12,12,13,10,14,8,5,9,9,22,9,7,10,11,9,9,6,8,9,14,13,11,9,6,6,4,7,9,9,11,6,13,11,10,16,10,9,6,6,8,10,7,9,7,5,12,10,9,10,14,13,2,10,10,8,8,6,15,7,6,12,10,15,10,8,10,9,2,7,9,12,8,13,10,6,8,7,13,11,10,12,12,15,8,8,6,8,9,10,3,14,4,10,7,15,18,11,12,7,11,11,16,5,10,18,10,18,9,10,5,15,11,8,11,11,18,9,10,12,10,10,11,8,10,6,13,11,5,8,5,16,10,12,11,14,6,15,10,7,10,6,10,11,8,6,9,13,7,16,3,6,9.48,16.0694788710331,2.89052112896689
7,9,4,5,13,9,9,9,12,13,8,10,11,7,11,4,8,10,16,7,10,10,8,6,2,15,8,9,3,12,15,15,15,8,9,9,6,11,7,10,10,4,15,11,21,10,9,8,17,8,9,8,7,10,11,11,7,14,11,13,8,7,9,14,11,8,9,15,3,8,7,10,5,10,8,16,6,11,16,11,7,13,5,12,10,10,10,3,5,6,4,5,7,3,15,9,9,11,16,10,11,8,10,14,5,15,7,7,6,16,10,16,9,3,14,15,14,8,7,8,17,10,7,8,14,6,12,7,9,6,7,9,7,7,9,9,13,13,8,12,12,5,13,8,9,13,4,7,16,7,9,9,11,9,9,9,9,9,12,7,13,13,7,15,7,7,10,5,12,9,10,10,7,10,11,8,11,6,4,8,13,17,9,12,7,9,5,10,16,5,5,12,10,8,7,14,6,2,7,4,6,6,5,9,8,10,9,6,12,9,10,7,5,11,16,8,6,15,7,6,8,12,8,13,6,1,7,10,7,10,4,13,3,16,10,10,7,13,11,14,13,10,10,9,9,6,2,2,12,4,8,8,9,10,6,7,13,12,9,13,6,10,9,8,8,5,9,8,10,11,5,7,7,11,12,10,7,8,11,6,15,9,11,8,8,8,11,16,10,4,6,8,13,8,14,8,14,12,9,7,2,16,11,10,5,6,7,3,7,7,10,15,8,12,14,6,11,7,4,16,2,12,11,13,6,5,11,3,8,8,9,9,6,6,13,12,12,8,14,11,7,13,8,13,16,6,7,9,8,9,12,9,10,8,6,5,5,7,13,9,11,12,7,8,14,5,5,6,7,14,13,6,14,18,15,12,9,9,11,11,9,11,9,15,13,9,4,5,6,11,11,6,7,10,4,6,4,12,8,5,10,8,10,10,5,10,10,7,8,12,9,7,11,11,4,7,10,14,10,3,7,4,7,7,9,7,5,10,9,13,8,15,6,5,2,10,6,11,7,9,7,12,6,10,6,6,11,10,5,5,15,6,8,7,11,8,8,4,11,9,12,20,5,11,9,8,8,8,11,5,14,13,12,11,4,7,10,9,10,13,8,17,19,16,12,10,8,11,8,12,14,5,7,5,5,6,11,9,14,9,10,14,6,13,9,4,7,6,11,10,9,9,8,13,13,4,8,11,9,11,11,6,10,14,10,18,6,11,5,5,7,10,12,14,10,15,6,13,9,14,10,12,8,9,10,7,12,11,9,6,15,11,8,6,6,9,9,10,7,8,9,12,6,9,7,15,10,10,3,8,8,10,9,3,13,11,13,11,3,7,8,5,10,10,7,6,14,3,7,6,13,17,8,8,9,8,9,12,8,10,9,12,4,10,9,10,8,11,8,5,11,10,8,15,8,8,6,7,4,14,10,8,11,11,12,8,11,10,3,5,7,20,6,9,10,15,11,7,17,11,6,5,6,5,10,7,8,9,8,9,7,8,14,13,7,7,8,12,9,8,6,10,5,9,8,11,11,7,15,7,8,11,4,15,10,11,11,8,11,10,10,15,11,5,11,7,12,10,4,13,10,12,16,16,3,6,9,17,11,14,7,14,6,12,12,11,7,12,9,15,11,8,7,15,9,7,2,8,11,9,8,12,5,11,13,9,12,12,8,12,16,9,11,7,4,6,13,16,7,21,6,6,10,12,12,9,4,8,15,12,6,10,7,8,7,5,9,2,8,14,13,11,9,12,18,11,5,2,17,6,8,6,11,5,14,11,10,2,7,9,14,7,10,12,8,3,17,7,4,9,11,8,4,8,8,10,9,9,6,11,10,11,13,5,7,9,11,12,4,3,12,9,4,10,7,9,11,10,9,6,6,11,7,10,7,15,6,13,12,7,7,12,9,7,9,7,5,5,8,17,11,17,9,6,6,3,9,3,11,10,11,12,10,8,10,8,7,11,11,12,5,6,15,6,8,8,19,11,15,9,13,7,7,7,11,10,7,8,12,11,8,8,10,4,6,8,16,6,7,8,5,11,6,12,6,9,11,9,14,5,8,6,12,12,8,6,11,3,13,9,5,13,7,16,7,9,8,9,12,9,6,14,4,8,9,12,8,13,10,6,8,15,14,9,7,12,14,15,11,4,10,12,13,11,10,16,12,13,8,11,10,14,6,17,12,11,10,10,9,11,7,13,12,11,17,7,8,9,15,5,14,5,13,8,8,12,5,13,3,13,8,10,11,13,9,14,13,12,3,6,15,17,9,12,8,11,11,16,10,11,9.328,15.9867976160333,2.66920238396666
8,6,7,7,13,11,3,11,15,12,7,12,8,7,12,11,10,9,8,6,14,2,7,10,8,17,10,10,10,12,10,8,7,8,12,6,8,7,10,13,10,9,11,2,15,7,9,10,6,8,12,11,9,11,4,12,7,9,9,8,14,13,10,12,8,11,7,9,11,9,2,8,12,8,10,7,12,8,9,9,6,10,11,8,8,8,5,11,8,9,7,9,10,8,15,12,10,10,19,9,6,11,4,14,11,9,8,7,6,14,8,8,7,10,17,8,14,13,8,8,8,12,10,9,12,6,12,10,11,7,8,11,10,8,6,12,19,9,14,9,12,6,11,7,11,6,10,8,14,10,14,11,5,8,9,8,7,11,5,12,13,8,9,5,10,7,21,8,7,6,7,11,8,10,8,7,10,9,11,6,7,22,7,7,8,4,7,6,6,10,3,10,14,5,6,9,9,3,6,1,8,13,5,13,16,6,7,14,6,8,20,8,7,10,15,7,7,16,5,13,5,10,7,7,6,8,6,10,6,6,12,10,4,11,7,6,7,10,9,11,9,9,8,10,7,9,11,8,15,9,7,12,6,10,13,12,12,12,12,7,10,6,5,11,6,12,13,17,8,11,13,18,6,14,16,7,7,7,7,4,17,11,7,12,2,4,10,11,11,3,9,6,10,11,5,6,11,11,9,9,10,15,11,12,12,10,15,7,18,6,5,9,7,10,12,10,11,10,7,11,8,10,9,12,8,5,15,6,7,17,8,10,9,9,13,7,5,9,9,7,8,9,9,8,7,5,14,11,4,14,7,12,13,5,11,11,7,10,8,7,8,5,8,10,11,13,9,6,7,8,12,6,13,9,15,8,4,13,7,17,11,12,6,8,5,7,11,10,8,8,12,9,5,7,7,12,7,13,5,14,11,18,8,6,5,7,11,9,8,14,5,10,3,10,10,4,8,6,9,7,2,6,8,11,9,10,13,11,12,14,13,10,10,12,2,6,12,13,10,9,6,16,6,6,9,4,8,14,7,11,15,18,11,12,11,10,8,8,13,11,10,10,9,8,11,9,8,8,11,9,17,10,11,9,7,2,10,8,5,5,8,7,8,17,10,15,5,14,8,5,9,13,12,8,6,14,11,11,9,16,8,11,9,12,5,5,6,10,7,12,8,10,4,9,10,13,9,10,8,9,11,11,5,10,11,17,11,6,10,7,16,11,9,13,8,7,14,8,12,8,4,11,15,11,7,6,12,8,14,12,9,6,9,5,9,7,7,7,10,11,11,5,11,13,7,10,5,12,8,12,8,9,10,8,10,17,2,5,11,10,4,6,11,7,5,13,11,6,8,5,9,9,8,8,10,12,9,12,7,8,10,11,11,10,8,11,8,7,14,12,10,5,10,6,6,11,12,7,11,5,15,10,7,8,5,10,12,11,4,12,12,10,9,5,13,12,7,13,14,11,3,13,10,7,6,17,9,9,12,8,8,3,17,6,9,5,11,10,11,9,6,5,9,15,4,5,15,9,10,6,10,8,14,11,8,9,9,2,15,9,8,19,6,8,7,23,12,7,10,11,9,13,12,6,9,7,9,10,8,9,10,10,7,6,11,4,11,13,11,9,11,2,7,5,6,6,8,16,6,10,9,12,8,6,13,8,15,6,16,14,8,10,7,9,10,3,9,7,9,7,7,13,17,15,11,10,7,11,9,10,8,9,9,7,7,9,7,8,10,9,6,7,12,13,11,14,6,6,10,6,10,6,13,7,16,5,10,3,6,11,5,7,4,9,7,3,9,8,6,4,11,3,5,9,7,12,6,10,10,9,7,10,9,12,9,9,7,8,10,9,19,16,6,12,17,1,9,7,15,8,8,8,6,3,8,5,13,14,17,13,5,12,15,12,8,7,5,2,4,11,9,6,9,15,7,8,10,6,5,7,9,12,10,9,9,8,8,11,14,8,6,10,12,13,7,7,16,13,11,7,17,5,8,10,11,4,14,6,6,10,11,7,3,8,7,13,6,15,8,10,5,14,7,11,6,8,6,10,12,10,12,15,12,8,6,7,9,7,10,10,11,9,8,6,7,15,8,10,11,13,7,12,9,6,8,9,9,12,12,12,8,12,12,11,7,17,10,9,9,6,15,6,9,7,14,8,13,12,15,12,14,6,8,7,14,8,6,8,4,6,9,14,9,7,9,9,9,10,12,6,8,8,8,10,21,10,17,9,10,9,8,11,8,12,6,20,10,10,10,4,10,8,10,18,7,9,6,17,12,11,9.314,15.8087859588328,2.81921404116725
12,5,8,7,11,8,8,3,14,7,6,7,11,8,8,5,7,11,15,4,6,6,12,5,10,11,6,8,13,10,11,4,8,6,8,6,11,6,14,9,8,7,10,11,13,11,13,13,9,10,8,10,9,10,5,14,7,9,10,16,10,15,10,8,7,12,13,12,4,9,4,8,7,13,6,8,7,4,8,8,6,13,10,9,5,5,7,5,5,8,12,10,4,7,13,14,10,13,11,8,8,6,9,10,9,8,8,4,9,11,11,8,6,6,10,8,12,10,11,2,12,10,11,7,19,9,9,11,8,18,10,13,7,4,8,7,11,15,11,9,8,7,10,13,8,8,8,3,11,10,7,16,15,9,11,7,10,8,11,12,15,11,9,3,12,5,15,11,14,14,8,6,5,14,8,8,13,12,7,11,11,13,13,11,7,9,6,14,14,8,4,7,9,8,8,8,2,8,10,6,7,8,7,4,13,8,8,15,3,9,11,15,10,9,12,6,9,13,6,15,7,7,9,11,7,5,16,15,6,8,4,12,4,8,2,15,8,5,14,12,16,6,15,6,5,7,6,5,11,7,9,11,14,11,8,16,16,6,13,11,14,7,11,15,13,8,9,16,7,5,4,16,8,10,13,9,7,11,5,3,5,11,8,10,7,6,6,11,8,8,4,3,10,11,15,9,14,17,4,8,4,8,11,13,10,8,8,8,10,5,15,7,13,10,12,4,15,12,8,13,5,12,11,8,9,4,5,10,3,12,13,9,9,13,12,8,8,16,7,16,5,15,16,9,11,6,8,6,10,19,10,15,9,6,16,13,5,13,9,4,12,6,6,5,7,7,12,10,6,12,13,8,9,11,13,8,17,12,6,18,15,10,8,10,9,7,10,14,6,9,12,5,13,8,9,11,6,12,10,9,9,6,6,7,9,11,13,4,10,9,11,7,10,7,3,6,10,9,8,7,4,13,8,10,13,4,9,7,14,9,13,6,7,11,8,6,4,13,8,9,7,2,6,9,8,5,12,14,9,6,9,13,14,10,16,10,7,10,11,8,8,14,5,7,8,7,8,14,13,16,13,11,10,8,8,11,14,7,8,11,6,9,9,7,14,9,10,13,12,13,9,14,13,12,8,15,8,4,6,10,10,15,8,9,9,10,13,2,5,13,9,7,2,15,12,11,11,13,5,4,4,9,6,13,8,8,9,9,11,7,5,12,10,9,8,13,9,7,5,6,10,9,11,9,9,11,3,12,7,10,10,14,6,10,8,10,12,9,4,12,9,11,8,6,9,13,10,8,9,10,5,11,10,11,13,20,6,3,9,8,3,10,9,12,9,15,7,11,7,8,8,13,13,8,7,5,12,10,12,11,16,11,11,13,11,13,10,8,6,15,11,14,10,15,5,10,10,5,8,6,10,7,10,8,9,10,13,6,5,5,11,14,15,1,12,12,6,10,11,9,8,15,9,10,2,9,11,7,13,8,11,9,12,12,13,17,7,15,7,5,11,11,8,14,8,11,9,14,10,8,5,9,9,9,6,14,9,5,7,10,9,6,17,7,14,18,4,7,10,15,10,20,10,12,8,8,11,9,11,10,6,13,8,7,13,6,11,4,12,8,10,11,6,9,10,7,7,9,7,8,11,10,7,8,10,12,11,6,21,18,12,7,14,12,6,6,6,12,10,8,5,12,13,20,7,6,6,11,9,5,9,9,5,8,9,7,6,6,6,7,12,10,15,5,7,8,8,4,12,8,6,13,18,11,13,7,13,8,3,17,6,9,8,10,10,3,16,7,6,6,12,8,1,11,12,12,8,18,6,8,13,11,10,11,9,8,9,11,11,6,10,13,4,8,7,2,4,7,8,7,13,10,6,9,17,4,11,14,9,5,4,4,7,8,4,8,10,1,7,8,9,12,10,11,4,9,9,7,16,13,12,16,13,6,11,9,5,15,9,7,9,7,9,11,9,7,8,12,13,9,12,11,8,7,9,7,10,8,10,6,10,10,12,8,13,8,11,4,13,12,9,7,8,7,9,12,11,9,8,14,4,15,6,13,5,7,8,5,8,13,9,10,10,17,10,7,15,7,10,11,6,9,12,13,10,9,10,17,7,9,9,17,4,9,7,7,14,6,8,13,8,7,10,19,10,13,7,13,11,13,9,10,10,10,9,16,9,8,4,11,13,3,15,13,10,4,12,8,13,8,19,9,17,7,14,7,7,10,11,12,7,12,9,5,10,11,9,5,11,5,10,12,7,8,7,14,7,13,10,9,9.389,16.009358963017,2.76864103698303
15,13,5,12,11,10,9,6,6,10,9,9,12,10,10,10,4,11,21,4,11,11,9,10,6,17,6,12,7,11,7,13,9,8,8,3,7,10,11,10,8,6,16,7,25,9,13,8,4,8,10,5,11,5,10,15,11,8,14,11,6,13,10,9,8,15,8,10,9,5,5,4,11,13,9,9,12,5,13,7,15,10,11,11,13,11,7,5,10,4,8,10,8,8,14,11,10,10,7,9,4,10,3,16,14,8,12,10,7,16,6,6,7,9,13,11,13,9,9,11,14,9,12,12,16,7,13,8,3,10,10,11,6,5,7,6,16,12,8,23,8,10,6,11,13,8,5,6,12,11,7,9,14,12,6,10,8,11,6,10,13,12,4,10,9,10,14,6,12,15,10,9,12,10,12,8,11,4,7,6,7,16,7,10,4,9,7,10,6,12,8,12,8,3,11,9,6,6,5,6,6,9,9,10,12,10,11,11,4,6,18,8,4,12,6,6,8,9,7,8,12,6,11,10,10,8,4,10,9,9,5,15,5,8,10,4,6,10,8,9,16,6,12,12,12,5,9,7,10,12,8,8,8,8,8,8,2,5,7,10,12,6,7,14,5,9,4,16,2,17,7,10,11,6,4,6,9,11,9,6,8,9,17,10,4,6,10,18,16,3,9,7,12,8,11,6,14,11,11,10,9,12,14,12,9,8,13,11,9,11,10,12,10,11,7,12,11,5,8,12,6,19,13,12,8,8,13,9,4,8,16,9,5,10,12,10,10,15,8,14,9,10,6,7,16,7,11,13,9,15,6,5,13,12,14,13,10,7,15,9,7,10,8,10,13,5,12,10,9,17,6,4,14,14,8,15,12,7,5,8,16,6,8,10,10,10,11,15,7,11,7,7,6,7,7,7,6,12,4,7,8,12,8,5,11,9,12,10,7,9,14,8,10,11,8,10,14,9,7,11,7,12,6,13,15,5,10,7,10,9,11,17,7,14,6,7,7,8,12,8,12,12,8,8,9,6,11,9,7,7,4,8,9,8,9,12,3,4,7,7,8,9,7,7,9,11,9,12,10,2,16,10,10,12,10,11,7,6,7,15,12,22,25,15,6,8,12,9,11,10,4,9,18,10,9,16,6,16,6,8,10,11,11,11,8,8,11,10,8,7,11,16,8,12,13,7,16,12,9,6,14,6,9,4,10,19,12,7,9,9,7,10,6,17,9,12,18,10,10,20,9,7,8,19,6,3,7,8,5,7,15,9,9,8,8,10,5,8,11,9,20,10,8,12,4,8,4,8,9,8,5,5,12,7,9,14,11,10,9,5,11,4,10,8,11,10,13,6,8,6,17,5,11,9,8,15,8,12,9,7,14,13,6,12,12,15,6,4,7,16,11,12,4,12,8,9,6,10,8,14,18,6,10,15,9,4,6,14,8,8,9,12,9,8,14,17,8,16,11,8,11,21,6,11,6,16,12,11,11,7,7,9,11,5,7,7,6,8,8,7,9,10,10,10,7,8,12,11,10,8,8,14,6,16,11,12,12,6,13,10,9,20,8,8,14,12,8,15,15,7,9,11,7,13,6,7,12,13,12,8,11,12,10,7,4,9,13,5,9,9,6,7,7,10,6,7,5,9,6,12,10,9,11,7,8,4,13,12,8,17,4,6,10,7,9,10,10,9,17,7,8,9,16,12,8,13,6,7,11,12,9,13,5,7,18,6,10,5,9,3,13,6,12,8,8,8,10,5,15,9,11,11,4,9,14,10,18,10,8,14,12,21,11,9,11,1,10,6,10,13,10,10,3,6,7,11,3,20,8,7,10,11,10,16,11,10,9,6,12,7,12,9,9,11,15,8,12,10,6,7,10,11,7,6,4,12,7,12,7,9,11,12,8,9,8,9,8,6,6,7,11,8,12,14,10,3,10,6,14,10,16,4,12,9,10,7,11,17,12,10,7,13,10,5,16,8,10,15,11,6,11,7,9,12,13,5,6,14,10,11,7,15,14,10,9,12,15,10,13,10,6,6,6,5,12,8,10,10,11,12,4,11,8,8,10,8,7,6,9,13,13,10,8,13,10,15,5,10,14,5,7,17,6,16,10,11,10,11,10,12,5,8,8,11,7,5,11,6,7,12,7,7,10,18,13,14,11,10,10,9,11,20,8,5,11,14,11,11,7,9,10,3,15,12,22,8,11,5,11,6,7,7,10,7,12,16,8,9,10,9,8,7,10,9,9,9,14,10,5,7,9,9,10,11,7,8,7,13,5,9,9.589,16.4260709097555,2.75192909024446
14,12,13,7,16,6,9,11,10,12,7,13,8,7,10,5,11,9,10,7,11,9,9,7,11,16,5,9,12,9,14,9,9,9,12,4,9,11,7,17,14,7,11,6,9,12,10,9,13,9,10,8,8,7,10,10,10,7,7,16,9,10,8,8,4,14,7,21,9,11,6,3,7,10,14,16,4,9,8,10,8,8,6,12,14,15,5,9,5,10,8,5,6,5,9,8,11,9,11,5,8,10,5,16,4,11,12,3,9,14,7,17,10,9,18,10,8,14,11,5,23,8,8,8,17,12,11,9,16,10,6,8,7,6,11,13,11,10,14,10,11,9,9,9,6,10,10,11,15,12,12,9,9,9,5,13,8,15,11,5,14,9,6,11,9,2,8,9,8,12,8,6,8,13,11,15,10,9,13,10,8,18,10,7,8,7,6,10,17,7,7,9,5,4,9,9,7,6,8,10,12,13,9,14,13,12,7,8,10,8,14,7,8,6,8,9,11,6,6,10,8,10,6,9,9,7,12,9,7,7,7,16,7,15,7,12,4,10,7,11,8,7,15,7,6,11,7,4,14,10,11,15,5,14,16,9,8,13,8,12,14,10,8,15,7,11,14,12,12,12,6,7,8,17,16,9,9,9,8,5,9,8,8,9,15,10,7,11,6,5,10,11,10,6,8,5,15,5,15,7,15,11,7,9,8,6,10,9,13,13,10,8,7,14,10,5,13,10,7,11,3,9,11,9,12,2,17,9,7,11,13,4,10,9,24,8,5,9,6,6,11,8,12,12,11,4,13,11,13,13,9,9,13,5,12,9,9,8,14,9,4,6,4,3,16,4,5,7,9,17,13,3,12,15,17,7,12,9,12,12,5,9,7,5,10,16,8,12,6,11,9,5,9,12,8,8,10,9,7,4,13,12,6,4,19,12,10,9,4,20,7,11,6,8,4,9,9,10,11,10,6,5,8,12,6,4,15,10,10,17,12,18,7,5,3,8,11,15,12,12,8,10,5,7,9,5,6,16,12,10,14,8,8,5,15,9,9,5,9,6,14,17,13,8,16,13,7,8,10,8,13,14,12,11,8,9,9,6,5,10,13,12,11,12,6,17,9,13,12,8,7,10,10,6,6,6,6,6,9,6,7,11,13,13,5,12,13,7,10,14,7,8,9,9,9,10,12,2,11,8,13,13,9,8,5,15,8,9,11,9,12,14,8,15,9,10,12,6,8,11,8,6,4,9,14,5,7,9,3,10,8,7,5,7,10,5,8,17,5,15,11,7,7,13,11,13,7,14,7,6,5,8,13,11,11,8,8,5,7,15,8,9,5,12,8,12,20,11,7,13,10,7,9,5,7,9,10,15,12,11,9,9,3,13,8,15,9,8,8,7,6,12,7,12,5,12,13,12,8,8,11,9,10,7,10,11,12,11,2,4,6,14,6,12,7,16,8,9,12,12,4,13,8,10,11,11,10,9,8,14,14,6,16,7,12,5,10,8,7,6,7,11,9,5,9,10,12,15,7,11,5,3,15,9,12,7,9,5,9,9,6,13,14,4,6,11,15,11,9,14,10,12,13,16,6,4,7,12,10,13,20,20,3,9,16,5,14,8,17,10,7,5,7,9,7,6,7,14,7,17,10,10,9,5,9,11,8,8,12,4,17,11,14,7,6,4,9,11,12,7,7,4,12,9,12,9,8,11,11,11,8,11,7,6,9,10,6,11,12,5,9,5,6,6,11,8,6,6,14,5,10,6,11,7,12,10,16,6,5,11,4,10,10,13,10,12,9,6,4,7,8,5,6,14,11,9,7,7,8,10,11,7,7,12,8,8,6,13,9,6,10,18,5,10,8,6,9,9,12,8,5,4,11,6,3,5,11,10,13,14,5,7,10,12,11,13,5,5,7,13,9,11,10,8,18,4,6,8,6,10,12,10,9,19,11,5,17,12,14,6,14,7,12,11,4,8,9,9,10,10,10,10,7,12,8,5,15,13,7,11,10,8,6,11,6,7,11,8,7,13,6,8,4,12,14,9,10,3,18,6,9,7,6,11,12,9,12,7,10,5,14,9,7,11,11,7,9,9,9,7,13,19,8,8,8,5,9,7,11,6,11,13,10,7,7,15,4,14,9,9,5,10,7,8,17,14,12,12,13,12,6,6,11,6,15,10,6,11,8,11,11,11,15,12,13,13,10,13,12,9,6,6,11,9,12,8,11,7,9,12,4,11,15,19,7,22,17,7,8,6,9,12,8,9,8,10,7,18,9,8,9.516,16.2896895869992,2.74231041300083
11,7,8,12,11,13,14,7,8,18,7,5,13,8,11,8,3,13,9,7,13,10,10,4,5,13,7,6,13,8,16,11,14,10,8,4,8,9,9,9,13,3,8,10,11,18,15,7,6,6,8,9,10,7,11,13,13,10,9,14,8,17,7,19,7,12,9,13,5,4,9,10,3,5,7,13,9,5,11,10,6,11,7,8,13,8,10,9,1,7,6,11,10,5,14,5,9,13,12,5,9,6,5,13,5,12,10,9,7,9,3,11,9,9,7,11,11,10,12,12,13,10,8,13,15,6,12,11,8,4,10,6,5,9,7,5,18,7,15,7,13,10,12,16,8,8,4,7,11,5,5,10,16,6,13,12,4,6,9,10,16,12,10,9,11,2,15,6,9,14,12,6,6,7,14,11,14,8,6,8,4,20,10,8,10,17,7,9,8,5,7,10,7,9,9,8,4,6,6,8,8,11,9,12,16,7,9,10,8,10,16,10,13,8,10,9,4,8,6,9,7,8,5,6,6,8,6,8,8,5,6,12,4,11,2,9,6,7,12,8,11,7,10,10,7,9,6,11,11,5,8,14,9,7,5,6,8,5,12,8,5,9,5,11,11,10,10,12,8,16,6,12,4,8,11,7,16,10,12,11,12,8,14,9,4,7,7,11,10,8,9,6,9,8,13,11,12,11,7,9,7,13,11,13,7,5,6,8,8,7,11,6,7,10,14,10,12,4,6,12,4,9,12,5,11,7,9,3,7,8,7,10,7,7,16,13,10,12,10,8,4,9,8,10,11,11,7,9,4,11,6,6,7,10,12,9,4,13,7,7,13,7,6,8,15,9,11,6,11,15,13,7,10,11,9,9,15,7,11,10,12,9,6,14,15,9,5,12,11,11,10,5,8,6,11,11,4,7,6,12,12,6,8,16,7,16,15,7,7,12,12,12,10,7,9,8,7,9,7,7,6,13,6,5,10,10,16,7,10,16,7,6,7,10,8,7,9,12,10,9,5,8,11,11,11,5,14,13,11,4,14,10,11,10,12,5,11,4,5,13,10,15,7,9,5,9,6,8,12,9,20,19,10,7,12,14,9,5,2,10,8,9,14,15,7,10,6,16,13,8,16,7,12,11,8,10,10,9,13,8,8,6,10,5,8,6,13,12,9,17,10,8,8,8,14,8,15,9,5,6,10,8,13,15,9,10,7,15,5,7,14,12,18,14,14,12,16,8,3,12,14,12,6,8,17,7,11,12,9,5,11,11,8,11,10,10,9,13,4,13,7,10,10,8,13,11,9,6,7,12,11,4,9,10,11,12,3,9,6,7,12,11,6,11,10,7,10,7,11,10,9,9,3,4,12,11,9,13,7,9,18,12,11,10,8,10,8,9,6,8,11,8,15,12,10,8,16,6,8,11,12,6,8,9,11,8,15,10,5,11,16,16,7,4,10,15,11,12,13,9,10,8,5,14,8,18,5,12,6,6,15,6,12,8,6,16,13,10,5,10,7,7,12,12,8,10,11,8,6,6,12,10,10,8,1,15,9,7,7,10,11,16,8,2,3,16,9,11,11,10,7,19,11,13,10,9,12,9,13,5,5,13,4,11,8,11,6,12,17,6,10,5,9,13,7,10,7,10,17,5,13,10,10,8,8,12,12,12,12,14,16,7,12,13,15,7,10,13,12,6,11,6,9,9,15,6,8,9,19,12,8,9,8,9,8,6,8,9,8,5,7,7,11,6,4,5,13,6,8,7,6,10,14,5,9,8,9,5,4,12,13,11,8,10,5,6,9,5,6,9,13,7,8,6,13,6,8,12,8,3,9,10,11,11,13,8,9,8,8,3,16,10,9,12,10,8,11,10,13,5,5,13,9,2,11,5,9,14,18,8,9,10,12,8,7,8,8,4,8,7,8,9,4,9,6,7,6,8,7,7,14,14,14,10,14,5,8,7,15,8,2,11,6,11,12,8,13,11,8,12,16,11,6,7,10,10,9,6,9,16,9,9,9,9,3,13,11,8,5,14,7,16,5,5,7,9,11,11,7,15,9,11,6,11,7,6,8,3,15,13,9,9,17,10,7,10,6,3,9,15,6,11,3,7,8,11,9,10,8,6,9,15,9,12,4,14,5,11,7,5,14,9,7,13,8,14,17,8,8,12,7,6,6,9,10,15,8,8,17,11,7,14,15,18,12,7,8,8,11,6,7,9,16,10,8,11,12,17,7,11,16,9,12,9,10,13,13,15,3,1,12,13,3,15,10,8,6,17,17,10,9.395,16.0435561785443,2.74644382145572
5,6,8,19,10,13,8,7,10,10,4,11,11,6,7,12,8,10,17,10,11,9,12,10,9,18,5,5,7,10,10,7,10,8,15,5,13,7,9,13,12,9,10,5,14,13,12,8,10,5,9,11,11,8,7,14,8,7,9,9,8,17,13,4,10,10,9,14,12,9,8,7,16,9,9,10,3,11,10,8,8,9,5,12,12,13,5,12,4,9,6,3,12,10,12,17,11,8,5,9,7,12,7,13,8,14,12,9,14,17,6,12,8,5,12,10,12,9,5,5,16,11,14,8,16,8,6,7,6,12,2,13,8,8,13,10,6,12,13,17,9,9,8,10,11,8,7,5,15,10,15,9,6,10,8,13,6,10,11,8,12,16,6,9,11,7,16,8,9,12,7,8,9,15,8,10,10,10,2,7,11,13,12,9,5,9,5,9,15,6,5,7,13,11,10,7,10,5,8,6,6,8,7,11,14,11,7,11,11,10,14,6,11,6,13,4,12,12,5,9,8,9,7,9,8,1,7,13,11,9,3,9,5,16,2,9,12,12,10,19,20,4,12,6,8,10,9,8,13,9,9,13,12,8,11,9,12,14,11,6,11,10,3,14,8,12,12,10,6,14,3,16,10,11,5,7,9,11,6,7,12,10,4,8,12,7,9,10,13,9,7,2,11,7,13,5,13,16,13,9,6,11,15,9,7,6,10,7,10,9,8,12,11,7,7,4,16,4,10,12,6,15,8,12,14,6,12,10,2,9,5,9,5,10,6,8,12,12,8,11,7,11,10,6,19,7,7,7,12,14,10,7,8,6,7,11,7,11,6,9,8,7,2,8,13,7,8,10,9,11,14,7,8,13,7,5,9,16,10,15,14,10,8,10,4,6,6,9,7,8,14,7,10,7,6,8,13,11,3,4,14,15,11,7,6,7,9,7,7,14,8,13,4,17,6,7,10,11,9,8,8,8,8,11,11,9,13,10,9,13,9,7,12,11,8,9,8,9,12,6,8,13,4,9,6,8,10,3,10,10,14,11,7,5,16,12,8,5,6,6,11,14,8,7,10,13,6,10,15,6,13,11,15,5,10,5,17,8,6,8,13,16,13,18,11,5,5,7,11,11,7,11,12,7,5,12,6,7,6,12,13,8,12,13,11,6,12,12,6,10,9,8,6,7,6,14,23,13,14,5,7,8,6,9,11,11,5,15,11,8,10,8,10,7,6,10,16,10,4,6,3,12,8,11,10,5,9,9,9,10,12,12,2,1,14,9,9,7,10,8,10,9,10,10,6,13,8,12,7,14,8,9,7,5,9,11,9,6,11,13,9,5,7,11,11,10,12,12,5,7,8,6,6,8,15,11,10,13,13,6,12,8,5,7,8,16,9,11,9,13,14,10,9,15,7,10,18,4,8,5,11,7,11,11,6,11,10,14,6,6,9,10,6,9,14,8,9,15,12,10,5,8,4,7,6,9,6,8,8,10,13,8,14,8,5,11,8,13,10,9,6,9,4,8,10,9,10,6,8,10,13,9,9,18,13,8,13,5,12,6,10,13,17,6,13,13,3,17,17,15,6,12,14,8,8,10,11,15,16,5,14,9,10,11,15,7,15,10,14,13,2,11,10,11,4,7,3,17,6,11,5,9,5,7,5,8,16,5,13,14,14,3,6,7,8,4,10,10,9,10,8,14,8,16,12,9,15,13,8,12,9,15,7,9,10,6,5,6,6,10,9,9,8,13,13,11,11,7,13,9,9,7,10,13,15,7,16,5,10,8,11,8,7,3,14,4,6,9,5,5,14,10,10,9,8,15,13,18,10,11,10,17,10,16,7,6,6,10,10,6,11,13,8,6,11,3,9,7,10,8,10,14,9,9,11,8,7,9,7,9,5,6,11,14,8,5,10,5,13,5,4,11,8,11,2,10,4,2,13,10,10,9,10,6,11,9,7,12,13,10,6,9,10,9,9,6,14,15,11,14,15,4,7,5,7,6,4,14,4,12,9,12,7,14,8,11,13,6,11,10,4,9,10,17,6,7,9,11,7,14,7,16,10,12,11,12,8,3,10,9,5,5,11,9,10,14,8,6,13,9,11,12,5,10,8,8,14,18,9,9,14,19,11,12,8,12,7,3,9,9,12,8,9,9,12,9,6,12,9,9,8,14,12,10,5,9,6,13,3,10,12,11,15,15,15,15,13,10,8,5,10,11,12,5,11,14,2,12,8,14,9,10,11,18,10,15,10,11,10,8,4,11,11,9,11,8,9,10,12,11,9.479,16.1219388142968,2.83606118570323
9,12,7,7,7,15,7,7,8,7,6,15,9,8,10,8,8,8,15,7,8,10,5,13,12,8,6,10,10,4,12,5,6,8,9,8,7,5,8,11,10,17,11,11,17,8,12,5,7,5,10,10,10,12,6,14,12,10,10,14,8,12,13,10,3,12,14,10,6,15,12,8,12,16,6,8,4,5,8,8,9,11,3,11,4,11,5,2,8,6,8,5,9,7,14,8,7,14,9,7,6,10,5,14,6,11,5,13,5,11,9,11,9,3,9,12,7,8,5,12,9,6,8,6,17,10,14,6,5,9,11,8,12,9,11,7,24,12,12,16,8,11,7,14,7,5,6,9,19,8,6,14,6,7,10,13,8,14,8,17,14,4,6,15,11,9,5,8,11,16,11,6,9,13,9,15,10,6,11,7,3,16,9,17,8,4,7,13,10,10,5,9,3,9,11,12,7,8,8,10,5,12,9,11,8,15,9,7,12,14,15,14,9,5,9,9,7,8,5,13,8,6,7,11,6,8,10,10,11,9,9,11,4,7,6,10,8,4,11,10,10,3,14,11,7,8,10,4,11,10,11,13,11,14,13,11,11,9,13,12,11,5,9,14,11,15,9,19,9,8,7,10,6,6,11,3,7,8,10,5,12,9,7,10,6,4,8,8,11,5,11,8,10,7,12,8,4,10,12,9,10,11,10,9,10,11,8,6,14,11,12,6,8,13,9,11,12,11,4,14,7,12,3,13,8,7,13,6,6,16,16,11,8,10,18,15,6,11,5,14,6,19,7,5,13,10,6,12,11,17,8,7,13,9,11,10,2,17,7,5,14,9,4,9,11,12,8,6,5,17,9,4,13,20,10,14,16,7,8,15,16,8,4,11,10,8,4,10,3,8,13,4,6,6,9,5,5,8,5,9,10,10,7,10,7,12,8,8,7,16,7,13,5,15,6,8,13,10,7,8,7,8,5,10,12,7,11,3,12,19,16,17,7,5,1,5,5,5,9,11,8,10,4,3,9,4,8,8,8,11,9,11,10,8,8,8,8,14,9,9,13,12,10,8,10,12,9,19,16,5,10,11,11,11,10,8,10,9,5,14,9,14,15,21,17,15,8,6,6,11,7,9,8,5,4,10,13,5,6,7,11,9,6,4,7,9,9,4,7,11,11,11,6,5,9,10,13,11,11,6,11,7,6,6,13,6,9,5,8,6,8,9,19,14,9,10,9,10,6,12,4,10,7,14,7,8,6,9,7,6,11,10,9,10,6,12,7,7,9,11,16,9,5,8,7,4,10,14,7,7,9,8,2,8,9,11,8,7,9,11,7,10,7,9,15,14,11,4,7,10,10,6,4,10,8,11,17,9,9,5,15,11,5,12,21,16,5,9,10,13,10,13,9,9,8,13,9,9,16,7,7,3,6,7,10,8,8,7,7,6,8,15,7,7,8,13,8,11,11,11,2,21,5,10,6,12,12,7,12,15,14,9,11,6,8,9,6,16,11,7,7,8,6,9,9,11,8,14,11,13,7,6,7,11,9,14,6,6,10,5,10,13,12,6,10,15,7,7,8,11,18,9,2,13,5,7,11,10,12,11,10,12,9,14,14,7,6,11,8,11,7,11,6,8,4,6,7,12,8,6,16,11,8,12,5,9,11,12,8,11,14,4,14,10,14,4,2,13,5,8,10,10,9,15,12,11,6,12,8,7,11,9,9,10,10,5,5,9,11,5,14,6,8,9,3,5,4,4,17,7,12,7,9,7,11,8,14,4,10,11,10,8,15,7,9,3,13,8,9,12,8,10,3,11,8,7,8,9,8,12,11,8,4,8,10,13,6,8,11,11,11,12,8,8,9,6,7,6,9,5,7,14,9,4,9,9,10,10,7,8,8,6,10,10,5,10,8,7,6,7,9,11,6,17,16,7,9,4,12,5,17,8,10,6,11,3,7,16,3,5,10,18,11,11,9,7,9,10,11,9,12,9,8,3,11,8,10,10,13,13,8,12,9,10,12,5,13,6,8,13,5,5,4,10,9,13,8,5,10,11,5,7,8,6,8,15,12,8,8,12,5,8,7,12,11,8,9,13,13,10,13,10,9,3,9,9,11,10,9,10,7,16,6,15,9,12,11,6,6,9,10,10,12,12,7,10,12,11,10,14,11,11,11,6,16,8,8,9,8,8,19,7,11,13,13,14,10,5,13,6,12,6,13,10,9,13,8,12,6,19,10,6,6,4,8,14,14,9,11,6,9,9,6,13,9,14,7,14,6,7,9.293,16.0049277451158,2.58107225488417
11,7,7,11,15,11,14,11,10,11,15,13,11,5,6,7,11,10,10,5,11,11,12,6,15,16,2,7,12,10,11,10,13,7,9,10,12,9,10,8,11,3,11,7,11,5,15,8,8,4,10,8,6,4,15,11,9,13,12,8,8,11,7,5,5,9,13,7,5,3,8,6,9,13,8,12,7,4,7,7,10,9,6,6,12,13,7,14,8,12,13,10,5,9,15,8,14,19,9,8,14,8,6,15,6,8,5,9,11,11,5,8,7,7,11,15,9,4,18,8,13,5,10,9,14,4,9,13,6,12,6,16,6,10,8,9,12,7,10,8,14,10,12,12,8,9,14,10,10,9,11,10,12,5,14,12,7,14,8,3,17,12,11,7,10,3,9,11,12,12,8,10,14,8,10,7,11,8,11,7,7,12,10,6,12,18,5,13,7,11,8,10,6,7,16,4,7,4,9,5,8,10,12,7,10,10,13,7,12,8,12,9,10,15,10,5,9,11,7,5,8,5,9,9,5,5,12,9,8,6,7,9,5,10,4,17,6,13,8,6,11,11,10,9,16,4,10,6,11,6,17,7,5,11,14,12,6,6,11,8,5,15,2,9,6,10,13,15,5,16,9,10,7,14,4,6,10,8,9,10,6,7,9,8,6,6,14,13,12,4,10,7,10,9,13,13,24,7,6,9,10,13,10,7,8,11,13,8,9,11,11,8,7,16,6,6,5,3,4,4,9,11,10,3,12,5,19,11,5,8,9,9,7,8,14,9,5,8,7,8,6,7,11,9,7,6,10,7,10,13,10,9,8,7,18,11,5,9,14,11,6,12,8,2,17,6,7,9,12,20,11,12,12,8,8,5,12,10,13,12,12,6,9,10,18,12,6,12,11,13,10,3,13,4,9,8,13,13,7,10,9,15,4,7,10,14,13,12,8,13,7,6,4,10,5,9,10,11,6,6,10,7,6,12,12,12,12,8,10,10,7,21,5,11,9,5,8,7,9,16,9,6,5,10,8,7,11,6,15,13,5,12,6,8,17,10,6,6,13,6,11,7,6,9,10,22,7,10,13,10,12,8,12,10,7,13,7,4,5,8,8,9,11,15,6,12,11,10,10,12,7,8,12,6,9,16,8,7,7,5,10,7,7,7,7,9,15,12,13,15,8,9,4,5,10,7,12,12,10,3,14,8,6,8,7,9,12,9,10,11,6,7,13,15,7,10,13,12,8,9,9,8,6,10,8,1,12,12,6,15,10,8,7,11,8,11,10,12,11,9,10,11,13,11,10,6,11,7,10,9,9,7,5,7,9,15,6,5,9,17,11,4,12,10,5,10,15,7,5,11,11,14,7,12,7,6,12,10,12,13,10,11,14,10,15,14,6,7,10,10,8,15,8,11,8,12,7,3,6,9,19,10,4,9,7,10,13,6,11,15,10,14,7,5,15,15,6,11,6,14,2,10,9,3,12,13,6,10,13,10,11,7,11,7,12,14,6,13,5,3,9,11,5,7,2,9,15,9,7,9,13,6,7,11,8,11,13,12,10,7,10,13,16,6,8,13,9,12,9,11,7,15,10,8,10,8,12,8,6,7,13,10,8,6,8,7,11,9,8,13,8,10,10,10,2,10,7,5,10,10,10,11,13,9,12,7,17,7,9,13,12,7,6,11,6,12,8,11,13,7,11,14,15,11,7,15,9,9,14,8,7,12,9,8,11,9,11,10,8,6,8,7,13,11,4,9,10,5,18,8,8,9,6,10,14,3,15,13,7,7,5,16,4,10,16,7,12,6,10,8,9,8,4,15,12,7,5,13,6,2,6,13,7,14,11,9,10,11,10,3,10,13,6,10,9,9,12,7,10,4,8,8,11,5,7,12,3,9,12,6,3,3,17,7,11,9,6,3,3,7,5,16,6,7,13,9,11,5,10,12,10,10,6,4,13,6,10,11,6,6,9,12,10,11,9,8,9,8,12,11,3,17,1,6,8,8,11,8,3,10,6,10,7,6,9,6,8,10,3,12,9,13,4,12,7,9,8,4,8,9,10,9,5,12,9,11,12,5,14,12,10,8,7,10,11,11,9,10,14,5,13,12,5,3,8,10,12,9,11,8,10,16,7,15,3,11,6,6,14,13,16,9,5,12,9,11,5,10,14,12,12,9,9,10,11,10,7,8,8,4,10,10,10,14,11,11,8,12,13,7,7,7,10,11,13,6,9,10,8,9,8,8,6,7,14,11,7,8,6,7,11,16,7,9,6,2,5,22,11,16,9.324,15.9273020676474,2.72069793235258
11,9,7,11,11,5,7,16,10,14,5,14,10,10,10,6,12,7,8,11,7,11,8,4,7,7,5,13,9,6,7,9,10,11,13,6,7,14,12,13,11,10,6,6,17,9,16,7,6,9,8,11,9,11,6,13,12,9,12,9,6,16,3,7,7,13,11,16,3,6,5,3,6,10,13,11,6,6,14,12,11,17,8,14,10,8,6,7,2,12,9,8,11,10,14,7,3,8,6,5,6,6,6,9,11,7,8,6,11,16,8,8,5,4,13,6,13,11,12,11,17,10,11,17,12,13,8,7,10,13,5,12,4,8,21,9,10,11,13,15,10,13,9,12,8,10,7,5,11,10,5,10,12,14,11,8,10,17,5,6,12,12,3,8,6,8,13,4,5,12,8,5,3,11,9,13,9,10,9,14,3,13,15,5,15,15,11,9,10,4,10,14,11,10,8,7,9,5,5,5,9,10,6,9,8,11,7,9,8,6,11,5,4,10,9,8,11,8,3,9,9,10,5,4,6,7,8,8,13,5,4,6,4,8,8,18,8,9,5,7,16,7,10,6,6,10,9,8,6,6,4,8,11,11,12,5,6,10,8,7,18,5,4,13,11,7,7,14,7,16,6,12,10,12,3,5,10,8,7,4,7,9,6,11,5,3,5,9,12,7,9,4,8,8,9,3,12,9,13,12,7,8,11,9,5,9,7,6,10,7,8,8,13,14,11,5,17,7,3,15,11,11,12,11,6,8,15,13,8,11,9,12,5,10,13,9,6,9,7,9,10,6,9,16,18,10,9,16,8,12,6,6,10,12,10,10,6,10,7,6,3,8,8,8,13,9,6,6,9,12,6,7,11,13,13,16,9,6,12,15,13,9,8,3,10,14,7,7,10,7,10,6,11,9,6,11,14,5,7,5,6,8,7,13,16,7,6,8,4,16,4,12,10,10,8,10,9,8,6,12,13,15,5,9,11,5,8,13,9,18,8,10,11,10,2,9,5,12,10,9,5,11,6,8,11,11,10,12,11,9,10,7,11,10,7,8,5,6,10,11,10,14,13,9,9,10,4,6,14,6,13,6,16,10,6,10,18,12,6,9,10,8,13,12,7,8,7,5,11,7,5,5,8,6,8,12,8,10,2,9,16,11,6,6,5,8,17,7,9,13,6,5,6,8,5,11,17,7,11,4,8,12,11,12,8,5,11,6,14,16,14,6,9,14,5,13,12,8,8,11,7,7,8,13,13,1,6,9,2,6,5,11,8,8,4,8,10,11,6,7,10,3,5,11,7,11,9,11,9,7,11,8,9,9,9,10,5,8,5,6,10,7,11,4,12,10,14,7,9,8,12,8,8,6,9,14,13,9,7,14,15,15,9,9,6,10,6,7,13,10,11,8,11,8,6,9,16,10,11,10,8,9,6,12,10,13,13,6,3,7,10,13,7,7,9,9,10,12,8,5,9,14,5,9,8,13,10,4,6,10,11,8,20,9,7,8,9,7,8,9,6,5,9,12,8,8,8,6,8,14,10,9,7,13,10,11,12,7,8,15,8,10,11,5,6,10,5,6,13,11,8,14,13,8,6,4,5,19,13,7,14,7,7,11,12,8,17,10,18,8,6,5,11,12,3,13,7,8,7,10,12,9,5,4,8,8,7,10,9,11,13,6,7,7,6,9,8,8,10,13,10,18,9,14,11,11,5,12,11,7,3,8,6,4,10,4,10,6,6,4,16,5,16,8,9,9,11,7,10,7,6,6,14,4,12,6,14,4,9,6,11,13,6,12,14,11,12,3,10,13,9,9,5,6,8,10,9,10,6,10,8,8,10,15,12,11,6,10,5,9,5,11,5,7,11,9,5,11,18,3,8,11,12,6,4,6,6,8,9,6,5,7,7,11,3,10,8,3,17,4,6,16,10,16,5,8,6,7,10,9,17,9,12,10,10,6,12,17,11,6,7,6,8,13,9,7,13,14,12,13,15,10,11,9,11,9,10,10,4,8,8,3,4,10,10,13,10,6,6,12,5,7,4,5,14,10,6,9,13,8,6,15,5,7,11,7,6,6,6,8,5,9,12,11,10,9,5,8,11,10,11,9,2,9,10,8,8,18,13,8,9,5,13,7,5,4,8,13,12,7,7,3,10,9,13,15,10,12,9,12,7,12,13,10,16,7,9,10,7,11,20,8,10,13,16,13,11,7,12,6,8,14,12,8,7,23,9,10,7,14,16,10,10,8,7,8,13,6,7,8,9,9,9,13,7,4,12,8,14,9,9.112,15.7386805464474,2.4853194535526
8,5,9,11,8,12,9,12,10,12,7,7,17,6,10,9,10,9,12,5,13,6,7,6,13,14,1,9,9,3,16,10,6,8,9,7,13,10,13,11,13,8,9,6,12,10,12,9,6,3,7,8,8,12,6,9,7,10,11,14,10,21,6,11,6,7,12,15,5,12,7,7,12,21,5,9,3,10,12,8,7,8,7,8,5,12,7,12,10,6,7,13,7,6,10,10,6,9,9,2,6,12,4,10,7,11,7,8,14,10,11,9,7,10,14,20,11,9,10,7,20,10,7,8,13,7,11,11,7,7,6,13,4,4,14,7,12,6,17,13,7,9,9,13,6,12,8,7,11,9,10,10,14,8,8,6,6,13,4,15,12,13,5,9,6,6,10,7,7,13,7,11,13,11,7,5,9,6,9,6,3,13,6,14,5,4,3,8,14,11,10,9,5,8,8,11,14,9,13,14,6,10,7,13,10,10,10,8,10,13,4,8,3,8,6,4,7,15,7,9,8,8,4,7,6,3,7,11,4,9,11,13,4,7,3,12,6,17,3,18,15,11,10,5,5,10,5,9,16,9,10,14,9,9,11,7,8,13,7,10,6,8,10,10,14,9,12,8,9,9,9,7,12,12,7,11,3,12,9,8,15,6,8,5,15,8,7,9,9,5,9,7,7,8,11,8,14,7,9,4,5,15,10,6,10,8,6,15,15,6,10,13,8,4,13,13,11,7,8,13,5,12,6,12,13,3,13,12,9,7,4,11,7,8,11,7,10,13,8,10,9,12,9,6,13,7,18,10,12,15,7,6,10,14,5,16,7,15,6,4,10,10,5,7,14,7,8,8,10,13,12,11,11,18,5,12,13,8,11,13,14,8,5,7,12,12,4,10,10,13,13,7,9,9,11,11,4,13,2,8,9,11,8,5,9,13,13,10,6,12,11,11,7,12,9,11,10,7,11,4,7,7,7,13,8,7,11,9,10,9,11,6,6,7,9,8,9,4,9,8,12,6,5,13,8,5,8,15,7,5,13,12,9,5,12,1,12,6,9,8,9,10,5,7,11,8,7,11,16,4,10,13,10,8,10,8,13,12,2,6,13,12,18,16,8,6,4,10,10,14,10,9,9,5,3,10,7,11,16,9,18,10,15,9,8,7,9,16,9,10,11,11,1,12,20,8,16,6,14,8,10,8,5,13,11,11,8,9,5,6,10,9,5,7,9,8,6,5,4,11,12,15,6,5,13,6,10,12,6,6,12,8,6,9,10,13,8,7,6,8,17,11,10,11,10,8,12,10,12,5,8,12,2,7,11,13,6,7,4,16,8,4,10,11,11,5,7,2,7,13,11,12,5,9,11,10,13,8,3,8,16,4,7,16,14,15,7,6,7,9,15,10,3,11,11,19,14,10,11,7,11,11,10,9,11,6,11,5,5,11,12,11,7,6,10,14,7,15,9,9,3,8,7,14,8,13,7,8,8,10,18,8,12,13,9,10,8,11,9,4,2,9,6,12,12,14,9,16,9,8,5,8,4,13,11,6,10,13,14,7,17,21,11,6,9,8,8,15,8,13,11,17,6,12,10,6,4,13,10,7,8,11,4,8,6,12,6,7,12,8,9,12,7,9,4,6,8,5,12,9,10,14,7,5,8,7,9,7,11,11,14,7,14,8,10,5,12,11,8,9,15,12,11,9,9,8,9,11,8,7,10,12,11,3,10,6,6,5,8,10,7,10,5,15,12,5,10,6,7,7,13,13,16,10,11,6,12,5,7,6,12,5,6,7,9,6,4,7,11,8,6,3,9,12,16,10,10,12,9,9,8,12,6,9,9,4,11,7,8,5,14,17,12,8,13,7,7,7,11,7,5,17,12,7,13,7,11,13,11,9,5,8,8,10,3,10,8,3,4,6,5,7,7,5,6,7,8,4,10,7,9,5,7,13,16,6,15,12,7,9,7,15,5,10,9,10,13,9,12,11,10,8,7,11,13,5,6,5,11,10,13,9,7,10,3,7,11,7,3,6,4,7,9,11,12,8,6,11,11,13,7,10,13,18,5,10,11,8,7,5,5,11,10,7,6,13,11,12,9,3,6,13,6,7,4,8,6,5,12,15,8,12,17,5,8,7,7,8,7,7,9,10,4,9,13,17,16,7,12,8,7,5,5,9,12,12,4,12,11,2,14,7,9,10,15,13,12,9,7,9,7,8,19,9,11,10,10,10,5,9,7,7,6,13,10,12,14,7,9,4,8,8,12,11,9,7,13,11,7,5,9.172,15.844643184876,2.49935681512396
9,6,8,17,8,9,9,6,7,12,6,14,10,6,14,10,6,13,12,12,11,11,6,11,3,16,5,10,11,4,5,8,9,7,15,10,10,10,15,11,8,14,8,3,11,8,10,11,6,6,8,3,8,10,6,13,15,10,9,9,7,17,12,9,11,8,8,6,8,9,6,3,9,11,6,10,3,8,4,8,4,13,12,14,11,12,9,11,5,9,6,6,11,9,16,11,8,10,18,4,5,5,8,12,8,12,8,6,5,13,10,6,5,10,8,6,17,13,7,11,15,10,12,8,11,8,12,5,6,5,9,14,9,2,7,12,16,15,10,12,14,5,7,15,13,9,11,9,11,5,7,13,13,10,11,9,5,12,10,6,17,11,9,8,7,9,10,6,13,12,13,3,7,9,12,16,10,7,11,11,6,14,6,12,5,8,8,7,11,8,7,10,8,8,9,6,9,7,5,5,6,8,10,13,10,11,4,16,13,11,14,6,7,8,12,5,7,7,12,17,7,4,2,8,7,7,8,5,13,11,11,14,8,9,4,13,7,7,8,16,11,13,19,8,9,8,7,9,11,7,5,13,8,5,8,8,8,8,9,12,5,7,2,12,13,10,8,9,5,16,8,12,9,16,10,6,12,11,9,9,9,5,5,4,8,4,5,16,9,5,11,5,10,10,11,9,15,14,13,15,5,12,8,8,3,2,7,8,16,11,10,12,9,17,12,14,10,11,5,15,9,15,10,14,6,7,10,10,2,17,13,5,2,7,15,11,8,7,13,7,8,9,9,5,9,5,4,4,11,11,8,4,3,4,12,9,10,12,11,5,12,8,8,6,11,9,8,4,7,15,15,6,8,10,5,11,11,10,13,16,22,4,7,10,8,5,10,7,9,10,16,5,5,8,7,6,8,11,11,8,14,10,12,12,11,8,7,11,7,22,12,14,4,16,7,10,8,4,5,8,7,15,7,12,18,13,16,10,15,19,6,14,7,7,6,5,9,11,12,8,12,8,6,7,6,7,5,11,10,6,9,10,8,6,14,13,8,12,7,7,12,11,7,11,11,18,3,14,14,7,9,9,10,14,9,10,12,7,4,10,13,8,7,18,14,11,7,7,9,9,7,13,8,5,5,6,14,9,6,10,16,11,4,9,8,9,19,11,6,12,3,8,8,9,6,14,18,16,17,3,8,3,11,9,9,11,7,9,10,5,8,8,13,13,13,10,5,8,10,6,5,6,9,15,7,7,9,6,9,11,8,14,7,9,8,9,8,11,10,9,9,11,7,12,11,7,11,9,12,11,8,10,10,11,11,13,7,8,7,8,5,7,7,11,15,9,10,5,5,6,11,6,6,10,6,9,13,11,10,8,11,10,7,10,16,3,7,13,9,15,8,15,12,9,11,6,14,4,12,11,13,10,8,8,10,5,14,7,6,13,9,16,4,8,9,16,5,13,13,8,3,5,6,11,10,6,9,9,11,7,16,13,16,8,6,15,9,19,8,9,9,10,9,11,3,12,7,6,10,10,12,5,11,12,8,6,11,10,15,12,3,9,9,5,5,10,9,15,5,11,8,13,13,11,9,9,9,13,13,4,11,11,12,11,17,8,12,12,14,13,5,8,7,12,4,9,4,7,7,11,7,12,7,9,13,10,11,11,8,14,11,8,15,8,11,6,6,7,8,8,10,13,7,13,16,14,10,5,20,11,3,8,17,12,15,9,8,8,5,6,6,8,6,7,7,9,10,11,7,6,10,13,11,9,11,10,14,6,3,2,4,14,10,11,11,5,4,8,8,6,6,9,2,16,7,5,8,13,7,11,9,8,12,8,13,11,9,16,7,5,8,11,9,6,8,11,8,10,7,7,12,10,15,3,6,12,12,12,10,3,7,4,12,10,5,13,9,7,7,7,5,13,7,9,9,10,13,5,11,8,15,11,5,11,13,4,8,9,3,2,10,10,6,13,14,9,12,14,8,10,12,9,6,9,15,9,8,13,4,13,8,18,5,9,7,12,16,6,12,9,5,9,6,9,7,10,2,7,10,14,3,10,3,9,5,7,4,6,8,17,7,13,12,6,9,10,6,9,12,7,14,11,6,5,13,10,5,5,6,11,9,12,4,6,7,14,15,7,6,13,12,4,9,9,5,12,6,11,13,12,13,7,11,4,13,13,8,15,9,5,8,14,15,5,5,11,4,9,12,8,7,14,10,9,8,9,8,13,6,10,11,4,4,11,10,11,6,9,8,5,8,10,6,13,9,15,12,6,9,9,9.281,16.0825335536246,2.47946644637543
8,4,5,11,13,7,11,14,6,10,8,13,11,7,8,8,13,7,6,8,7,15,7,9,14,5,7,6,6,10,15,12,8,11,10,7,6,9,19,12,9,13,10,11,16,10,14,7,8,7,9,7,9,5,10,14,10,14,12,11,5,18,7,7,5,14,12,14,8,7,8,7,13,17,5,6,9,2,8,8,7,4,3,7,7,7,6,7,6,9,7,8,7,8,13,14,9,25,7,6,12,4,3,6,6,6,8,10,16,15,6,8,10,7,9,11,14,8,11,7,16,5,8,8,11,5,13,11,3,10,5,13,11,9,9,9,10,7,8,15,8,11,10,15,10,5,6,13,11,4,10,10,10,7,8,9,2,9,17,9,11,5,6,10,8,7,13,9,9,9,8,11,15,9,11,13,13,9,5,12,6,9,12,8,8,12,7,15,5,2,8,5,7,10,5,11,8,8,5,7,13,7,12,14,8,13,8,6,10,7,12,9,7,19,11,12,10,8,10,7,6,8,10,6,7,5,8,7,10,8,6,7,9,10,2,11,6,9,9,6,12,6,13,7,6,10,8,6,8,5,11,6,8,7,18,10,10,9,10,7,14,7,7,16,9,8,8,12,7,6,6,8,8,6,9,4,5,7,7,6,9,12,10,9,3,7,11,5,13,10,12,3,8,13,9,7,13,5,9,8,6,7,7,8,5,13,3,9,16,10,3,10,10,13,7,10,12,3,7,12,7,3,4,6,2,7,13,12,9,9,8,8,9,9,15,9,10,11,6,16,14,8,12,3,13,7,5,15,10,11,9,9,6,4,9,14,7,14,7,5,9,10,11,5,14,3,5,8,14,17,8,9,8,12,13,6,10,5,13,16,11,7,6,6,13,9,7,7,11,13,18,4,6,8,7,9,16,12,6,3,11,14,9,7,15,10,7,10,8,11,11,6,4,12,8,9,15,9,6,7,10,10,7,13,10,6,12,11,8,10,3,7,15,7,9,1,3,9,10,8,11,9,9,11,7,7,13,14,4,10,12,8,7,10,12,6,11,8,6,10,8,9,6,10,9,17,3,7,10,7,7,11,10,6,4,9,8,12,3,10,12,12,9,12,6,5,9,12,5,8,10,9,9,4,12,11,11,8,4,8,8,10,5,8,10,12,8,12,8,12,11,10,9,3,10,9,8,15,16,5,14,14,10,15,10,10,11,5,9,7,13,11,12,6,7,13,11,9,6,13,7,11,15,12,8,5,12,6,7,12,7,6,6,8,6,10,11,10,3,9,15,8,7,9,6,11,12,16,7,12,7,1,9,5,9,13,10,5,13,7,7,5,8,5,6,12,7,10,5,15,5,6,3,8,8,9,15,8,8,9,9,13,15,9,11,11,5,7,7,7,7,9,9,12,9,16,10,5,13,5,14,11,8,10,13,12,13,11,13,7,9,11,9,7,14,8,5,15,5,10,7,13,7,10,8,11,11,10,9,7,9,2,12,7,9,12,10,11,8,4,9,7,6,8,3,6,7,9,9,12,12,6,5,13,11,12,9,11,8,8,10,11,13,5,11,13,5,11,19,5,14,10,7,8,8,8,7,12,8,6,14,9,6,7,7,5,9,13,11,14,10,4,5,11,6,7,8,6,9,12,14,11,3,11,8,6,11,12,9,12,10,9,6,17,8,9,5,9,13,6,9,5,14,10,12,8,12,7,8,11,8,11,6,7,4,8,10,9,9,3,8,7,10,9,4,4,10,7,15,6,7,13,9,9,9,8,17,6,10,4,9,10,7,12,10,12,8,4,6,5,12,8,7,10,10,10,4,14,3,4,6,6,9,14,6,11,6,7,12,9,9,11,1,11,7,8,3,12,5,5,13,9,6,7,9,10,6,3,4,7,9,6,6,5,11,8,15,6,9,8,8,12,8,19,14,10,9,5,11,8,9,8,11,2,10,7,11,9,6,11,6,19,10,11,11,10,10,12,12,10,5,14,6,5,8,9,11,7,8,8,7,9,8,14,9,3,10,8,4,11,7,10,7,11,12,14,8,9,13,13,6,8,8,9,9,6,8,14,15,12,11,10,12,7,14,6,4,14,13,6,16,10,4,6,7,5,15,14,11,8,6,14,9,10,3,6,13,7,9,10,8,7,6,7,14,6,11,5,10,15,5,12,8,11,15,7,4,8,6,8,10,10,18,14,10,14,10,8,7,7,10,7,7,10,5,14,9,11,13,12,6,8,11,12,9,12,16,6,8,5,7,13,10,12,14,7,5,19,12,13,9.027,15.4810612935407,2.57293870645928
14,8,6,16,15,6,9,6,8,9,7,10,6,4,7,9,6,8,15,4,6,7,12,7,6,14,6,14,5,8,13,8,8,9,8,7,5,14,15,15,7,12,7,10,11,7,14,9,8,6,12,9,7,12,11,15,6,5,9,6,7,12,14,7,6,8,14,10,3,8,6,8,7,12,5,10,4,8,5,11,6,12,13,10,8,5,8,8,13,7,2,6,8,7,15,9,8,10,11,6,6,8,9,15,7,8,8,3,5,8,14,4,6,6,12,11,14,13,7,4,11,10,12,10,19,11,9,10,6,8,6,8,3,6,7,9,11,14,11,13,6,10,12,13,5,10,13,10,10,6,10,3,11,8,9,6,4,19,9,11,10,11,3,7,7,9,10,5,5,7,1,11,9,8,5,6,8,9,7,7,5,13,8,8,6,14,6,6,9,8,4,12,7,6,9,10,15,8,4,7,6,9,10,12,11,8,9,7,7,3,17,11,8,12,16,7,8,14,2,9,7,6,12,6,2,6,8,3,6,15,5,12,10,11,4,16,8,7,9,8,14,10,10,8,6,3,12,10,13,9,16,9,15,8,10,13,7,8,12,6,7,6,7,9,12,8,7,16,13,11,10,8,6,8,7,8,4,12,10,1,13,14,6,10,7,7,7,15,12,10,11,9,7,13,5,10,12,8,8,10,5,12,8,9,1,7,8,12,10,9,9,11,2,11,10,7,9,6,6,6,7,12,7,12,10,9,16,7,9,7,7,8,9,10,13,9,4,8,6,10,9,7,8,8,6,5,9,10,10,15,11,4,9,8,11,11,4,9,8,9,6,11,13,8,8,4,6,8,4,12,8,8,8,11,10,13,18,9,9,15,12,13,6,8,11,4,8,9,7,11,11,5,9,6,9,13,6,8,7,8,17,9,11,8,11,9,7,8,11,8,5,11,9,6,6,12,8,6,6,8,6,12,15,10,9,9,11,11,9,12,4,11,6,9,6,5,8,6,10,12,4,11,7,7,11,8,3,12,9,14,6,13,17,8,9,4,3,9,10,11,9,8,8,8,4,11,12,8,11,6,11,9,9,11,11,12,8,14,7,11,17,8,15,15,7,10,6,5,13,13,12,9,9,11,2,14,15,8,9,10,5,9,10,6,4,6,14,6,5,9,7,10,5,5,12,3,12,12,11,6,6,11,14,11,11,5,9,6,11,9,11,8,10,9,8,8,10,7,9,7,13,8,5,7,5,6,12,10,5,5,5,10,7,6,6,4,10,12,5,12,14,14,11,8,5,3,15,15,9,9,12,7,6,8,6,9,5,9,7,7,8,2,9,12,6,11,12,7,12,9,6,10,3,4,8,11,11,8,4,7,12,6,6,10,10,10,9,6,7,10,13,11,12,9,7,13,9,12,8,9,9,9,11,11,15,8,11,10,11,13,7,8,7,6,10,15,4,11,13,9,5,11,5,11,5,8,10,7,10,7,15,4,9,8,4,10,6,9,8,5,16,14,5,9,6,8,11,16,6,13,12,7,11,11,10,13,13,8,10,7,7,14,8,7,8,9,11,11,11,12,13,11,8,15,7,7,15,17,14,11,7,10,7,6,7,8,10,9,15,9,14,9,9,14,5,8,11,9,11,9,12,5,10,7,11,9,6,5,7,10,14,13,8,9,11,7,3,15,9,8,13,13,4,12,8,9,5,8,9,10,9,11,12,11,12,8,11,10,8,8,8,5,9,12,3,7,9,7,13,8,6,14,15,10,11,9,19,5,7,9,7,8,3,10,11,7,8,5,16,12,14,10,11,11,13,14,7,7,6,8,7,11,9,7,9,4,8,6,11,6,4,7,10,2,6,10,5,12,11,4,12,8,13,8,9,5,4,7,13,5,4,9,9,11,10,17,7,3,14,14,9,11,11,11,9,8,4,6,9,9,17,11,9,12,9,5,8,17,8,5,5,9,8,12,10,6,11,11,16,10,8,8,8,8,9,11,5,11,5,9,6,10,4,6,8,10,10,9,7,9,8,10,6,9,18,4,6,6,9,7,5,12,4,14,11,13,10,13,8,8,4,9,9,6,6,8,13,10,10,13,17,10,8,7,5,9,10,8,9,10,9,17,13,9,6,7,12,5,8,9,11,8,6,10,5,12,4,13,10,10,11,6,13,10,18,9,8,10,6,6,17,10,5,9,15,9,6,5,13,2,11,7,10,9,11,5,8,14,9,14,10,4,10,10,12,5,4,6,9,10,7,8,7,8,5,9,16,14,7,6,8.948,15.203896142852,2.69210385714802
7,11,7,6,9,8,7,12,12,4,11,16,6,15,11,7,10,10,6,8,8,13,6,7,11,8,9,6,6,7,14,10,11,4,12,5,7,13,9,13,15,14,9,5,10,12,6,5,6,5,5,12,8,6,7,13,12,9,8,7,8,9,12,6,14,15,6,8,7,5,15,6,5,9,14,17,6,10,5,12,12,10,13,12,9,5,5,9,9,7,11,11,10,6,12,9,2,6,11,4,8,11,6,13,6,7,9,8,18,10,11,6,3,8,13,6,13,11,5,7,19,9,5,13,12,8,10,9,7,9,8,18,9,7,14,2,9,8,13,14,9,10,6,11,5,9,7,8,14,5,10,10,10,6,14,11,9,14,4,10,13,15,9,7,8,8,10,7,18,10,8,5,9,11,15,7,12,11,12,4,4,18,13,2,8,9,6,9,13,14,7,10,6,12,9,11,15,6,7,7,7,12,8,11,14,13,11,4,8,10,11,8,6,9,13,10,10,15,10,12,7,5,9,9,4,8,6,9,6,3,12,8,11,15,12,10,10,11,5,13,11,11,11,10,11,18,6,4,12,6,9,16,6,4,9,7,7,16,9,8,7,6,8,9,7,10,5,10,9,11,7,7,6,10,7,2,6,4,10,7,2,9,5,5,6,4,6,20,11,6,5,8,6,18,15,6,17,4,6,11,6,5,6,5,3,7,9,11,13,14,6,7,11,9,8,6,11,10,7,12,9,11,6,10,6,11,6,5,7,10,12,5,8,7,18,4,10,9,10,9,6,13,7,9,13,6,5,11,11,12,5,8,10,6,9,8,7,8,5,4,6,12,9,7,15,12,3,7,8,14,13,6,16,16,8,8,17,6,18,12,11,9,2,11,14,9,9,9,9,10,9,7,13,11,8,13,7,13,7,13,6,11,3,4,13,7,10,11,7,16,16,9,5,17,11,3,10,2,7,5,5,9,6,17,4,5,16,15,9,22,4,11,9,7,8,4,11,9,5,12,9,7,8,7,13,5,7,13,8,14,13,12,6,7,12,13,15,3,8,7,10,16,5,9,6,11,1,10,14,5,9,8,8,12,3,8,11,12,5,10,11,8,12,18,10,12,10,9,9,9,6,14,6,4,8,17,16,8,9,11,14,4,5,11,8,8,4,6,10,17,4,12,10,13,10,7,20,11,14,4,8,13,9,5,5,10,11,13,9,8,13,10,13,4,5,8,7,10,6,8,4,7,9,9,19,3,10,6,12,7,7,8,8,11,10,7,10,13,9,7,15,7,7,8,11,6,11,11,5,12,5,3,12,9,7,14,4,7,7,12,11,10,8,4,5,9,8,7,8,15,10,7,8,7,11,6,6,15,7,6,11,11,6,9,11,6,6,6,16,7,14,7,5,11,11,8,11,10,8,12,10,7,5,10,11,14,7,9,10,9,14,11,6,11,15,9,5,13,10,12,4,13,10,8,8,11,7,7,6,4,9,8,11,13,5,10,5,13,10,6,10,5,6,11,6,11,17,14,8,6,13,10,9,13,7,10,10,2,12,7,7,8,8,8,6,8,6,15,15,11,7,9,9,11,7,5,5,17,10,8,7,13,11,9,16,6,15,13,10,4,7,3,10,12,5,7,7,6,5,10,11,12,8,7,11,7,8,7,9,12,11,6,12,13,10,10,9,12,5,6,10,11,12,5,6,13,8,11,7,9,7,9,9,4,9,6,9,4,5,9,6,4,4,9,3,8,2,6,10,11,11,9,12,11,9,8,18,10,9,9,11,13,7,9,11,3,17,8,17,7,8,11,5,6,8,11,4,13,9,7,8,7,14,11,9,5,6,12,8,6,5,15,10,8,10,7,9,10,10,5,7,8,8,5,10,7,7,8,10,5,10,5,7,5,5,11,6,5,4,6,8,12,9,13,9,7,11,7,19,11,14,9,7,5,9,9,12,15,4,8,5,9,9,11,10,4,10,10,14,12,14,7,11,7,12,8,11,6,9,8,7,7,8,12,8,9,11,5,8,13,8,11,7,12,12,6,7,9,13,14,7,10,10,8,11,15,10,4,11,11,2,10,8,4,14,11,4,13,5,8,7,11,3,9,6,13,16,8,10,5,8,11,8,7,5,5,5,4,10,14,12,7,10,8,11,13,5,9,14,9,6,6,14,13,8,6,8,10,8,8,11,11,3,10,10,14,10,12,9,11,6,10,8,8,9,10,15,10,8,12,9,11,3,3,10,7,21,12,4,6,9,7,12,7,6,9,12,15,8,2,9.032,15.7329830753238,2.33101692467621
10,10,14,14,15,4,12,10,3,6,7,8,13,9,8,7,7,5,10,13,9,10,9,14,5,10,5,10,8,5,12,6,7,8,8,3,10,7,10,7,12,11,3,12,7,7,12,6,6,6,10,9,5,10,11,11,8,14,5,8,6,13,7,8,12,9,17,13,4,13,16,7,14,17,4,15,11,8,4,14,10,13,6,3,17,11,5,15,11,5,8,11,9,13,11,7,8,7,9,6,6,5,4,11,8,8,5,6,6,17,7,6,8,14,10,7,8,14,9,9,12,8,11,12,9,7,18,9,6,5,7,9,2,6,19,9,11,9,6,7,13,12,6,11,8,8,10,10,8,4,3,17,14,8,5,7,7,12,9,9,9,10,10,3,5,3,20,1,10,3,3,11,5,10,5,15,6,11,9,9,5,12,7,7,8,10,9,11,9,10,8,8,4,6,4,11,15,15,6,9,8,7,9,12,10,14,8,14,11,7,11,13,5,9,6,6,9,9,9,12,1,7,10,8,6,5,6,6,10,9,9,9,6,12,4,8,16,7,7,7,12,9,11,9,10,9,11,1,10,11,7,7,8,8,11,9,8,4,12,10,6,12,5,15,16,11,15,11,5,12,9,7,7,6,13,4,10,9,9,7,9,10,5,7,11,3,7,4,14,8,5,8,7,7,12,8,10,7,13,10,8,7,12,9,7,2,4,14,14,1,14,17,7,9,11,8,13,6,7,7,13,13,4,10,6,9,8,11,10,8,5,5,6,13,11,12,8,13,8,11,10,4,16,5,10,16,5,14,8,11,3,7,6,9,6,12,12,18,14,13,9,5,8,6,7,11,4,6,5,17,16,9,9,11,9,9,12,4,11,18,12,8,3,13,12,14,8,5,15,10,15,4,5,12,7,10,7,10,11,7,10,5,7,10,12,7,10,16,7,16,10,15,9,7,5,6,15,6,6,9,11,5,8,9,16,6,13,14,10,10,6,16,8,10,10,5,11,11,9,4,9,8,13,5,8,7,9,8,7,4,4,9,13,2,9,7,8,9,11,9,5,10,8,14,9,9,3,10,10,5,9,10,11,11,12,9,7,12,7,9,12,7,12,15,8,9,8,7,10,5,5,9,12,5,7,8,15,10,9,5,14,7,7,6,9,8,16,8,13,9,5,12,7,7,14,7,12,14,9,7,15,7,4,12,5,8,13,6,10,5,12,8,12,4,10,9,12,8,5,8,9,12,14,11,5,7,7,6,10,8,8,10,11,10,9,6,13,11,14,15,10,15,8,10,9,9,13,10,4,10,9,3,8,14,8,9,6,10,11,8,6,10,8,7,8,9,7,10,7,12,11,12,6,10,11,8,9,6,9,9,15,9,7,10,7,8,8,12,8,9,7,4,6,14,12,14,17,9,7,6,9,12,9,5,7,8,12,5,10,10,11,9,5,9,9,11,8,10,5,5,7,6,8,8,3,8,11,8,9,10,9,5,8,5,9,11,6,18,9,9,5,6,4,13,14,9,9,14,5,11,10,9,8,16,5,8,12,9,12,7,7,14,9,6,8,8,8,7,7,8,11,12,10,6,8,8,8,17,3,9,8,17,11,8,11,11,12,10,7,12,7,5,7,9,3,5,2,6,7,2,10,13,6,4,7,7,7,9,7,12,12,4,9,7,14,10,8,10,11,6,6,6,5,19,8,9,12,8,11,8,5,12,7,3,13,10,6,12,4,8,8,6,9,8,11,7,14,5,17,8,9,15,20,6,7,7,20,4,8,8,9,10,5,6,10,11,7,4,15,8,8,7,3,7,8,3,6,8,3,11,6,7,12,8,16,4,7,9,7,17,8,11,11,10,7,10,6,9,13,12,3,8,12,5,7,13,8,4,13,12,5,4,7,7,10,9,14,7,8,10,9,11,9,12,12,7,8,4,16,8,15,8,2,12,11,3,9,17,7,10,7,12,5,10,10,7,11,6,14,11,6,11,11,11,10,3,12,12,6,8,12,8,7,11,6,4,14,11,13,13,11,4,6,4,13,8,3,13,13,11,7,8,10,12,7,15,9,7,6,9,9,7,10,6,8,15,4,8,16,9,16,12,9,6,8,5,7,4,5,11,8,9,9,8,5,8,11,6,7,11,9,11,7,6,18,10,10,5,13,13,5,8,3,11,11,9,5,13,12,10,13,9,12,12,14,14,11,5,10,8,14,17,12,12,11,10,5,9,11,9,4,12,7,13,11,7,13,12,7,10,11,4,12,11,13,10,9,22,11,7,9.014,15.6454222009164,2.38257779908361
14,8,6,12,10,6,5,10,8,10,10,7,9,4,7,7,7,15,8,6,11,14,12,7,11,11,4,7,11,5,12,9,8,8,7,11,8,12,10,9,14,6,8,4,7,3,13,12,8,9,9,5,7,11,8,16,8,9,10,8,9,12,15,5,13,13,11,8,3,10,4,10,12,9,8,8,11,10,12,14,6,14,7,10,10,7,9,8,9,6,9,9,9,11,12,12,8,9,15,8,8,6,10,10,11,8,8,10,12,17,9,7,3,4,10,10,9,14,7,11,12,10,7,9,18,5,4,6,7,8,8,13,9,7,12,9,8,9,9,14,8,14,10,17,9,7,3,9,9,8,6,9,15,6,6,5,9,6,10,10,11,9,8,7,7,10,12,7,6,10,8,5,8,4,10,9,12,13,11,8,8,11,9,8,8,11,7,11,8,6,8,10,7,12,8,10,13,6,16,4,11,11,8,10,11,9,6,18,14,8,13,13,8,15,10,10,8,10,7,9,11,5,7,12,4,8,5,8,14,13,10,6,9,10,7,16,10,4,5,14,7,11,18,6,4,10,8,15,9,4,0,7,8,2,8,10,8,9,9,9,10,8,11,4,12,9,6,16,10,17,5,12,8,10,2,6,5,7,12,5,9,5,3,7,4,6,9,16,13,13,8,8,9,9,15,7,9,9,12,7,9,13,12,1,5,7,4,8,18,15,7,9,10,6,8,11,9,7,12,8,3,12,6,8,8,8,10,6,7,8,10,5,9,9,13,11,16,7,5,7,10,8,6,10,8,12,8,9,6,8,9,7,4,7,14,7,12,7,8,11,11,10,9,9,9,8,7,7,16,8,6,7,10,15,10,8,9,4,10,13,13,5,3,7,7,6,8,4,8,9,15,5,8,7,5,6,12,6,8,14,16,7,10,10,13,7,17,9,11,16,7,13,5,9,5,10,7,6,13,6,5,7,11,14,18,6,7,15,17,15,8,16,8,11,6,5,11,7,10,8,4,8,5,8,17,5,11,12,10,4,11,9,9,5,9,10,13,8,6,8,13,11,7,16,9,12,2,6,13,11,9,10,7,8,11,11,10,7,3,10,10,10,8,13,9,9,9,8,9,5,8,11,13,7,5,16,14,11,10,8,13,13,7,7,15,9,6,12,8,12,14,11,7,9,11,5,14,8,11,7,8,7,11,13,9,11,3,6,5,6,6,6,13,6,10,5,4,10,5,9,14,10,14,11,8,6,13,5,3,9,8,3,8,10,4,12,5,8,3,6,9,8,14,8,5,5,16,12,12,12,7,6,10,14,7,8,5,9,8,7,7,7,2,7,6,9,9,10,10,10,10,7,7,9,13,7,11,12,7,6,12,12,12,9,9,4,11,9,8,11,7,8,9,11,10,6,14,9,17,11,18,12,8,8,7,7,10,7,12,12,7,12,8,10,10,12,6,13,9,8,7,11,6,8,6,5,8,10,10,7,16,5,11,11,7,13,7,13,2,6,7,6,6,12,6,16,8,11,8,8,7,5,15,14,5,12,8,4,10,10,3,10,11,2,11,10,6,14,10,12,9,9,8,6,10,3,13,9,8,8,12,8,4,9,10,8,8,9,9,9,15,14,4,12,6,7,14,4,3,11,4,11,10,9,9,10,8,9,7,10,6,6,12,9,11,11,5,18,8,9,8,13,7,12,14,7,7,10,13,11,2,8,14,7,8,4,12,4,12,2,10,10,6,10,4,7,9,4,14,12,6,11,14,10,14,11,13,8,4,6,5,7,10,10,9,9,10,6,12,8,11,12,6,12,15,11,10,11,6,11,4,6,8,9,6,6,14,9,5,4,6,14,14,6,11,7,7,8,8,3,18,15,4,7,9,5,5,7,10,8,4,10,8,5,13,11,10,5,9,9,10,14,10,11,6,11,15,3,8,13,5,10,8,12,10,6,11,8,8,7,10,10,11,11,9,9,8,8,8,9,12,13,7,3,17,10,8,10,7,6,7,15,7,8,5,14,9,11,7,5,5,8,9,11,8,10,7,4,9,11,5,9,8,14,8,7,8,11,8,10,11,7,6,2,7,12,13,10,8,15,14,7,2,4,6,6,8,6,9,12,5,20,6,3,7,7,11,9,8,9,11,7,10,5,11,12,7,10,15,13,7,3,9,11,11,8,12,7,3,6,10,7,11,12,17,16,3,9,7,8,9,11,6,7,7,6,5,13,11,11,7,5,7,12,10,10,12,7,7,6,4,9,11,10,4,5,14,17,5,12,8.957,15.2946855665093,2.61931443349072
11,12,12,15,13,9,14,12,7,7,2,13,11,2,19,8,10,7,12,7,14,10,13,10,7,5,6,13,8,4,12,7,8,6,10,8,5,9,13,16,16,8,11,10,13,12,10,10,5,8,7,14,9,7,9,9,10,8,11,4,6,8,7,5,13,14,5,10,4,4,8,8,14,12,5,10,2,3,7,8,8,13,10,12,9,8,10,10,7,9,10,9,7,2,7,8,8,11,11,7,6,9,8,5,8,7,9,2,7,10,8,5,8,3,15,11,11,7,13,4,17,8,8,6,21,7,11,7,4,6,12,15,10,5,9,8,10,6,12,13,10,9,12,8,18,9,6,12,6,5,6,4,9,9,6,5,5,8,9,13,12,11,11,8,6,8,10,9,12,13,9,8,12,9,6,5,9,11,9,13,3,12,11,13,6,13,4,10,13,7,8,7,9,8,13,6,12,11,10,12,9,9,9,16,8,7,9,11,10,8,15,12,6,5,13,16,17,8,5,10,8,7,11,4,7,8,15,4,6,9,15,9,11,9,6,13,5,16,10,15,13,8,11,8,5,9,10,7,9,7,7,8,12,3,8,8,7,5,8,8,6,11,7,8,6,11,7,7,14,10,9,6,14,18,8,11,4,6,7,5,9,6,7,8,9,5,8,9,7,6,9,6,11,17,9,7,16,10,15,17,7,10,8,9,6,10,7,8,8,12,5,12,6,10,6,5,8,6,4,12,7,16,10,9,13,4,11,9,8,12,14,5,10,12,11,13,11,11,8,13,5,10,8,4,11,5,6,9,4,5,9,9,9,6,13,12,7,14,10,8,7,5,9,6,14,10,4,3,8,10,12,7,8,5,9,13,12,10,13,11,18,12,7,8,8,13,13,8,9,13,13,7,6,8,6,7,6,8,8,7,6,19,8,3,7,17,6,18,4,18,13,11,7,9,8,10,12,9,12,9,9,9,7,10,6,3,12,17,13,9,9,8,5,8,2,6,9,6,6,11,13,11,6,6,11,6,5,13,7,7,3,8,7,5,4,7,12,4,8,11,7,15,4,8,10,11,9,6,11,9,13,14,15,9,8,11,8,7,6,13,15,7,16,15,9,7,4,8,10,16,12,12,5,4,6,10,11,8,5,10,15,9,10,11,6,10,8,5,8,9,6,9,6,5,5,7,10,17,9,7,10,9,9,11,9,12,6,8,9,7,8,9,9,7,12,6,4,11,8,8,8,8,6,11,10,3,9,7,3,6,4,12,3,10,6,8,12,16,12,9,18,11,10,7,5,5,12,5,11,9,13,8,5,8,12,12,8,12,10,7,3,8,12,5,6,11,10,8,8,10,10,9,4,6,6,10,3,12,14,12,10,14,5,8,14,10,8,8,9,7,11,6,5,14,5,10,7,11,13,13,9,10,7,8,9,13,14,4,11,5,5,14,9,9,11,9,3,8,8,10,8,18,7,17,8,9,10,11,7,13,5,9,8,11,8,9,5,14,10,10,10,10,7,17,9,6,11,5,10,7,10,12,5,13,14,6,9,8,8,8,10,12,6,6,9,7,8,9,19,9,11,13,11,3,14,11,6,12,14,13,8,10,9,8,10,3,7,15,7,11,9,6,12,12,13,6,13,8,7,10,9,13,7,12,6,8,5,6,7,14,12,11,7,10,10,12,5,15,6,4,11,7,9,5,13,3,4,6,10,8,11,5,17,6,11,4,13,5,6,4,11,4,11,10,8,6,5,5,11,12,13,8,16,15,9,12,14,9,8,9,7,12,6,10,7,9,8,8,12,9,8,13,3,11,13,7,6,10,6,5,5,3,10,9,7,8,6,9,14,9,11,11,8,9,5,8,6,13,11,9,7,10,9,9,11,11,11,8,6,7,7,9,7,7,7,12,9,6,8,9,9,8,10,10,10,8,8,2,10,5,9,9,5,6,7,6,6,9,8,6,6,9,5,11,14,6,8,5,16,9,9,13,10,5,11,7,8,5,5,9,8,8,10,8,10,5,11,8,5,6,7,4,9,9,11,9,6,8,12,10,8,5,7,15,13,9,5,7,13,8,11,11,11,9,11,10,8,8,6,6,17,14,9,7,4,10,9,12,13,5,12,13,12,6,6,6,9,9,12,11,15,11,10,10,12,6,10,5,14,11,9,3,9,6,17,7,9,7,5,7,5,7,5,3,14,14,10,6,14,7,14,5,10,7,3,14,10,9,7,10,9,7,5,11,9,11,13,7,4,17,7,14,7,9,9,9,11,16,13,7,8.978,15.3587299880798,2.59727001192019
9,8,4,14,6,8,10,12,4,6,8,8,4,6,11,13,8,9,5,5,15,14,14,8,9,9,9,10,9,9,11,11,6,8,13,7,8,7,12,11,12,8,10,10,14,13,13,12,12,4,6,5,7,10,4,18,8,4,4,9,10,17,14,8,9,13,10,12,9,6,11,11,5,13,7,14,5,7,7,8,10,9,8,13,7,4,6,8,8,11,3,7,11,7,12,5,9,15,9,6,1,7,12,15,12,3,11,8,11,7,6,5,7,7,9,12,9,8,7,5,14,8,7,10,13,11,13,6,11,11,8,9,4,13,9,10,15,4,14,8,5,13,6,11,13,5,8,10,10,4,12,12,12,2,8,13,7,10,5,6,12,14,8,5,4,5,10,2,9,6,8,4,4,7,6,9,10,7,9,12,6,11,12,3,4,11,5,13,7,11,13,6,7,10,6,5,15,8,6,8,14,6,10,7,7,11,7,6,8,6,11,11,8,13,11,8,13,11,7,7,10,9,5,7,9,6,6,7,4,10,10,8,6,9,5,10,7,5,8,5,7,11,9,9,13,17,8,4,11,8,12,11,6,3,12,9,11,7,3,9,12,11,12,12,8,11,6,18,11,10,13,15,6,5,4,3,12,11,5,6,13,10,8,10,9,4,3,13,8,7,10,8,5,10,14,7,18,5,6,15,8,2,5,10,4,8,7,10,12,12,6,15,9,9,6,8,14,16,9,8,6,12,6,7,7,8,14,6,5,13,4,6,5,6,10,9,8,9,5,10,11,5,9,11,13,6,9,7,4,9,5,6,6,6,8,6,5,4,6,4,8,11,16,8,12,9,1,4,6,12,8,9,12,8,10,8,17,8,9,16,11,6,5,7,10,8,9,7,14,8,11,5,13,6,9,14,8,17,8,11,7,10,9,10,9,2,10,7,10,9,13,5,6,12,11,5,8,11,7,9,11,7,6,9,13,7,10,8,5,12,6,15,15,5,11,7,8,5,5,9,2,4,8,8,8,5,7,11,7,13,5,7,8,9,7,7,8,10,8,9,8,11,6,14,6,15,8,3,9,8,12,13,5,10,8,7,11,11,5,11,17,8,4,18,10,10,12,9,15,3,10,10,7,8,4,9,9,8,5,9,11,4,7,8,9,13,11,7,12,9,5,5,11,8,8,7,14,10,10,5,14,11,15,7,8,12,8,8,8,7,13,5,8,8,5,11,6,6,5,7,9,10,19,4,13,8,9,3,12,9,8,14,8,6,6,6,7,14,12,11,16,9,11,7,5,5,14,15,5,13,8,3,5,8,9,5,2,7,10,12,9,10,5,8,5,13,13,9,9,13,2,7,11,5,5,6,9,8,9,11,9,13,12,5,3,5,8,10,8,8,15,6,8,2,7,5,12,10,10,9,11,9,10,10,10,13,12,6,5,4,13,7,6,8,10,10,4,15,5,7,9,5,3,7,3,9,7,9,9,12,21,10,10,10,6,13,7,11,9,11,4,8,6,8,5,16,10,9,7,3,13,4,4,9,5,7,9,6,12,9,0,9,12,8,11,7,7,15,6,15,11,12,11,12,16,10,11,19,6,7,12,12,14,7,9,4,13,9,8,16,11,13,5,11,8,7,5,1,4,12,9,12,6,10,13,8,2,12,7,7,15,7,9,11,8,8,4,16,11,9,11,14,6,9,11,21,7,5,11,11,7,18,14,7,11,10,8,7,9,10,4,3,7,8,4,11,10,7,9,6,13,8,15,8,7,13,23,8,7,9,4,18,10,10,9,8,8,5,15,15,10,8,6,7,9,8,5,8,2,9,9,9,9,12,10,11,8,9,8,10,11,9,8,7,7,5,11,12,10,5,7,8,11,3,10,9,9,2,9,9,3,9,4,8,6,7,7,9,10,13,14,12,14,11,5,6,8,3,12,9,8,15,5,5,11,10,6,13,10,10,5,15,8,15,7,10,7,6,14,15,10,12,10,8,10,12,9,7,9,10,5,12,5,11,9,8,14,7,11,8,1,9,6,8,11,9,11,10,7,13,3,10,8,10,7,12,12,11,13,12,7,10,5,10,11,10,5,8,8,11,14,9,7,7,9,8,17,11,11,10,7,15,9,9,8,5,9,6,14,15,5,9,1,4,8,8,6,11,9,19,8,7,13,8,13,14,6,11,5,6,12,9,8,12,8,9,10,12,7,5,11,13,13,12,9,14,6,10,6,5,6,5,4,10,10,11,18,15,10,8,9,9,14,12,8,6,8,6,4,5,8.844,15.4463236439832,2.24167635601676
11,7,7,8,5,4,9,7,9,11,8,10,6,4,14,7,8,10,5,8,13,6,13,12,9,15,9,8,9,8,15,11,10,5,10,7,9,14,6,9,12,8,5,4,12,8,9,6,10,4,9,4,9,5,12,4,6,5,6,8,6,11,11,14,4,11,12,8,11,9,9,2,8,11,10,13,6,3,14,12,8,8,10,6,8,7,7,12,5,13,11,8,10,7,12,7,6,6,9,8,6,9,7,12,8,13,9,10,12,11,6,3,5,7,13,9,6,7,5,10,10,6,13,6,9,12,8,7,8,4,6,8,9,6,16,7,13,11,7,14,9,6,7,6,4,6,7,6,11,5,11,12,11,10,7,5,10,10,11,12,3,7,6,4,6,6,10,4,4,6,10,9,6,8,10,11,7,12,12,8,5,14,9,1,6,15,4,11,6,9,5,11,7,9,6,5,15,9,10,5,7,7,10,7,15,9,11,14,10,8,7,7,11,11,9,6,8,9,6,9,8,9,8,9,5,13,12,10,5,10,17,7,8,10,3,10,11,6,10,11,4,13,10,15,11,8,10,6,9,4,7,11,9,4,10,14,10,11,14,6,6,5,4,7,9,8,6,13,5,12,3,7,9,11,13,12,7,7,8,5,9,10,12,7,5,7,5,8,15,14,5,12,10,15,14,11,10,5,7,10,6,11,12,11,7,10,9,12,13,8,5,10,10,9,6,9,15,5,9,15,4,13,12,13,11,5,5,10,4,5,9,3,1,11,14,7,7,11,7,4,12,7,4,9,6,9,3,11,5,4,4,7,6,5,15,11,7,9,12,7,11,6,13,5,9,7,5,9,8,13,15,9,14,15,8,10,10,8,6,11,16,9,5,11,8,4,10,7,6,12,10,4,7,6,8,13,6,17,8,12,7,12,9,14,9,12,16,12,6,3,13,7,4,15,3,10,11,10,10,9,9,10,10,13,8,6,13,7,9,9,4,14,13,5,5,5,11,10,13,6,13,6,12,7,11,3,6,16,8,12,5,11,7,8,6,11,7,5,8,9,7,12,6,12,10,9,3,8,15,13,13,7,7,10,4,14,11,7,5,7,12,8,8,10,9,8,9,4,16,8,8,9,18,6,6,9,13,11,11,6,14,6,8,6,9,5,12,8,11,12,4,8,12,7,16,6,13,8,10,9,7,8,10,6,3,8,10,8,5,12,8,9,16,10,9,5,8,11,9,7,8,8,7,5,13,5,9,6,10,7,10,9,5,9,6,9,8,15,11,14,8,13,10,12,11,9,14,11,7,11,8,5,7,11,4,3,5,4,8,8,8,6,10,8,7,7,5,10,7,14,7,7,5,8,9,11,14,12,7,6,10,12,4,14,8,10,7,6,8,12,4,8,6,7,9,6,14,15,6,12,8,10,8,6,9,14,9,10,8,16,10,7,7,9,10,6,10,14,7,5,8,10,13,7,9,14,7,6,10,10,10,5,9,12,4,13,7,7,6,8,11,8,4,12,7,3,10,9,5,10,13,14,10,10,7,14,7,5,12,9,5,19,11,10,7,14,5,15,13,9,10,12,13,7,7,9,6,10,15,16,6,6,6,5,12,11,12,4,10,12,10,7,6,9,12,10,10,8,10,10,9,6,14,5,8,4,7,6,5,8,17,6,7,12,8,9,9,8,10,13,9,17,7,13,7,10,11,11,10,5,5,12,13,4,8,8,12,13,2,3,6,6,5,8,6,5,11,11,19,10,13,11,13,9,9,10,11,5,11,8,9,10,8,8,9,7,15,9,12,12,9,10,7,10,7,3,7,8,8,7,9,6,13,10,9,6,4,15,11,8,14,8,10,5,6,6,4,10,10,9,11,11,14,2,8,10,9,7,7,6,13,8,9,6,6,9,6,3,3,13,8,15,13,9,5,5,7,7,6,13,10,11,11,13,10,8,9,16,4,7,3,11,11,9,13,5,9,13,9,11,5,8,6,13,9,5,11,17,12,14,7,13,6,12,4,13,13,8,8,7,5,7,8,7,9,10,8,8,9,12,8,11,9,9,11,12,8,12,7,12,5,9,7,4,7,12,8,6,10,14,22,7,6,4,8,13,7,7,11,10,2,15,11,7,7,2,7,4,5,11,11,12,10,3,8,13,6,12,8,15,7,7,8,10,18,12,3,15,11,9,8,15,4,19,16,5,7,7,13,3,11,9,9,6,9,12,3,12,16,8,6,11,7,6,9,7,13,9,13,14,15,6,7,8,9,9,7,17,4,5,8.851,15.2091754484627,2.49282455153732
7,14,4,8,8,5,11,6,6,5,8,8,9,6,12,10,17,9,9,6,10,14,14,5,5,6,3,9,8,7,12,7,10,11,11,7,7,10,15,7,17,8,5,6,14,0,14,8,5,7,8,19,7,5,5,8,9,6,8,6,7,12,8,11,9,9,12,12,2,12,7,9,16,8,6,11,12,11,4,9,8,14,13,10,12,13,5,13,8,6,4,9,9,9,11,6,7,18,9,4,4,10,12,7,8,7,7,10,9,7,7,8,8,8,6,13,14,6,5,9,14,9,8,9,15,7,12,6,6,6,5,11,5,8,7,5,11,10,6,15,8,11,7,12,12,14,5,12,10,8,7,13,13,10,4,4,12,7,7,9,9,9,9,0,8,5,9,8,9,14,6,6,6,7,8,17,5,10,11,11,3,9,4,6,6,7,12,8,11,11,9,6,9,15,9,10,17,14,9,5,5,6,13,10,12,15,4,10,9,11,9,8,6,7,9,10,15,10,6,6,5,5,14,5,5,8,11,7,8,13,11,8,5,11,6,10,8,5,8,13,6,9,15,13,6,13,14,7,13,7,2,7,7,4,6,10,11,9,9,7,11,9,10,14,12,14,13,10,8,10,7,8,3,13,6,13,6,10,10,7,9,7,5,8,10,2,10,10,10,12,5,8,7,10,13,11,11,7,14,11,6,6,6,7,8,9,3,11,10,15,10,11,13,7,6,9,9,6,9,7,10,11,8,9,11,10,8,9,3,7,6,4,8,7,12,11,4,12,5,9,6,10,11,9,14,14,5,11,4,9,6,4,5,8,11,12,4,7,6,6,9,9,7,7,10,13,7,5,7,13,13,10,10,8,9,11,11,5,14,15,4,5,6,4,15,10,9,5,14,10,9,4,12,9,3,7,6,8,12,5,8,5,9,7,12,4,9,9,4,15,6,5,5,9,9,7,9,9,7,7,9,8,9,10,8,9,8,11,8,8,14,12,10,11,6,7,7,7,2,3,7,6,5,7,8,6,8,12,11,9,9,11,6,5,9,6,8,7,8,6,9,10,10,8,6,8,6,13,11,8,8,12,11,12,8,9,13,13,8,6,15,18,18,13,10,13,3,9,8,6,6,13,13,11,7,7,8,11,8,5,10,4,7,11,20,3,13,8,9,7,9,7,8,7,13,2,8,7,6,8,10,9,13,21,13,11,10,6,10,9,12,6,11,6,9,10,6,10,8,5,7,12,8,11,13,5,9,10,3,11,9,7,2,11,5,10,12,6,13,10,14,12,8,8,7,9,14,15,8,11,7,5,13,12,7,10,6,8,4,11,2,8,6,6,6,15,10,8,4,9,14,8,11,11,12,11,10,14,7,11,11,8,16,4,6,5,11,9,11,9,7,5,9,7,12,10,13,7,10,13,5,14,11,5,1,9,13,5,9,5,8,11,4,16,8,9,4,15,7,8,8,3,9,6,11,10,8,11,8,8,8,5,7,7,9,12,12,12,10,12,13,6,4,6,7,13,10,9,3,2,8,9,10,10,8,6,15,12,11,6,11,7,9,4,8,10,4,7,8,4,9,8,8,5,13,8,3,12,7,8,5,7,14,6,16,9,9,7,8,12,9,9,7,13,2,12,13,7,12,4,11,7,12,11,12,8,9,8,9,9,7,4,13,10,8,8,8,6,5,6,7,17,10,14,15,7,7,8,9,4,7,6,9,5,13,4,6,6,4,7,7,5,8,8,10,12,12,5,7,7,8,9,15,3,8,8,9,7,10,10,3,9,11,13,13,6,10,3,11,7,7,6,6,9,13,7,6,13,8,8,11,5,13,7,12,4,8,8,5,9,8,16,12,5,9,5,8,6,5,8,4,11,13,7,6,8,2,12,12,2,8,12,8,4,6,13,15,4,7,7,9,12,8,10,7,8,8,6,9,6,11,6,4,6,6,6,9,6,8,8,7,7,9,8,9,9,10,7,11,13,3,9,7,3,13,8,6,7,6,6,13,10,9,11,10,9,10,7,11,6,8,11,9,7,11,9,12,11,12,9,7,7,8,13,9,13,13,9,9,13,10,11,5,4,4,14,7,14,13,7,10,12,13,3,5,10,12,8,9,6,7,6,8,8,4,5,11,7,8,10,9,11,8,8,10,7,10,8,12,12,5,6,6,10,12,14,6,7,8,15,4,10,11,8,17,6,7,8,5,11,10,12,10,7,5,6,8,12,11,16,5,11,9,5,7,5,12,7,3,12,8,9,11,12,8,8,15,15,8,10,8.705,14.9123558966139,2.4976441033861
7,11,15,11,8,6,16,10,8,8,11,10,7,5,16,9,10,13,13,7,11,10,6,12,7,9,6,12,7,9,6,8,12,4,9,11,5,11,9,8,16,7,8,8,9,7,12,4,5,8,11,10,7,12,7,12,6,6,5,9,6,6,11,7,4,11,8,13,4,8,6,9,9,7,10,9,11,9,8,17,12,6,8,14,9,6,9,12,11,10,13,6,13,10,14,7,6,10,14,7,4,3,6,10,8,4,9,5,10,12,12,9,4,8,13,13,9,14,14,4,14,9,3,11,15,4,12,6,14,7,8,8,6,13,7,7,11,7,14,16,9,9,11,9,8,8,5,6,8,6,15,7,9,6,7,13,8,7,9,6,8,7,10,4,10,8,8,6,12,9,4,5,8,7,5,9,6,7,12,7,5,11,13,9,7,7,9,13,12,10,10,5,9,9,8,4,18,5,13,9,10,9,6,3,8,9,8,11,19,8,10,10,7,9,8,6,16,5,9,10,4,10,4,6,8,6,6,11,8,7,7,11,9,8,2,10,9,7,4,10,10,16,18,12,10,15,12,10,8,9,8,9,10,6,6,10,6,7,9,7,9,13,6,7,8,6,7,17,9,15,6,5,5,7,9,11,4,6,8,9,15,3,6,3,6,6,8,7,9,3,11,6,9,14,7,8,10,9,11,10,9,9,11,7,8,5,6,9,12,13,7,6,13,10,10,6,10,7,4,12,7,11,8,12,6,9,9,7,6,13,14,4,5,7,10,12,14,8,5,6,12,12,7,4,9,8,4,4,5,9,8,6,7,6,10,5,6,10,11,6,7,3,10,6,7,12,1,9,9,9,12,10,8,8,5,7,12,2,9,10,10,8,8,8,8,10,12,2,9,9,15,11,7,6,9,8,11,9,10,5,13,10,12,7,11,5,11,16,5,9,14,8,7,6,6,6,11,10,3,9,8,5,11,15,5,11,9,12,6,14,10,8,9,11,8,4,9,5,13,11,5,9,9,3,6,5,2,8,11,12,6,11,13,7,7,6,13,9,5,10,6,9,5,8,8,9,9,9,13,7,9,7,9,11,13,9,11,8,6,9,13,9,10,11,6,9,7,9,10,5,7,12,8,8,7,16,6,9,10,6,20,10,4,4,6,9,8,9,11,12,5,12,5,6,11,7,5,8,7,4,8,13,11,11,2,20,5,7,8,7,12,4,10,12,8,3,11,6,8,8,11,9,14,6,7,8,7,7,8,8,5,8,6,4,12,8,7,18,5,11,16,9,9,5,5,10,13,8,11,9,11,7,8,14,11,6,3,8,8,15,5,9,8,4,3,9,10,8,9,14,6,8,6,7,15,10,9,4,8,6,9,16,10,8,11,8,17,8,9,4,11,9,4,10,10,9,10,12,6,7,8,8,10,6,7,4,16,6,7,10,6,13,11,11,12,5,8,5,10,3,11,8,3,8,5,9,5,5,11,10,11,8,9,18,7,15,9,10,7,5,10,3,8,9,10,15,10,9,7,8,18,11,7,9,10,11,10,7,11,8,7,6,9,4,11,6,3,8,11,7,12,11,2,16,12,5,14,8,9,13,9,8,10,10,7,11,5,10,8,3,13,2,11,11,11,2,16,9,4,9,8,8,5,13,7,16,9,9,10,10,12,5,8,8,10,8,7,9,10,8,9,5,10,8,13,18,9,5,10,13,2,10,17,10,5,10,6,6,4,5,11,8,4,8,6,7,6,8,10,14,14,10,14,9,7,14,9,9,8,10,8,12,13,8,11,12,8,11,7,13,13,7,9,10,7,8,3,16,5,15,4,7,7,8,8,6,6,15,13,8,13,5,4,7,14,11,4,9,16,9,7,7,9,5,11,15,8,7,9,6,9,9,13,8,11,10,6,9,7,11,8,9,11,15,9,6,9,8,16,10,6,10,2,10,15,8,7,6,8,10,7,12,5,8,8,5,7,14,9,9,5,8,11,6,5,13,5,10,5,7,11,9,8,5,4,4,11,11,9,10,8,6,11,8,9,7,6,9,8,9,6,9,9,11,11,9,10,19,7,8,16,14,9,4,11,12,8,12,11,5,10,17,6,6,10,9,8,8,9,5,6,14,6,5,5,5,12,9,11,12,14,11,9,8,13,9,2,8,8,14,11,9,11,1,23,6,7,14,5,9,4,10,3,7,12,7,6,6,7,6,11,4,8,7,6,6,6,9,9,11,8,5,10,7,9,10,14,9,5,6,7,10,10,8,8,9,11,16,5,9,8.725,15.0072964470525,2.44270355294749
3,6,7,12,9,9,6,10,12,6,8,8,6,8,10,8,5,14,5,9,12,8,8,8,7,9,7,6,6,6,8,10,4,9,9,6,8,11,8,6,16,9,8,6,13,5,8,10,5,9,11,8,9,9,4,14,10,7,7,9,13,6,17,4,8,13,13,6,8,12,10,6,11,8,7,5,5,11,7,9,11,9,8,17,10,7,6,7,6,14,7,8,8,9,11,6,8,11,7,12,4,9,9,12,7,4,4,3,9,9,7,5,7,7,10,5,6,7,12,6,17,11,9,10,14,6,6,10,8,5,11,8,6,10,6,7,11,4,7,14,5,10,5,9,8,10,8,7,10,12,4,8,7,6,4,6,6,14,11,9,9,10,7,7,6,8,7,6,9,10,9,4,6,6,9,16,11,5,11,9,5,8,13,4,11,11,3,15,9,13,9,10,10,9,9,6,14,12,6,8,5,9,13,7,13,15,6,13,8,14,9,8,10,8,8,9,9,15,2,8,6,5,9,9,9,2,9,8,17,4,12,14,6,6,5,13,14,8,10,17,16,12,9,12,3,15,9,8,7,4,7,6,9,3,5,7,12,5,6,9,12,5,9,7,5,5,8,8,12,9,11,9,9,11,11,7,9,8,9,8,8,10,8,11,5,9,3,9,3,13,5,9,6,12,11,4,9,8,13,16,4,5,7,8,6,10,8,9,8,14,6,11,9,6,5,13,14,10,4,12,4,9,6,4,7,6,3,11,4,11,8,6,10,8,12,9,7,6,6,4,13,9,7,9,3,6,9,8,7,6,17,4,6,8,9,4,8,11,11,9,3,7,13,5,16,6,2,7,9,8,10,11,7,7,5,7,12,3,8,12,8,1,9,7,9,5,15,7,13,16,13,4,16,5,9,9,8,13,5,8,14,14,10,7,15,7,12,8,10,14,2,12,7,11,10,8,10,12,9,5,4,5,12,6,13,8,15,10,15,3,8,10,10,8,11,5,14,5,10,11,15,12,5,5,8,6,11,12,5,11,5,12,6,5,13,6,8,11,6,10,10,13,4,10,7,15,10,7,19,12,9,11,4,9,9,10,11,14,3,3,9,15,15,9,9,4,7,6,9,8,5,9,13,9,5,10,11,7,5,8,7,4,9,5,6,9,7,5,11,7,5,12,8,8,13,7,12,8,11,12,11,5,12,7,8,10,12,4,6,11,11,6,8,8,7,9,7,9,6,6,8,16,10,5,9,5,10,1,6,6,10,11,3,8,5,10,6,12,12,9,15,7,5,8,13,7,10,8,4,7,7,8,6,9,9,11,8,6,9,9,6,10,13,13,8,12,9,4,11,12,10,9,5,11,10,13,8,7,11,5,14,12,6,10,15,5,5,8,5,7,6,4,7,6,9,10,9,7,7,9,7,7,9,13,9,9,8,7,5,8,2,5,7,9,17,6,5,18,7,6,5,8,10,9,7,10,9,13,11,10,13,5,10,11,8,10,2,10,7,17,6,4,3,4,12,8,8,5,7,10,15,9,9,12,3,9,5,6,20,9,6,14,11,5,6,5,6,17,3,11,11,7,11,2,10,5,10,9,7,10,15,7,9,7,9,7,5,6,15,11,8,14,6,17,11,4,6,3,9,6,6,6,10,9,5,5,4,6,6,8,5,7,9,14,5,11,4,10,8,7,7,12,13,10,9,12,5,12,9,8,8,14,11,4,11,8,7,9,11,8,7,9,5,9,5,3,13,9,18,11,9,12,14,5,12,5,7,9,10,8,5,10,5,11,8,6,5,11,11,16,12,12,3,6,10,12,7,8,4,5,8,6,14,9,8,11,6,7,5,11,14,8,11,7,10,4,9,10,6,4,9,11,12,9,13,15,5,3,6,10,9,8,9,9,11,5,5,6,8,4,7,11,12,7,7,4,9,4,7,11,7,11,3,12,10,3,4,14,5,11,5,6,11,9,9,6,11,8,14,16,9,11,6,10,7,11,15,11,5,11,4,13,9,13,9,13,10,10,8,6,11,7,7,13,7,6,8,13,13,6,6,8,8,18,11,7,9,13,8,8,9,7,8,3,14,11,13,4,7,11,17,11,8,3,11,11,9,10,8,9,4,14,5,10,4,7,12,6,12,9,9,11,11,10,8,4,11,8,7,19,8,7,14,10,11,10,15,7,7,9,12,7,10,7,6,5,7,9,12,3,14,9,9,7,6,12,9,6,9,9,5,6,6,6,11,5,12,10,6,12,11,7,5,7,5,4,6,6,10,6,8.576,14.9055111999609,2.2464888000391
10,5,5,7,4,5,11,7,11,8,7,7,4,3,9,9,12,13,12,7,15,7,13,12,13,4,12,10,10,9,12,7,11,7,13,10,12,10,10,6,11,16,10,6,10,7,8,12,7,7,9,12,5,9,6,4,5,6,6,6,7,13,9,11,5,10,11,18,8,10,9,9,13,9,9,6,7,10,11,9,5,10,8,10,9,6,5,8,7,11,7,6,10,7,8,8,12,14,10,8,10,5,21,9,7,9,9,6,8,13,12,5,9,6,11,7,10,8,6,13,12,5,10,5,9,10,16,6,10,10,9,8,5,9,8,10,10,3,10,12,8,12,8,11,6,10,4,10,12,9,4,6,8,8,5,6,8,14,9,10,3,7,7,7,9,4,7,10,9,12,12,4,7,14,6,10,7,5,11,8,3,10,12,5,5,6,4,13,8,11,6,3,12,8,13,7,17,11,7,10,4,10,18,5,10,10,4,12,6,7,12,3,8,11,12,12,9,12,6,12,9,7,8,9,5,9,8,7,9,16,12,10,9,8,5,10,11,7,8,11,7,10,12,11,8,11,6,8,10,4,8,5,16,4,7,11,10,7,6,6,5,11,10,8,9,13,5,12,8,8,4,9,8,7,8,11,9,7,6,3,8,9,8,12,9,9,8,6,7,8,10,8,10,8,12,5,15,7,5,8,6,7,7,9,10,12,9,4,13,5,10,8,12,12,6,9,9,14,9,7,13,14,9,5,8,7,1,8,4,4,8,5,1,9,5,7,9,12,8,6,13,8,4,10,12,12,5,5,3,11,4,10,5,4,13,8,6,9,6,5,9,7,9,8,8,12,5,4,7,11,6,9,9,8,6,11,13,7,9,11,12,5,10,8,10,14,7,12,10,11,11,4,7,15,9,10,5,9,11,11,6,10,6,9,7,11,10,10,6,9,12,8,7,12,5,8,10,4,6,11,5,8,11,11,7,8,10,13,8,10,10,9,11,5,4,7,13,2,14,5,7,8,10,7,12,5,7,16,8,10,5,8,2,6,9,9,7,5,9,10,5,9,11,7,6,8,2,10,13,6,6,11,6,19,4,13,11,5,6,8,8,10,12,8,10,13,9,8,9,8,4,8,7,4,6,11,7,8,7,12,14,8,8,8,13,10,8,8,4,9,6,6,10,5,13,5,12,12,9,4,9,11,6,12,8,8,7,7,6,7,10,2,17,5,7,5,7,4,9,4,5,11,9,10,6,8,10,3,10,6,11,13,4,6,4,5,10,12,9,12,6,11,7,9,5,8,13,10,7,9,5,6,8,11,7,8,2,8,9,13,6,10,8,10,7,5,7,11,12,6,5,10,13,5,10,12,12,14,6,10,9,13,7,8,12,9,8,10,5,7,10,3,6,10,11,10,7,14,6,12,8,7,8,12,7,8,7,4,4,16,8,9,8,11,10,10,14,4,10,4,10,10,11,9,1,8,8,11,10,13,7,13,8,5,7,15,7,15,7,7,5,8,5,10,9,10,9,8,7,5,15,12,6,12,8,3,12,10,14,8,7,14,6,11,10,10,7,5,1,13,6,6,6,5,9,8,6,9,11,10,4,8,4,9,12,7,9,5,5,13,12,12,4,10,4,10,11,4,6,9,11,10,10,7,11,3,9,8,9,5,12,10,7,6,11,6,7,11,8,11,10,12,11,8,9,16,14,6,8,6,6,9,13,5,15,8,14,8,7,8,8,9,8,16,5,7,7,5,11,3,3,13,10,10,7,10,10,2,7,7,6,7,9,9,5,11,15,6,9,18,8,12,6,10,11,11,7,6,6,10,7,18,8,9,13,10,9,12,11,11,11,9,10,16,10,8,6,13,14,7,5,11,8,5,10,7,8,8,5,7,7,7,8,10,7,8,14,4,7,15,11,12,7,12,9,9,11,4,16,11,7,10,8,7,10,14,10,10,11,10,7,7,7,6,11,11,4,7,16,15,5,11,3,6,11,9,6,11,5,11,6,11,7,9,7,8,11,8,13,6,7,8,10,14,8,7,8,9,8,8,5,7,9,16,11,8,7,7,13,10,6,10,9,7,11,12,11,8,5,6,15,5,5,6,5,10,7,10,10,9,8,17,9,8,6,8,19,7,10,16,13,16,8,6,9,12,3,10,5,6,19,8,6,8,18,9,8,13,10,5,9,12,8,12,7,9,5,10,9,3,9,8,10,6,5,12,9,11,13,9,8,7,5,13,6,8,14,11,6,17,5,6,18,12,9,8,10,15,6,5,8.665,14.7423874550071,2.58761254499285
4,9,6,8,8,8,11,4,5,11,6,11,7,7,11,11,9,6,8,5,11,5,11,9,5,4,8,5,6,7,7,7,8,4,8,4,11,11,14,10,12,10,6,12,8,6,10,11,6,8,13,12,4,5,6,9,15,9,5,6,7,8,6,9,8,8,7,7,4,11,13,9,4,11,7,14,8,6,13,10,5,7,9,20,7,4,11,8,5,12,6,6,20,4,9,7,8,7,10,11,4,4,12,19,3,5,7,9,6,6,8,4,8,7,9,8,7,9,8,8,17,6,10,8,17,10,8,7,9,6,6,9,8,6,14,3,11,7,11,13,11,5,6,6,7,8,7,5,8,8,10,5,10,8,8,5,7,12,10,13,5,13,4,6,11,8,8,12,3,7,9,7,3,12,8,8,5,14,8,6,9,13,9,7,5,7,5,10,6,11,14,5,6,7,7,8,12,5,10,3,6,7,10,11,9,4,7,8,13,7,7,7,9,7,7,8,7,12,5,6,6,14,8,9,5,8,7,7,7,15,17,3,3,9,3,10,11,4,9,9,8,11,8,9,5,12,9,7,15,11,12,10,11,7,9,9,13,9,11,9,11,9,6,15,10,10,5,17,7,10,5,8,7,11,4,11,4,7,6,4,12,8,3,9,6,3,5,5,5,12,6,7,4,11,17,10,3,9,5,10,9,9,5,14,15,6,4,1,4,9,3,11,9,5,9,12,12,5,10,12,9,13,8,6,7,8,10,13,3,10,11,3,5,11,8,11,4,11,12,12,9,14,8,14,7,9,4,5,9,4,4,4,10,6,13,6,6,11,6,11,6,9,5,7,4,10,6,7,6,10,12,5,9,17,12,6,9,6,7,13,8,10,7,3,12,4,10,7,13,10,11,4,9,5,6,9,6,9,10,12,10,13,12,11,17,5,5,7,6,15,8,7,9,17,10,7,6,11,12,5,4,8,7,5,10,9,14,6,10,15,6,8,6,7,8,7,12,12,5,9,9,10,8,5,10,4,9,14,8,11,3,6,6,7,8,6,8,9,7,4,11,9,6,13,6,14,8,6,6,9,9,12,6,9,3,12,9,7,6,7,12,12,14,10,8,6,10,4,6,7,8,8,12,11,6,11,12,12,14,6,11,7,9,7,10,7,9,9,15,12,7,6,4,11,15,3,13,9,9,9,9,11,16,3,3,7,6,6,6,10,7,9,13,14,9,8,10,10,6,4,10,13,17,9,10,4,8,8,3,4,7,6,4,5,8,15,13,14,10,8,9,13,3,5,5,6,8,15,3,9,6,6,10,13,9,13,6,6,12,6,8,8,7,6,4,8,13,8,6,12,12,7,10,11,10,12,6,12,13,5,13,18,12,9,6,9,7,6,6,4,11,10,5,8,6,8,17,7,7,3,8,11,9,10,4,12,7,12,7,22,12,13,7,13,11,5,9,9,7,8,11,7,10,8,8,14,10,11,11,9,10,5,4,8,7,10,5,8,12,12,9,10,5,10,9,9,14,8,5,12,16,11,11,4,3,11,9,6,8,10,4,5,9,5,6,11,5,10,9,8,4,16,5,10,13,9,7,9,11,10,11,8,5,4,10,6,7,14,9,9,6,10,5,8,8,9,10,7,7,12,4,9,4,8,8,5,11,8,7,6,5,6,12,23,7,8,9,7,8,7,7,11,12,14,8,10,9,6,12,7,4,8,10,4,14,7,10,10,4,10,10,6,9,6,9,6,11,7,12,7,13,12,9,6,9,5,11,4,5,7,6,11,7,12,11,1,12,13,2,5,9,17,5,5,6,8,6,7,12,10,9,8,13,7,6,5,2,0,13,10,12,7,9,4,12,10,9,4,8,6,10,6,13,12,7,11,8,10,12,3,6,12,4,5,5,8,11,6,9,7,10,11,9,7,2,7,6,7,8,3,8,10,6,10,4,12,11,16,4,9,7,5,9,10,8,10,7,11,8,16,8,9,5,4,11,9,13,11,5,6,8,10,11,16,4,13,7,6,10,8,5,10,10,9,12,4,8,14,10,5,5,7,7,6,7,6,2,11,7,9,8,9,9,9,8,13,11,9,8,10,14,11,6,8,12,10,8,7,11,10,6,13,7,6,7,7,9,12,5,11,10,7,13,7,10,8,5,6,11,13,11,4,6,2,11,10,6,11,6,7,7,9,12,11,11,16,8,8,9,5,11,8,15,11,8,10,8,8,11,11,8,5,7,10,10,14,8,4,8,11,9,7,10,8,6,15,8,9,7,9,8.473,14.7399431503764,2.20605684962359
9,11,7,7,3,9,13,11,6,10,11,14,8,6,10,6,8,10,11,9,9,12,12,14,8,10,8,8,6,6,9,13,10,10,7,8,2,6,9,5,8,14,10,7,9,5,10,3,9,9,4,4,3,3,7,13,5,3,4,9,4,4,7,8,11,10,14,7,3,14,6,10,12,10,14,12,6,11,10,16,13,8,14,12,7,8,5,13,6,8,19,7,12,7,10,7,8,7,5,11,5,10,9,4,5,6,10,7,13,12,4,12,5,4,5,8,9,7,6,7,13,7,9,5,18,7,16,7,10,4,10,5,6,8,7,5,19,9,8,17,10,9,4,11,7,10,3,10,12,4,12,11,6,10,8,2,11,6,8,5,7,12,11,6,10,7,9,6,8,8,6,9,10,10,7,10,5,11,13,11,4,9,7,8,10,10,2,12,10,17,9,3,8,12,7,8,14,16,5,7,3,8,12,6,15,9,4,10,5,5,5,7,7,9,5,12,14,5,8,3,10,4,14,4,9,8,9,9,9,12,13,10,9,11,5,13,4,10,10,9,8,12,12,13,13,13,6,5,6,7,7,11,11,5,3,11,9,12,10,8,10,6,9,5,6,10,9,13,8,12,4,3,8,16,9,7,8,11,5,12,11,9,9,13,7,6,14,6,5,10,8,8,9,10,10,6,14,6,8,14,8,4,5,6,10,8,7,8,9,10,9,16,12,11,5,9,10,15,6,5,5,7,13,7,8,6,7,14,7,7,4,5,3,9,8,10,7,9,6,7,10,16,6,9,10,8,6,7,9,12,12,4,8,4,15,4,6,7,7,5,7,7,8,3,15,9,6,7,10,10,8,14,5,5,7,8,10,9,6,11,10,11,5,5,5,5,11,2,11,11,10,5,11,2,6,9,7,10,9,12,4,11,9,8,14,7,7,10,7,7,9,12,8,6,8,1,14,10,2,6,8,8,8,3,6,6,8,8,8,9,12,2,10,9,11,5,9,7,10,10,8,6,5,6,14,6,9,10,8,8,8,12,11,3,11,15,6,6,6,11,8,8,8,8,9,9,7,10,18,15,9,7,7,10,9,12,4,12,11,9,13,11,14,7,11,8,8,9,12,8,12,8,12,7,7,7,10,11,12,3,19,5,5,6,13,6,9,11,10,8,8,6,11,7,13,5,9,8,5,6,8,6,4,9,2,5,14,8,12,11,12,10,4,9,9,4,8,7,7,4,10,14,9,12,13,4,8,8,9,5,4,8,5,10,10,5,15,5,9,7,11,7,10,8,7,5,14,14,10,5,8,11,7,9,3,11,5,3,8,8,8,11,9,3,3,14,8,9,7,5,9,8,9,8,13,10,6,8,5,7,16,12,9,10,8,9,2,11,9,7,8,9,5,8,10,11,10,8,13,9,7,7,10,11,7,7,14,11,9,9,11,8,7,14,8,6,4,8,12,4,10,10,5,5,7,7,6,9,10,8,11,6,11,6,8,9,13,10,5,2,4,7,5,9,14,8,11,12,6,3,9,9,13,11,9,7,15,12,12,5,3,9,5,8,7,10,5,11,2,12,13,9,6,9,3,6,6,4,11,10,8,7,9,5,9,7,3,15,7,13,6,9,9,11,9,5,11,10,13,8,5,10,10,11,6,8,7,5,8,4,5,8,9,8,8,4,9,10,11,6,13,8,8,12,16,13,6,9,3,4,3,8,13,5,12,8,4,6,8,9,5,10,6,7,3,8,8,8,11,10,7,7,10,9,11,8,12,5,5,10,7,13,9,7,8,8,9,4,11,7,6,7,10,13,9,12,5,7,3,9,4,7,12,9,10,7,9,22,7,8,5,9,7,9,10,9,7,6,10,9,5,9,15,5,6,12,5,3,11,6,7,7,5,7,9,3,13,8,7,13,10,11,11,15,11,9,6,12,5,8,3,4,6,13,6,8,6,8,9,13,6,5,8,6,8,7,5,8,12,13,10,6,9,12,12,9,8,3,9,12,6,10,6,7,8,10,9,8,5,5,7,6,7,7,8,8,2,9,9,9,8,9,6,8,6,7,9,12,8,16,13,9,9,9,3,14,13,6,6,5,11,9,5,7,11,5,16,8,13,11,3,11,8,10,8,4,12,8,11,7,13,9,12,5,6,12,8,4,7,13,9,10,8,7,16,7,6,15,14,6,9,6,9,13,12,8,7,3,10,10,8,11,9,6,6,9,8,10,15,5,6,7,5,11,13,3,9,10,10,12,8,6,16,3,6,7,11,17,8,7,8.453,14.6217700905472,2.28422990945278
9,9,11,8,6,4,13,10,13,10,9,10,5,9,9,12,8,10,9,6,8,13,7,7,10,6,10,7,2,8,5,6,8,18,8,2,6,5,10,10,7,10,5,10,8,7,10,8,6,10,6,12,3,9,6,6,12,7,4,11,9,8,7,8,7,14,5,12,2,13,12,11,8,6,8,3,5,9,15,7,7,7,9,2,12,7,8,5,4,10,4,7,11,3,13,7,6,10,7,4,11,4,9,15,4,7,9,6,6,7,11,6,4,4,14,7,6,14,6,7,6,6,9,5,14,7,10,3,12,4,6,7,9,7,7,7,8,4,9,17,3,11,6,6,9,17,4,11,4,5,6,9,13,6,3,8,7,12,8,7,7,10,9,2,7,5,4,7,7,9,5,4,4,7,9,9,6,11,14,9,2,8,9,5,5,4,13,8,8,9,10,8,8,6,10,6,11,8,10,2,9,7,7,13,9,14,3,9,9,12,8,6,10,5,8,8,10,10,3,9,4,9,11,13,11,5,8,6,8,9,10,11,3,7,3,9,9,7,4,10,6,11,8,6,4,15,12,7,8,10,5,9,8,10,12,10,10,7,9,4,4,6,9,9,6,10,11,11,12,7,9,5,7,10,7,7,13,15,10,15,11,9,7,12,4,4,10,11,3,14,9,12,5,17,11,8,10,12,14,19,7,6,9,7,4,10,6,7,7,12,6,9,14,14,7,8,6,12,8,4,7,9,8,10,17,7,12,13,4,9,8,6,6,3,12,11,5,10,10,7,14,3,5,5,8,6,9,9,5,12,13,8,8,5,8,4,5,12,12,6,5,9,13,3,9,10,9,8,3,13,13,9,6,9,12,7,6,4,5,7,10,10,9,5,9,10,14,11,12,9,14,7,10,13,9,8,10,7,7,8,5,17,14,8,10,9,6,4,5,23,8,9,11,15,8,13,12,6,3,11,8,6,10,11,11,14,9,6,4,5,8,7,5,9,8,10,9,5,11,7,11,3,4,5,9,11,5,9,7,17,9,5,8,5,14,11,8,9,9,13,5,13,8,7,5,13,11,10,5,5,5,10,9,13,8,13,8,9,11,7,13,12,14,8,8,11,6,11,13,6,6,8,12,8,9,10,15,5,13,6,5,6,11,11,11,7,8,4,6,5,7,14,9,7,9,5,10,7,8,6,6,13,10,6,3,11,3,5,2,9,15,8,19,9,5,6,11,4,9,7,9,10,16,12,20,6,9,4,10,6,15,14,4,8,9,10,7,11,8,10,8,9,4,8,10,11,17,9,12,7,6,7,10,9,11,9,3,6,8,8,9,8,8,12,7,10,6,8,12,12,14,8,9,10,10,5,11,6,11,3,14,15,6,13,4,9,6,9,10,7,12,1,4,9,13,10,11,8,6,8,9,10,4,8,5,2,5,11,8,12,7,9,7,11,8,6,4,11,10,3,4,6,12,8,5,11,8,14,11,16,7,7,4,11,7,7,4,13,5,8,6,6,7,6,7,8,7,2,14,7,12,14,7,13,10,9,12,6,13,11,5,7,10,8,9,8,9,9,10,9,8,9,4,10,8,5,13,10,9,13,10,4,7,6,9,9,7,8,4,9,15,5,8,13,13,5,14,5,16,11,18,7,8,7,7,8,7,11,7,9,11,6,7,10,8,5,11,13,9,12,5,11,2,6,10,10,10,7,5,11,5,14,12,5,8,7,12,10,5,4,9,6,6,7,6,7,8,10,8,7,11,5,15,5,10,9,6,5,2,5,5,6,12,12,11,13,12,7,7,12,12,12,6,8,11,14,3,13,4,15,4,4,11,8,9,4,10,7,7,8,14,6,9,5,16,13,7,8,9,5,10,6,10,6,9,7,4,5,7,6,11,9,10,11,9,16,9,11,7,11,7,5,8,5,7,3,11,5,10,7,13,15,10,12,12,6,6,11,7,8,11,8,4,5,10,8,7,6,9,11,5,10,8,7,6,4,5,9,8,9,10,11,9,11,13,9,7,19,10,7,5,4,5,6,5,6,9,9,12,7,12,10,15,15,5,6,6,15,10,8,6,5,10,6,15,22,13,9,4,14,9,12,4,6,8,12,7,7,6,8,3,13,10,3,6,10,15,7,8,9,17,13,8,6,4,14,3,5,7,8,5,10,12,6,8,12,7,14,12,8,9,8,5,6,6,5,2,7,10,5,12,9,10,9,3,10,11,7,18,5,12,11,7,8,9,6,15,8,6,11,10,8,12,11,8,11,13,11,6,6,8.491,14.9354161356736,2.04658386432641
5,11,3,10,7,5,11,6,6,9,12,7,6,6,8,11,4,12,10,10,19,3,9,7,9,9,14,10,8,7,10,7,6,6,7,17,7,8,15,11,18,13,11,12,13,11,11,10,8,9,8,10,9,6,6,7,6,6,8,7,11,12,7,7,7,12,9,15,3,15,6,7,8,9,11,10,7,8,10,9,8,16,6,17,10,5,0,4,3,10,8,12,8,10,14,7,6,13,3,9,3,8,13,12,4,8,9,5,10,9,11,9,7,10,11,6,13,14,11,8,9,6,9,11,9,5,11,6,15,5,4,6,7,9,4,5,8,5,12,11,11,14,8,13,13,10,9,12,11,6,7,7,5,5,12,11,8,3,6,4,8,8,7,2,4,9,7,6,6,12,5,7,7,9,9,9,14,8,10,10,8,4,8,13,6,15,2,16,5,3,10,10,8,8,9,10,14,7,10,10,5,12,13,7,8,13,5,12,16,7,12,3,11,14,7,15,16,11,8,8,13,7,7,8,5,9,5,5,10,9,7,12,9,8,8,7,6,8,10,12,14,11,14,7,8,2,10,9,3,7,7,6,7,12,11,9,9,6,4,7,4,13,7,14,6,10,7,8,9,6,7,9,6,7,6,6,9,9,7,4,21,6,6,4,2,9,10,4,6,6,4,6,8,15,9,2,12,11,6,5,8,7,8,11,6,14,9,11,12,10,8,10,10,10,7,7,12,14,6,17,6,10,7,9,7,8,10,6,8,10,4,4,5,12,7,6,10,15,11,5,11,19,6,10,6,7,7,13,8,7,7,3,8,8,10,8,3,8,9,8,7,11,9,7,8,9,5,7,4,9,8,13,4,6,11,6,6,7,7,10,10,5,9,6,11,8,11,7,13,10,7,9,8,10,9,12,8,5,9,8,6,17,5,5,8,7,9,10,10,12,6,11,8,13,13,3,6,8,9,6,5,11,6,10,11,13,12,10,12,8,11,3,8,4,5,9,11,7,8,10,8,9,4,12,2,3,5,9,11,5,6,2,10,11,18,12,8,12,5,5,7,10,5,7,8,9,5,8,11,11,10,5,10,14,6,9,12,9,12,6,7,8,8,8,9,9,9,10,7,5,4,8,10,8,7,12,10,8,7,5,6,3,7,9,13,6,12,7,12,5,7,7,7,9,13,9,12,4,7,9,11,7,13,13,9,10,5,4,5,6,9,3,5,10,8,11,8,4,11,8,8,11,13,12,9,11,8,8,8,7,16,9,3,9,7,17,9,13,10,14,10,7,8,15,4,7,10,11,7,11,13,7,8,11,11,8,6,8,7,7,7,12,11,6,7,11,11,7,7,9,11,9,7,6,14,9,8,7,9,15,11,11,9,12,12,9,10,8,13,9,5,7,7,9,13,14,10,7,4,6,9,9,9,8,6,8,15,6,9,12,7,12,5,13,8,8,11,14,8,6,13,7,7,9,7,7,12,9,10,9,4,8,4,10,9,7,7,12,6,8,8,4,6,6,13,7,5,6,10,11,8,6,7,10,9,6,8,8,11,6,8,8,10,6,11,4,4,7,7,5,9,16,4,5,6,6,10,7,7,8,12,6,4,6,9,13,5,10,9,8,7,4,8,9,4,5,8,8,6,4,14,8,9,7,10,7,5,7,9,2,6,10,11,9,5,4,9,8,5,8,8,6,10,11,15,8,7,8,15,5,4,10,10,7,12,7,9,11,7,12,6,9,4,10,4,12,9,7,14,9,12,11,15,4,11,7,9,7,4,9,9,12,6,9,10,8,6,5,8,10,6,12,6,6,5,7,4,8,5,10,11,13,7,11,9,13,3,6,4,5,10,7,9,10,6,9,13,6,10,9,6,9,12,15,12,9,8,9,11,9,7,7,13,6,8,6,15,5,6,6,9,16,13,7,6,7,5,7,17,8,5,5,7,11,4,7,3,12,5,10,8,8,8,10,5,9,12,7,9,14,13,9,3,8,9,9,11,8,4,9,5,4,4,8,7,9,6,16,11,6,9,7,12,13,8,4,6,8,5,4,6,6,10,10,6,9,5,10,8,6,6,9,14,10,12,9,9,8,9,9,9,11,7,4,6,12,5,6,15,8,11,9,3,8,3,11,12,6,9,11,15,9,5,10,15,15,10,8,5,10,13,12,9,6,13,7,10,14,6,10,7,12,3,8,9,9,6,6,10,8,10,9,7,4,6,12,5,10,10,7,8,5,11,6,16,8,7,7,4,14,9,4,10,8,15,8,9,13,8,8,8.501,14.535597295837,2.46640270416302
4,9,6,10,5,9,8,9,12,9,5,10,6,5,11,12,7,8,8,11,11,4,10,9,6,7,12,7,5,8,11,8,6,7,9,4,7,6,12,1,7,13,8,4,10,5,4,9,9,8,6,14,11,4,12,11,7,5,4,6,6,6,8,7,7,12,10,6,5,7,9,11,8,8,5,13,6,6,15,6,11,8,10,22,8,7,10,3,12,9,9,5,12,9,4,8,15,10,12,15,5,3,5,12,5,11,10,7,5,7,11,5,11,8,4,7,7,8,8,11,17,7,6,4,12,9,16,5,7,5,8,10,8,7,8,5,13,5,7,15,6,9,6,3,9,8,8,6,5,8,5,4,8,9,11,5,10,13,9,5,8,5,7,5,9,5,6,6,10,9,11,5,3,19,8,6,5,11,4,11,6,8,5,6,8,12,4,19,4,19,8,6,7,8,7,12,15,7,4,9,5,4,12,10,7,13,9,11,10,8,5,7,9,7,8,8,9,7,8,7,8,6,8,9,4,2,11,9,10,11,9,8,15,7,5,7,9,10,11,15,10,5,7,11,4,14,7,5,7,7,8,11,6,1,4,10,8,5,11,6,12,6,5,7,7,14,8,11,10,6,8,7,8,6,9,8,9,5,9,4,11,8,10,9,11,6,9,2,6,10,6,9,9,11,15,6,13,11,9,14,7,6,6,7,12,5,7,6,15,3,6,9,13,7,9,10,6,13,13,7,7,9,9,3,6,7,9,8,11,13,11,8,4,10,5,14,10,13,5,5,10,17,9,9,5,5,2,9,8,6,10,4,10,2,12,7,5,6,9,5,12,5,8,9,5,11,5,6,3,5,5,7,13,6,6,11,8,6,3,5,12,6,9,7,7,6,8,12,11,7,6,5,11,6,11,11,9,10,10,10,7,14,12,10,20,6,12,8,2,11,7,8,10,13,7,9,12,4,6,7,4,4,12,8,11,6,15,7,17,8,11,12,14,8,3,4,12,7,7,5,14,6,9,6,10,7,8,5,9,5,10,7,7,6,13,4,5,7,5,9,10,10,11,14,6,11,2,14,13,5,12,11,6,20,6,8,6,10,8,2,12,14,10,6,6,10,16,4,10,5,9,8,8,8,10,10,9,3,10,7,14,7,5,12,9,7,10,9,13,6,7,2,7,10,14,10,10,10,7,8,7,8,7,7,9,9,9,5,6,15,8,8,13,9,4,7,15,6,9,8,11,9,17,6,9,15,14,10,7,7,14,10,4,2,6,11,6,9,13,7,9,11,10,7,5,5,7,10,10,6,3,4,7,8,10,12,7,7,14,8,8,9,13,5,7,11,8,12,9,10,8,12,3,9,9,7,6,11,5,9,11,23,7,7,10,7,6,9,4,8,6,9,9,9,7,8,10,9,8,6,6,7,6,6,4,9,9,5,8,9,7,12,6,7,5,8,4,11,12,5,11,9,7,6,3,7,7,13,7,11,9,4,4,2,6,12,3,10,4,10,8,6,7,17,8,8,9,8,6,6,11,13,20,6,6,8,12,5,17,10,9,7,5,5,4,2,6,9,3,8,12,15,7,12,7,7,12,5,7,8,5,10,11,5,12,8,8,14,11,15,8,8,14,10,5,8,6,5,9,9,5,9,13,13,10,6,6,6,6,4,12,5,9,13,7,4,13,11,12,7,7,9,11,9,10,4,12,9,9,7,7,9,8,5,12,9,17,12,8,11,6,12,6,10,10,7,4,7,14,5,6,10,8,10,4,13,3,3,7,6,5,7,10,7,4,10,11,10,8,8,8,9,7,5,3,10,8,8,5,2,5,11,14,11,4,4,10,12,11,12,14,3,6,8,8,11,6,7,10,5,8,8,11,11,9,9,4,13,11,6,10,7,8,6,9,8,16,2,9,9,11,11,7,10,6,6,9,1,7,8,4,9,6,3,4,10,5,16,9,8,9,10,6,5,8,10,10,9,10,6,7,7,7,2,8,7,12,6,9,6,7,13,8,13,7,13,10,4,10,4,7,12,8,9,9,6,8,11,10,12,5,5,6,12,7,5,5,9,7,4,6,8,3,7,8,8,16,7,4,8,17,6,7,2,13,10,8,8,9,10,4,15,11,8,8,7,7,11,10,11,9,14,12,9,7,10,6,9,3,4,13,7,3,5,10,8,10,23,9,6,11,11,4,15,8,9,7,13,10,6,10,10,6,10,6,8,11,3,10,7,6,2,8,5,6,4,11,12,13,15,8,4,15,10,7,12,8,15,6,5,8.306,14.7122464467062,1.89975355329379
5,10,14,12,15,4,13,5,10,6,6,6,9,11,10,7,6,18,7,6,11,9,9,7,9,11,7,9,4,11,9,8,8,8,6,6,5,7,9,5,9,4,7,11,7,7,11,5,5,7,4,3,11,5,7,3,6,7,5,11,3,8,7,12,4,8,10,15,5,12,9,6,10,10,12,5,8,10,5,6,10,11,9,14,7,7,5,6,4,16,11,6,8,8,9,3,12,8,12,10,10,6,11,13,7,10,13,8,8,14,5,7,2,9,6,7,6,11,6,10,7,4,13,9,15,6,11,11,10,7,11,3,6,9,4,3,8,13,10,10,7,7,5,9,7,5,6,10,13,9,8,11,9,6,7,7,8,8,9,7,7,8,10,10,10,15,8,6,7,16,9,8,9,6,7,17,8,3,8,7,10,10,10,7,9,11,5,10,7,8,6,6,9,5,7,3,15,8,5,5,6,5,12,11,7,8,6,5,8,5,11,5,8,16,6,12,11,8,8,10,6,12,9,9,7,7,7,8,8,11,12,18,7,2,10,11,5,6,15,8,6,4,4,14,4,11,12,6,5,9,5,4,6,5,7,11,14,6,7,6,7,9,7,11,4,9,10,9,5,9,6,7,5,13,8,11,7,13,9,9,8,11,10,12,10,5,10,3,9,14,6,11,8,5,9,4,12,10,5,5,3,8,4,6,7,5,6,4,11,13,5,10,10,13,6,9,8,11,10,8,7,9,12,5,6,2,10,7,3,5,7,9,8,10,5,11,8,14,12,8,8,9,4,5,10,5,7,8,9,7,6,1,8,10,10,2,5,12,6,6,13,3,5,6,11,10,9,12,6,12,10,4,5,9,9,9,6,6,8,18,13,4,7,5,8,2,7,11,11,6,8,3,6,9,11,5,4,10,10,6,3,13,10,6,7,4,6,14,6,14,12,6,10,15,14,7,6,7,7,12,5,7,8,8,7,7,9,6,7,4,9,5,8,8,12,6,8,5,1,12,6,7,9,7,12,8,8,5,10,8,10,9,8,7,9,4,8,8,11,10,9,9,4,9,5,7,8,11,3,13,4,8,9,13,5,13,12,10,6,13,10,6,11,5,10,6,9,8,7,8,5,7,9,14,4,9,7,10,12,8,12,8,9,12,8,5,5,7,10,8,7,7,4,7,14,3,16,7,9,5,14,9,12,6,5,4,11,7,10,10,6,8,9,7,8,3,8,9,7,6,6,17,9,13,16,7,10,9,12,4,5,6,2,7,8,7,11,11,7,10,17,11,6,10,5,6,14,13,4,3,8,9,8,4,11,9,4,2,6,10,11,16,6,8,7,7,5,6,8,8,14,10,7,9,12,5,6,6,9,5,6,14,6,4,9,9,7,8,10,2,12,2,10,12,12,9,7,6,4,14,5,8,5,10,5,8,6,12,9,13,3,6,5,11,4,5,12,8,8,4,6,8,9,7,4,8,5,11,9,8,11,6,4,8,8,12,7,12,6,12,11,10,5,10,14,14,9,2,5,9,7,6,18,6,6,6,11,7,10,15,5,9,7,7,6,8,12,8,7,6,11,7,5,11,10,5,9,9,2,7,11,8,4,4,9,8,5,12,11,6,10,7,7,13,5,4,10,3,13,15,13,6,7,10,11,5,6,9,5,6,4,4,11,19,5,9,9,9,11,8,11,12,9,11,6,12,10,6,3,5,7,7,9,6,7,9,8,9,3,8,9,9,11,4,6,7,9,12,5,8,7,18,9,4,8,5,14,3,6,9,4,7,11,10,12,6,16,11,7,9,8,11,8,10,9,3,4,9,4,9,12,9,8,9,7,7,7,8,12,9,16,5,7,7,10,11,9,9,12,9,3,7,19,14,9,7,7,10,8,9,8,16,8,5,7,10,13,10,5,11,12,7,16,4,8,10,8,6,9,7,9,13,4,11,4,10,8,13,6,6,4,5,2,7,9,3,10,6,9,9,6,12,5,9,9,5,7,8,15,12,13,10,11,6,7,6,9,11,11,5,9,8,9,5,10,4,9,12,6,3,5,8,10,6,8,6,10,5,8,8,6,10,8,5,13,12,8,7,5,7,11,11,5,7,7,15,9,7,9,12,6,10,7,8,4,14,14,15,14,12,5,9,12,12,15,13,8,2,7,8,12,12,9,2,12,13,11,12,5,7,7,7,8,6,9,12,7,8,6,7,13,12,9,0,5,12,7,2,12,8,9,15,6,9,7,4,15,8,13,12,11,7,9,10,3,7,7,13,9,4,8.241,14.4107449690715,2.07125503092849
7,10,9,6,6,5,16,8,11,5,11,8,3,10,9,13,4,11,6,12,13,10,9,11,8,7,9,6,7,6,9,5,8,8,6,7,10,8,12,2,7,11,10,10,9,9,10,6,11,4,14,15,6,5,10,9,4,7,5,9,8,8,5,12,7,6,14,13,4,11,4,3,9,10,3,8,7,3,9,8,11,5,4,14,10,13,6,3,5,13,5,6,10,6,11,10,7,14,5,10,10,8,11,11,6,3,10,11,7,9,8,8,11,13,8,4,8,13,5,5,6,8,4,7,14,8,17,6,11,10,4,5,2,7,15,4,6,11,4,10,13,5,10,8,2,11,13,4,9,6,6,8,4,9,7,9,9,11,2,9,6,16,8,7,17,5,13,10,5,9,8,6,4,11,17,10,9,9,17,10,4,15,7,6,7,8,4,18,11,13,11,5,11,6,10,7,13,6,12,5,4,10,9,10,5,11,13,14,10,7,8,6,3,4,4,9,8,11,8,12,16,8,10,7,4,6,9,11,9,7,5,10,6,7,5,17,9,7,10,7,5,15,6,9,8,20,13,6,8,11,9,17,9,9,9,9,14,9,6,9,5,7,8,6,6,5,7,9,6,12,6,4,3,12,7,7,13,8,6,6,12,6,8,7,4,5,5,8,3,13,9,11,11,14,3,12,7,6,11,8,5,5,3,6,4,10,9,4,9,9,13,10,15,15,6,11,5,12,11,9,6,16,8,8,14,6,6,8,7,15,12,10,9,10,7,8,7,8,6,5,10,11,4,10,4,9,12,10,5,10,6,6,10,6,13,7,4,10,7,7,0,8,6,10,6,10,16,8,4,6,5,7,7,7,8,6,8,3,7,13,10,10,7,9,5,8,6,7,11,9,10,6,8,9,4,6,8,3,4,4,7,14,7,6,14,7,4,7,8,11,14,9,7,12,7,6,6,6,7,4,7,2,7,10,7,16,13,8,3,4,15,6,10,5,8,9,9,8,11,10,14,5,4,7,12,0,6,15,10,10,3,8,9,7,15,5,8,5,5,11,9,6,6,11,6,12,12,8,6,5,6,9,11,9,2,8,9,11,5,8,7,5,17,6,4,11,7,6,12,8,7,12,11,12,7,7,8,11,8,11,6,4,5,12,11,6,11,6,7,10,6,5,9,8,8,5,16,7,9,11,11,8,13,4,5,6,7,7,5,11,9,12,9,8,3,4,11,7,8,6,6,12,10,11,12,9,8,9,5,8,14,6,2,8,9,10,9,4,10,10,8,9,5,13,7,10,14,9,6,9,9,3,10,8,9,6,6,8,7,5,6,13,14,4,6,11,6,8,4,9,8,10,7,6,7,6,7,8,13,6,9,15,5,10,5,5,6,11,10,6,10,3,17,9,12,6,11,7,7,7,11,16,8,8,6,10,12,9,7,9,7,10,12,11,8,3,4,13,9,3,7,5,6,3,6,10,11,14,10,13,8,11,6,9,3,8,5,8,10,8,4,5,8,8,11,8,8,12,12,4,2,12,11,10,9,7,8,6,7,9,6,8,3,8,9,6,6,9,5,6,6,8,7,8,10,9,3,11,6,14,17,9,6,2,9,7,7,7,5,9,14,9,13,9,8,9,10,7,13,9,15,10,6,11,13,11,4,6,7,5,5,11,6,9,8,5,10,4,5,5,12,5,3,9,7,9,11,4,11,4,6,10,6,4,12,5,5,4,12,8,2,6,2,5,6,7,10,6,9,9,13,8,14,7,13,13,5,3,7,3,6,7,3,1,4,10,10,9,6,6,6,14,3,6,7,9,4,13,6,9,9,8,12,6,7,7,14,8,3,8,8,7,12,6,8,9,6,8,11,9,10,10,6,6,10,8,8,9,10,3,5,12,8,7,10,14,6,7,11,9,10,5,8,11,7,4,8,10,6,12,9,9,4,12,7,9,7,10,8,9,10,5,9,7,2,6,8,11,15,5,7,3,8,8,11,7,6,5,10,9,9,8,7,8,11,9,15,4,9,6,5,5,7,11,5,1,11,6,8,11,8,6,8,5,8,10,4,11,7,8,6,10,8,3,14,13,8,8,5,9,10,5,11,8,16,7,11,7,11,12,4,3,10,6,5,7,12,7,7,6,14,7,10,3,9,2,5,7,5,3,10,7,7,6,9,11,11,13,10,7,10,10,5,6,12,6,6,8,6,5,11,9,5,7,4,9,8,10,6,2,8,6,12,9,8,11,12,8,9,9,16,9,10,11,11,10,9,8,10,8,8.168,14.3517082830394,1.98429171696062
6,8,12,10,6,6,9,9,12,6,10,10,13,5,4,9,9,8,6,10,9,9,10,5,6,8,7,10,4,8,10,4,7,7,8,6,4,10,10,12,10,8,10,8,11,2,5,8,10,10,3,5,13,11,8,10,9,8,5,5,11,13,7,8,4,15,10,11,3,13,9,10,5,4,8,15,8,5,5,6,9,5,9,11,11,9,8,4,11,10,7,6,11,9,12,10,9,9,6,9,5,5,5,7,6,8,7,1,9,8,10,8,5,6,8,10,7,12,10,6,13,3,8,6,14,7,10,5,10,8,9,6,8,12,7,10,12,7,9,10,6,5,2,8,6,10,9,7,9,4,6,10,9,7,6,8,8,9,8,6,6,15,5,5,8,7,8,6,10,10,9,10,9,11,9,10,4,14,12,16,5,8,7,10,7,3,9,6,9,14,7,8,8,6,9,5,11,6,8,5,5,5,7,10,10,11,6,10,10,10,9,7,6,8,7,14,13,10,9,4,5,13,7,11,10,4,8,7,11,6,10,11,10,7,5,12,4,6,12,10,7,6,11,5,7,10,6,5,3,6,9,8,6,8,3,10,12,8,12,7,11,6,6,10,9,4,12,7,8,10,6,7,9,9,8,12,5,10,13,6,11,7,9,11,2,8,13,7,6,12,5,11,5,4,12,13,8,9,8,13,6,8,11,8,6,7,6,11,12,5,9,15,6,8,7,6,8,11,7,8,10,4,9,9,6,4,8,9,10,9,12,9,8,9,6,12,4,8,8,10,8,13,14,13,5,7,12,8,7,11,8,3,11,7,13,12,5,11,5,9,9,8,9,9,6,12,7,6,3,5,11,13,9,10,10,5,8,9,7,7,7,14,9,9,10,5,11,7,10,9,10,8,15,12,6,4,6,5,9,12,7,10,9,11,14,3,4,11,6,10,5,8,7,11,7,9,8,10,5,4,7,17,9,8,7,3,7,5,6,8,16,5,4,6,6,5,12,6,8,7,7,5,7,14,8,5,8,7,3,11,8,5,6,6,5,11,7,8,12,4,10,10,4,14,6,9,4,10,9,6,12,10,7,21,7,15,10,6,11,6,16,12,11,10,9,6,18,7,9,10,8,3,8,4,7,12,9,6,6,5,15,10,4,12,11,7,7,7,12,9,8,8,6,6,10,4,8,9,4,6,8,12,7,13,4,3,5,11,5,8,9,6,12,10,7,3,10,3,9,7,8,12,15,11,13,10,11,5,6,7,15,10,3,7,6,8,5,4,6,9,10,3,7,5,11,9,11,12,3,12,13,15,7,10,15,9,3,6,8,10,12,6,8,3,2,14,3,5,13,12,11,7,5,8,4,9,7,4,11,5,11,14,9,8,8,5,9,12,11,10,11,5,9,6,13,17,16,5,5,8,6,7,8,8,2,8,8,8,9,6,4,9,7,7,11,6,7,11,11,8,8,10,8,6,7,7,6,10,13,8,4,10,7,8,12,12,4,9,4,5,12,6,4,11,4,7,10,13,6,5,9,13,7,8,8,6,9,8,7,8,8,4,11,8,8,7,7,11,8,5,4,6,4,3,3,3,11,7,14,7,11,7,12,6,8,11,7,10,9,11,9,7,9,11,6,8,19,7,7,7,10,6,11,10,6,6,5,10,14,12,5,4,4,9,6,3,8,16,3,8,10,9,7,8,10,5,10,8,9,8,9,10,7,3,10,8,13,11,4,10,6,9,8,6,5,8,7,8,8,10,8,10,13,5,8,8,12,2,4,6,5,13,10,2,12,12,10,2,8,6,8,15,6,8,10,10,7,6,7,10,11,4,9,3,5,10,3,11,15,11,3,8,10,7,9,9,5,7,9,6,7,9,17,5,13,6,4,17,8,3,5,10,5,4,6,8,8,7,9,9,11,12,12,8,7,5,7,6,9,8,8,12,7,10,8,8,2,7,6,7,12,8,3,4,9,7,5,11,10,14,5,12,6,9,11,8,7,4,10,11,5,10,6,5,5,9,10,13,10,8,3,11,13,15,10,6,6,10,5,10,7,8,9,8,10,10,8,17,9,7,13,4,10,9,8,6,8,7,9,8,12,15,5,5,6,5,10,6,12,13,3,11,9,5,13,10,8,7,12,6,5,12,10,5,8,5,10,5,4,8,9,9,7,10,8,10,7,13,10,7,6,11,4,10,9,14,3,6,6,10,6,9,4,7,6,11,8,8,13,10,8,10,7,5,9,1,10,5,12,15,8,6,14,8,14,12,10,15,4,12,8.232,14.1423894308941,2.32161056910589
4,8,5,6,8,7,12,8,8,9,7,4,7,0,5,7,8,12,7,6,9,7,4,8,5,6,11,10,4,6,12,10,8,4,5,13,5,6,7,10,6,15,9,2,9,6,3,10,5,3,9,9,6,7,6,7,7,5,9,7,4,13,5,12,8,14,12,9,7,10,11,6,11,10,13,5,8,9,8,9,12,15,15,17,11,5,4,2,9,16,9,12,11,11,10,10,7,11,8,11,4,6,13,16,5,13,13,6,8,16,5,7,8,11,8,6,10,9,6,5,11,9,9,9,11,5,4,6,8,4,9,7,7,11,3,9,10,11,10,12,6,10,3,11,6,12,6,15,5,13,7,4,17,5,13,6,5,8,9,8,10,6,7,4,5,2,9,4,8,10,13,12,6,9,11,8,8,5,12,4,8,12,7,6,8,6,4,11,8,8,7,10,7,6,5,11,11,5,8,3,7,5,8,9,5,11,7,9,10,5,8,6,6,8,8,6,11,5,5,10,11,8,7,9,5,2,5,9,12,8,6,12,11,5,5,6,5,4,6,14,8,8,15,15,10,9,6,7,8,7,6,12,4,4,6,13,12,6,4,3,9,12,9,8,5,12,5,9,9,7,6,11,6,9,3,6,6,14,7,8,14,15,4,5,6,6,8,7,4,10,6,12,4,13,8,9,9,5,5,4,10,7,9,8,6,6,8,7,7,12,9,6,10,6,8,13,10,17,8,9,9,7,9,5,9,8,7,4,12,8,10,11,4,6,4,7,9,11,3,4,12,9,5,9,8,8,12,11,5,8,8,8,5,8,18,6,6,9,9,4,10,8,8,6,5,14,11,12,5,9,12,12,9,2,4,10,7,9,4,11,8,8,6,6,4,9,11,10,13,9,9,11,5,12,11,7,7,7,2,5,9,19,7,5,12,9,10,8,10,15,9,5,9,14,9,9,11,8,7,7,7,4,9,7,7,2,10,6,6,6,11,10,12,6,7,6,14,4,3,6,7,2,7,6,11,4,14,9,11,14,8,9,4,7,16,8,8,7,6,7,10,11,10,12,5,11,9,13,12,11,6,12,5,8,5,5,12,6,7,4,4,9,5,5,11,3,9,7,11,8,5,7,11,5,6,10,6,5,7,3,10,10,11,7,4,11,10,8,9,4,2,11,12,10,9,9,16,8,14,6,6,11,11,14,6,6,4,3,3,14,11,6,10,7,6,7,5,8,6,4,7,8,19,13,6,10,18,11,3,5,12,9,8,6,9,8,5,5,9,7,8,8,12,5,7,7,13,9,3,7,7,3,9,7,15,7,10,7,6,15,11,7,10,5,7,9,9,5,7,12,8,5,8,4,12,10,6,13,7,7,7,13,6,9,10,13,9,5,7,9,5,7,10,9,7,16,9,8,4,11,9,5,4,7,6,9,12,13,7,4,8,9,5,14,11,7,9,9,10,2,6,7,7,8,5,5,7,17,7,10,9,7,8,5,7,8,6,6,5,5,9,4,7,6,8,14,7,6,10,7,11,9,12,13,11,3,6,6,13,10,10,6,11,9,7,10,2,7,4,3,10,10,3,12,6,5,13,11,9,7,8,8,11,7,3,12,5,5,10,5,7,6,6,9,9,7,6,4,11,11,11,7,12,2,8,4,6,11,6,7,5,12,4,13,7,8,6,9,8,6,12,7,7,6,14,7,9,5,10,9,6,4,7,6,8,4,7,10,5,9,5,6,6,9,7,11,12,14,13,9,6,9,11,7,13,10,9,4,4,6,4,11,6,10,7,6,9,7,5,8,10,8,4,4,6,12,5,4,7,1,2,13,7,12,2,8,5,8,6,10,7,6,3,8,10,7,7,8,11,9,7,6,17,5,6,3,8,10,10,7,9,6,8,6,8,9,6,7,6,7,4,14,9,14,6,5,6,9,10,6,4,12,3,8,7,10,3,14,8,5,9,7,3,5,3,8,10,4,9,5,4,7,9,5,10,6,10,5,8,5,10,14,7,7,7,6,7,8,9,6,11,11,10,8,7,6,7,11,8,5,7,5,9,7,2,6,9,6,13,4,6,7,7,8,10,9,12,6,8,8,5,9,7,7,10,3,11,9,4,12,14,9,8,9,0,6,7,8,11,11,10,14,10,14,11,8,9,5,5,3,8,11,5,10,8,11,10,15,10,8,7,11,4,11,12,9,6,7,9,4,12,8,10,11,3,8,4,6,10,6,8,8,10,2,6,4,14,5,7,13,10,4,10,6,6,16,3,13,8,7,8.003,14.0652510268969,1.94074897310305
8,8,4,6,4,7,11,10,15,8,10,5,7,6,6,13,11,10,5,10,15,7,7,6,8,11,4,9,5,6,11,6,8,5,6,5,8,9,8,6,6,12,10,14,10,6,8,10,6,8,3,11,11,3,6,2,5,6,5,11,8,3,7,10,6,9,9,8,4,11,10,7,11,8,5,6,4,6,6,7,10,9,7,16,2,8,5,8,7,12,7,3,9,5,15,6,13,10,11,8,8,5,4,12,9,8,15,8,9,9,4,6,9,8,11,5,6,11,3,8,12,3,6,6,11,4,8,7,10,10,7,8,8,10,10,8,18,5,8,16,7,8,3,13,9,10,5,10,6,9,8,13,4,4,9,4,4,8,9,5,9,4,5,5,7,5,13,11,7,6,7,3,7,16,9,13,7,11,4,12,9,7,9,6,12,8,6,8,9,10,7,9,7,9,8,8,22,6,9,6,8,7,8,13,7,10,8,8,11,11,8,6,11,8,4,10,16,5,8,5,8,6,8,8,5,8,4,7,13,8,7,10,8,5,5,6,6,5,11,6,14,6,7,4,5,5,12,9,3,11,8,9,12,3,12,6,6,6,9,10,6,4,6,5,4,9,7,3,9,8,1,3,9,12,6,12,10,7,13,8,5,10,16,6,6,5,9,10,9,11,7,9,11,6,11,6,16,5,10,5,7,10,6,2,5,6,7,9,7,10,7,12,12,9,6,6,13,8,14,12,6,10,11,5,12,3,8,10,8,10,9,7,11,6,8,5,9,8,6,6,15,14,6,10,7,13,5,8,8,6,14,6,4,9,10,6,7,5,4,5,3,3,8,3,9,10,8,7,7,7,7,8,7,5,9,12,4,9,13,14,10,7,11,11,10,6,7,12,14,5,8,8,11,10,8,13,9,7,8,10,7,10,11,18,12,3,7,7,10,15,11,3,7,7,8,8,7,9,4,11,5,5,11,10,9,7,10,5,7,5,12,10,9,5,6,5,9,4,8,19,13,11,10,10,7,9,11,8,13,8,6,7,6,4,10,7,4,10,10,6,4,14,4,8,8,11,5,13,11,8,7,9,9,17,8,11,14,11,6,9,7,16,9,10,7,13,16,9,12,3,4,10,10,10,5,7,11,10,6,8,9,5,6,12,12,3,8,10,8,10,3,4,9,12,4,2,16,4,9,8,11,7,6,7,7,7,9,10,12,10,14,10,8,15,6,4,8,8,11,6,8,11,8,13,16,11,8,5,10,8,11,8,7,10,8,7,5,7,16,11,8,11,9,8,3,4,11,7,11,14,9,10,6,10,9,4,7,5,6,11,8,8,4,8,7,6,5,10,6,9,15,14,10,10,7,9,9,9,9,7,10,14,7,9,4,11,9,13,9,5,14,4,10,7,9,6,12,9,5,9,12,6,12,7,3,8,8,8,11,5,5,10,12,10,4,6,7,8,11,7,10,11,5,7,4,7,7,12,5,8,11,4,6,9,5,5,5,8,7,8,7,5,6,10,11,7,10,6,10,8,10,8,16,9,7,7,9,5,10,14,7,6,4,6,6,7,11,4,8,3,4,12,5,8,9,5,8,13,7,7,5,9,4,9,10,12,6,11,8,9,15,11,12,9,5,3,12,10,10,11,9,5,8,7,11,9,5,13,6,0,3,4,4,21,10,5,10,15,4,7,11,8,10,6,9,10,8,7,6,8,12,7,6,11,10,1,7,12,6,9,9,6,5,5,9,3,5,10,9,10,6,7,10,9,8,3,4,5,7,8,6,9,14,8,4,12,5,1,4,9,12,8,5,3,7,8,7,6,5,7,10,12,6,12,6,10,9,9,11,6,8,6,11,13,9,13,14,6,5,6,4,5,13,9,9,7,10,11,10,10,7,14,7,6,5,13,12,9,7,10,12,7,12,9,6,7,7,5,7,9,9,9,10,11,4,12,6,11,7,9,8,6,5,2,6,7,10,7,7,11,13,8,9,9,5,8,8,9,9,12,10,12,8,14,1,7,14,10,5,7,4,9,8,10,8,6,4,11,2,14,5,7,8,18,6,6,7,6,8,6,5,11,3,8,14,10,8,11,7,12,6,8,11,2,7,8,9,5,9,12,4,10,10,6,3,10,16,15,10,7,5,6,7,6,4,8,7,4,5,10,11,12,8,4,9,13,8,12,11,11,11,9,8,7,7,11,8,8,9,8,13,5,10,7,5,4,10,5,9,8,8,9,12,5,9,12,11,8,5,10,7,6,10,11,9,17,9,12,5,10,8.209,14.2605620854515,2.1574379145485
5,14,8,9,2,7,17,6,3,8,3,7,5,6,9,6,3,13,10,6,9,6,12,10,6,3,12,8,7,5,7,7,5,3,11,3,6,8,7,11,7,8,9,8,12,11,4,6,5,8,7,8,13,9,4,12,6,5,12,9,6,10,0,12,7,5,11,11,8,16,7,13,15,6,4,7,11,8,11,9,8,3,12,17,3,14,5,6,13,9,7,5,9,6,10,8,7,8,6,8,6,5,8,8,3,11,13,8,4,12,5,10,8,7,4,5,11,6,10,7,13,10,8,7,8,6,15,8,7,4,3,9,5,10,5,11,8,5,12,10,9,7,12,7,6,11,6,11,16,9,6,8,10,6,10,8,7,18,10,3,5,8,8,5,6,7,5,5,7,9,6,14,6,7,3,9,4,14,13,9,14,10,10,9,7,9,5,8,6,9,9,7,7,12,13,5,8,9,6,5,4,5,9,7,3,12,4,6,8,6,4,8,5,8,10,4,8,11,9,6,12,8,8,12,5,8,11,12,10,5,7,12,10,6,8,11,8,12,12,12,8,9,11,10,6,12,3,5,7,7,9,8,6,9,6,7,10,4,10,5,7,14,7,5,9,7,7,7,8,7,3,7,10,6,11,9,5,8,6,7,7,10,9,8,7,3,13,9,6,8,6,9,2,10,10,11,9,5,3,8,9,8,6,8,9,11,5,4,12,7,10,6,10,9,12,2,7,5,10,8,7,12,10,7,9,6,5,1,8,8,15,8,3,13,4,10,10,8,5,5,14,18,6,10,5,10,4,12,8,7,7,7,9,10,9,4,11,13,9,10,7,3,4,4,4,10,5,7,5,4,4,2,5,10,7,8,5,10,6,8,9,8,12,8,7,5,10,5,10,7,15,6,11,15,13,8,6,7,5,6,3,10,7,10,17,3,3,12,6,8,13,10,5,14,9,8,6,4,8,6,5,9,6,11,5,7,8,7,11,7,12,9,5,6,3,9,9,6,7,8,5,5,11,7,9,3,9,10,9,8,8,7,7,8,12,0,8,6,9,14,15,8,7,9,8,9,10,9,10,6,5,6,6,19,14,6,8,7,12,5,17,8,9,5,9,7,9,7,14,9,8,7,12,6,7,13,12,8,8,9,10,11,10,12,18,10,9,9,7,9,7,6,12,12,10,9,19,10,12,9,9,8,8,7,5,10,4,6,5,13,9,8,14,10,7,11,10,3,9,6,2,11,12,9,9,4,12,10,5,6,11,10,4,4,9,13,13,8,5,11,13,10,3,10,6,13,11,6,7,9,11,10,9,8,12,11,11,2,8,9,10,16,6,2,6,5,9,4,8,12,10,21,5,8,10,4,6,13,8,4,6,14,8,8,8,5,12,9,10,7,7,1,10,14,10,8,7,9,9,6,7,11,3,10,5,8,9,8,6,8,9,4,5,5,7,3,4,11,8,6,7,6,6,6,14,8,11,17,8,5,9,9,6,10,4,8,3,12,10,4,9,9,7,4,12,10,6,7,6,6,11,6,15,8,6,8,9,10,11,7,11,5,6,14,11,7,11,10,7,9,10,10,2,7,3,5,3,5,16,6,11,9,6,7,6,9,9,6,8,12,6,12,10,8,8,9,7,4,9,12,9,4,12,10,6,8,4,16,6,5,8,6,6,7,10,4,6,7,5,5,5,10,12,8,4,11,5,10,2,9,7,13,6,5,8,10,5,4,7,12,6,10,6,8,9,2,8,6,10,12,8,11,11,6,10,9,7,6,6,7,8,3,4,5,9,6,12,2,3,8,12,8,6,8,7,2,6,11,9,6,6,7,9,5,7,7,11,14,20,7,7,9,12,5,7,6,2,10,11,13,9,3,8,11,7,7,9,9,8,5,7,11,11,7,7,10,6,8,8,10,9,9,11,13,7,4,6,2,10,10,9,8,4,14,4,9,7,10,7,9,9,3,7,5,9,5,3,9,6,10,10,8,7,9,9,5,6,9,12,6,11,11,8,5,8,5,6,9,10,7,5,11,11,3,9,4,13,8,9,15,7,11,6,13,7,12,5,7,7,12,8,9,10,6,6,11,10,12,7,6,12,8,10,8,5,8,5,4,7,15,10,10,6,7,4,6,10,6,8,9,12,7,12,6,10,8,8,4,5,4,7,15,5,6,8,6,6,10,8,12,8,7,5,12,7,11,8,5,5,6,8,12,6,4,7,8,10,10,15,5,9,9,12,7,6,6,10,7,12,15,8,9,11,7,10,9,6,4,10,12,8.085,14.1220743499403,2.04792565005975
7,6,8,11,6,8,8,8,12,6,8,6,7,6,8,12,8,12,9,7,11,13,9,5,12,5,12,12,6,6,10,6,8,9,7,8,8,7,5,8,9,4,11,11,4,6,8,9,9,11,7,6,7,5,8,10,8,10,5,7,6,4,8,8,9,13,10,9,3,10,9,5,5,11,7,8,9,6,5,12,14,8,10,14,2,5,8,5,3,18,15,4,8,8,7,8,6,10,7,6,7,6,12,10,9,10,11,6,10,6,8,7,2,4,6,2,8,9,8,6,9,6,13,10,14,4,4,4,10,7,8,2,5,6,6,5,8,9,11,9,10,6,5,7,12,10,5,10,2,8,6,9,4,3,7,7,9,5,7,8,4,2,3,10,11,10,12,5,6,6,8,7,7,6,14,6,8,10,10,8,3,8,12,10,3,9,4,13,7,16,5,8,8,4,9,4,11,2,5,4,8,8,4,16,8,11,5,11,9,9,6,8,5,5,5,10,10,8,4,13,9,6,9,10,7,8,6,9,9,4,7,14,16,7,9,5,7,9,9,12,5,8,8,12,16,14,12,7,5,6,9,11,2,6,3,8,12,5,4,5,9,9,7,9,4,12,5,14,11,9,8,7,9,10,5,8,8,11,5,9,8,11,11,13,4,8,14,7,6,12,2,5,6,10,11,11,7,7,8,5,14,5,7,5,6,7,11,13,8,11,10,6,9,7,5,6,6,9,9,5,7,9,10,7,4,9,2,14,16,10,9,9,7,14,8,7,11,8,11,3,7,16,7,9,11,6,7,6,8,6,7,5,12,6,14,10,5,8,13,7,9,4,9,7,6,3,6,7,5,6,7,7,3,8,9,9,10,6,5,13,9,14,4,6,6,2,5,6,14,10,18,3,14,7,8,4,6,6,13,10,11,10,3,6,11,4,4,8,8,14,3,5,11,8,5,8,4,8,6,5,6,4,12,8,7,5,10,8,11,6,8,7,7,6,4,6,11,10,3,8,9,2,6,10,7,6,6,10,5,14,9,13,7,7,5,10,11,8,7,8,7,4,5,10,7,7,6,8,7,5,6,10,7,16,3,7,12,13,10,2,9,15,13,7,9,11,5,8,7,4,8,9,9,15,9,11,8,6,8,7,6,11,6,8,4,6,8,12,15,9,12,4,11,11,6,8,10,7,9,9,9,4,8,10,9,9,10,8,3,7,9,8,15,13,8,3,7,7,5,6,3,11,1,8,14,11,5,3,2,7,19,8,8,8,9,7,7,2,7,5,12,12,10,7,7,8,15,7,5,13,8,9,9,7,10,4,7,5,8,5,8,12,8,5,2,9,7,12,7,11,14,9,9,6,10,9,10,10,12,7,6,7,13,12,10,9,8,11,3,7,3,2,8,7,3,7,9,4,4,5,3,6,6,12,8,5,9,8,15,6,2,8,5,5,9,9,8,7,9,5,10,7,5,2,3,10,9,12,7,9,15,7,9,6,9,6,6,11,9,5,7,8,5,6,7,5,15,6,6,6,10,11,15,13,11,5,9,4,10,12,9,11,9,8,10,9,6,4,6,8,8,10,5,6,6,6,10,10,8,7,12,8,9,7,11,5,6,11,9,8,10,11,11,6,5,4,9,7,10,8,1,5,8,5,9,7,7,4,9,3,6,8,5,16,5,6,8,12,6,6,10,9,7,5,8,10,10,8,5,4,7,4,9,4,14,2,10,9,7,13,2,4,8,8,5,9,9,11,4,9,8,10,10,4,11,10,3,8,4,9,6,13,3,3,10,8,8,7,7,8,4,12,5,8,8,9,8,5,7,6,7,10,5,5,4,7,5,11,8,8,12,5,13,14,10,11,9,11,10,10,5,4,13,3,10,10,5,9,15,5,4,7,10,5,6,8,9,13,3,7,12,8,4,5,8,8,7,6,10,6,9,10,4,12,7,8,7,7,6,10,5,9,4,7,4,4,4,7,12,8,7,9,9,8,9,7,5,10,10,5,13,14,5,8,8,5,6,13,14,8,10,12,8,9,12,6,10,10,10,11,10,3,3,10,6,6,11,11,8,5,7,7,6,5,8,10,11,5,4,6,8,9,4,9,6,8,5,5,5,10,9,12,7,8,9,3,10,8,9,5,10,9,9,4,10,7,8,9,4,3,7,13,7,7,9,9,12,13,11,12,6,5,3,11,12,12,2,10,8,9,7,9,8,9,4,8,2,7,11,6,12,7,10,6,12,4,7,9,9,17,10,6,13,4,8,6,5,8,6,7,7.888,13.7877356084701,1.98826439152992
7,8,10,6,6,8,5,13,7,6,7,3,8,6,8,6,9,8,4,5,12,9,9,10,5,11,11,7,5,9,11,5,7,6,9,6,7,7,10,8,4,10,9,12,8,4,13,7,10,10,6,8,9,9,8,8,8,7,4,5,6,9,5,12,8,12,14,10,4,10,6,8,9,10,7,6,6,6,6,5,9,12,13,10,9,10,9,9,6,9,5,6,7,11,8,10,9,6,14,8,12,7,4,6,11,10,14,7,10,11,9,7,2,4,6,9,14,5,11,10,8,6,12,7,11,10,11,7,6,5,8,10,7,12,7,10,13,4,6,8,10,8,3,8,4,6,9,7,7,8,10,12,6,6,8,11,14,7,10,8,4,10,9,10,9,6,7,8,9,7,11,10,4,6,9,9,5,8,15,10,5,5,5,7,16,7,9,10,5,9,8,5,11,9,7,10,9,6,11,7,3,11,6,5,9,10,8,6,5,15,5,5,8,11,6,9,15,15,3,3,6,9,12,10,5,6,6,9,8,3,8,8,8,5,5,12,5,9,11,9,6,11,10,10,4,15,10,10,5,12,15,7,3,6,7,7,6,10,8,9,12,7,7,9,2,9,8,12,15,9,8,6,10,8,9,12,7,10,7,8,8,5,11,6,8,3,9,11,7,10,8,12,16,5,3,5,14,9,7,6,4,8,13,7,5,8,15,10,8,7,5,7,5,6,6,7,7,7,14,13,8,6,6,6,12,8,4,12,15,4,17,12,6,6,7,9,9,10,11,7,10,8,4,10,4,7,12,7,8,10,7,7,5,6,7,6,6,10,4,10,10,4,9,12,2,12,8,6,8,5,9,3,9,7,6,2,8,15,4,9,7,8,9,6,8,6,14,6,13,8,7,9,7,11,7,3,6,5,8,6,7,6,11,3,7,7,6,10,11,19,9,3,3,12,13,6,11,4,5,6,9,9,8,8,7,8,15,5,7,4,13,8,6,5,12,7,15,3,4,15,8,9,3,13,14,3,10,3,7,9,8,8,6,6,11,5,7,11,8,10,4,6,4,9,6,8,8,11,16,9,9,14,11,9,7,8,16,11,10,8,8,9,11,12,11,14,9,12,7,16,5,3,10,8,5,13,14,8,7,13,14,8,4,13,8,5,5,12,3,7,4,7,7,9,9,5,18,9,9,9,11,10,10,9,9,5,10,8,10,13,9,4,7,8,5,5,8,7,10,5,7,11,6,7,6,9,15,6,8,7,14,7,5,4,8,7,11,4,7,7,7,5,5,6,5,4,9,3,4,12,7,8,5,11,9,6,9,7,2,14,15,10,4,3,3,5,4,7,8,10,13,10,10,14,10,11,11,14,13,2,4,12,9,9,11,5,6,11,9,6,5,2,8,7,10,11,13,5,7,12,10,8,3,8,9,12,12,10,12,7,6,5,7,15,8,4,6,8,13,6,12,10,8,4,4,9,9,10,12,9,5,5,11,6,14,10,8,10,7,6,9,1,7,5,6,6,9,16,13,5,11,11,11,5,10,9,11,4,6,3,10,6,7,8,4,9,5,9,11,6,11,5,2,2,2,5,6,9,8,9,9,8,5,8,5,10,1,6,7,8,9,4,10,13,8,5,3,4,9,1,7,7,12,10,6,8,8,11,16,4,9,7,3,8,9,7,5,10,2,2,9,10,6,9,8,8,6,2,10,7,2,6,3,6,9,9,7,10,8,10,7,7,7,8,4,6,9,8,11,12,14,10,5,7,10,10,7,4,6,5,5,4,11,9,10,15,8,3,9,8,14,15,4,7,9,10,6,11,7,14,11,6,7,11,7,10,6,5,10,3,9,13,9,6,12,6,7,7,9,8,5,4,12,8,6,10,3,12,4,8,9,7,7,4,4,9,10,3,10,9,4,1,10,12,5,6,5,5,8,12,13,13,7,9,12,13,2,7,7,9,7,5,5,1,7,4,10,7,12,7,3,13,5,10,5,11,15,5,9,13,10,9,8,11,7,6,9,8,6,16,6,10,12,5,8,3,7,11,4,8,7,8,9,9,7,7,3,10,8,7,10,10,6,6,14,11,9,4,6,12,12,5,7,5,9,6,7,6,5,11,10,11,6,10,12,11,8,7,11,9,7,10,8,3,12,5,4,2,1,10,9,10,13,7,8,10,6,15,12,9,9,7,5,10,6,7,6,11,5,6,10,4,3,9,8,7,7,8,8,5,15,4,6,3,10,11,16,12,8,14,9,3,10,7,4,9,7,9,9,6,8.046,14.0996475800482,1.9923524199518
6,9,10,7,5,6,5,7,10,12,10,9,9,11,4,10,3,12,8,5,4,4,11,15,7,13,11,10,9,5,16,5,6,4,4,6,3,11,5,6,10,13,5,8,11,6,6,5,3,2,6,9,7,15,5,7,8,8,9,12,2,9,6,7,6,7,7,5,5,10,11,9,14,7,5,9,6,6,6,5,6,10,12,9,6,8,4,4,6,6,5,6,16,7,12,6,6,10,8,6,5,15,10,11,9,7,8,6,6,6,6,7,6,8,10,9,5,9,10,7,12,8,9,5,8,5,8,3,11,4,4,3,5,8,6,4,11,5,7,6,8,10,9,4,9,7,5,9,7,4,5,9,8,6,3,11,11,11,8,7,6,6,8,3,4,9,10,8,6,11,11,4,8,10,3,14,8,8,5,7,17,8,8,6,5,14,12,8,6,9,9,5,10,7,10,10,15,9,8,10,8,5,10,7,6,7,9,10,11,6,9,6,6,6,8,9,10,6,5,7,4,16,4,8,5,8,6,11,18,8,8,8,10,5,7,7,8,5,6,6,9,8,13,12,12,8,11,6,7,9,2,11,10,9,9,12,8,2,5,3,9,5,11,3,2,12,5,6,14,11,7,5,9,7,5,6,7,9,14,10,7,9,6,11,4,7,6,7,5,10,8,11,4,11,4,10,16,3,9,4,10,6,7,9,12,12,5,11,13,7,8,7,7,8,5,9,15,13,10,11,6,7,7,10,2,3,7,7,8,9,7,4,6,10,5,11,8,11,17,7,11,9,11,9,8,4,11,12,3,10,12,4,12,5,13,6,4,7,13,6,6,9,11,13,4,5,7,6,5,7,11,7,8,7,8,12,10,7,5,12,4,6,8,11,7,4,5,6,14,5,6,10,7,10,12,11,8,5,8,4,6,9,8,10,13,6,7,12,10,9,16,8,11,8,7,12,8,5,5,9,4,11,9,9,4,6,8,3,10,9,8,12,9,9,9,7,6,8,5,13,8,6,6,3,13,4,10,12,15,8,13,6,5,9,5,8,9,8,9,9,8,6,9,6,7,12,8,7,7,4,8,7,4,14,5,8,14,5,12,4,8,16,14,10,4,8,11,5,11,13,6,14,6,5,5,12,7,6,6,11,9,17,7,6,8,5,14,10,5,4,12,8,12,12,9,12,6,8,7,10,10,9,5,11,8,9,10,4,6,14,13,15,9,6,9,7,8,2,8,6,8,7,16,13,5,13,14,16,7,5,8,4,8,9,9,3,9,5,14,8,12,15,8,13,10,5,10,8,8,9,8,10,4,11,5,5,8,4,8,6,8,6,6,4,4,12,7,6,10,10,10,6,8,8,5,4,8,8,14,5,7,14,5,1,11,8,7,7,7,5,4,5,11,12,10,11,12,9,3,9,14,4,4,8,8,11,9,2,9,10,4,11,9,14,9,8,6,8,5,5,5,12,1,5,6,8,7,15,14,9,10,9,13,11,8,7,7,7,7,14,14,1,4,10,4,6,16,6,11,5,11,9,11,9,7,9,4,9,10,9,15,2,7,6,8,5,8,7,9,7,5,9,9,10,6,6,8,11,9,6,6,7,9,7,11,9,12,8,7,5,14,9,9,6,7,5,13,11,12,5,6,10,8,8,7,8,3,8,6,3,6,4,4,9,8,6,10,9,1,8,10,7,9,10,7,10,10,9,10,5,15,9,10,2,15,5,5,10,9,14,10,3,8,7,8,5,9,7,10,11,7,4,9,5,12,11,6,1,8,10,11,10,6,9,7,9,7,2,7,15,6,15,10,3,11,11,9,7,9,13,6,7,12,10,4,4,12,5,6,10,7,7,5,5,9,7,7,5,7,12,6,2,16,8,9,2,5,13,5,6,7,4,13,9,3,13,6,6,4,8,6,8,12,7,6,5,8,7,4,15,12,5,7,6,8,6,5,7,8,9,6,6,2,8,9,9,5,6,9,11,5,8,6,3,7,8,9,3,10,6,11,10,10,5,7,10,7,5,9,8,13,10,13,10,7,11,8,17,9,7,9,9,5,6,11,9,10,8,7,6,7,9,10,9,13,7,7,10,12,4,12,11,9,8,8,8,9,4,10,10,7,5,5,4,4,8,7,3,6,7,9,7,6,7,12,7,6,9,3,7,3,7,9,10,13,13,8,13,14,13,9,5,6,7,9,6,6,7,5,7,8,9,9,2,2,7,7,12,19,11,9,15,4,7,8,7,12,9,10,9,8,8,11,6,8,9,10,9,5,10,8.031,14.0630605747271,1.9989394252729
10,10,7,8,6,6,10,6,10,5,6,3,6,7,6,8,6,11,8,8,6,9,5,11,10,3,15,15,12,5,8,7,11,5,9,8,4,3,13,12,14,6,10,7,12,7,9,6,4,7,6,14,12,5,5,9,5,8,7,10,5,10,3,13,5,8,4,10,4,10,5,2,4,7,8,9,6,9,8,12,13,10,11,10,7,5,10,6,7,12,7,6,6,5,12,6,5,8,10,2,12,6,6,11,7,8,18,6,11,10,6,4,10,7,10,4,9,8,4,4,9,9,6,12,16,3,9,7,14,5,1,6,5,7,2,7,11,5,6,5,7,12,12,6,5,8,6,10,10,7,8,15,8,9,12,8,9,8,4,6,4,3,9,8,6,3,7,10,7,9,3,5,5,9,7,5,3,8,10,12,6,8,7,11,11,8,8,6,8,10,12,11,9,8,5,3,13,6,10,5,8,8,8,6,4,10,2,6,11,8,8,15,8,3,9,7,6,4,6,9,13,5,9,11,9,7,9,7,8,8,8,10,7,5,6,12,7,7,11,6,6,6,6,11,5,7,12,9,1,3,10,7,6,8,7,7,10,5,4,6,7,12,5,12,14,8,8,6,6,8,4,5,4,9,9,8,3,11,7,6,1,14,9,11,6,5,9,7,7,6,4,13,6,4,11,6,16,4,7,7,8,5,5,9,7,10,4,4,8,5,14,8,6,9,5,9,8,7,10,7,8,7,10,8,7,14,7,10,13,6,10,8,4,12,10,7,11,9,8,5,10,7,13,8,4,12,11,11,5,4,5,16,5,6,13,6,4,4,8,9,5,5,10,5,5,12,10,4,9,10,7,12,10,9,6,9,4,9,6,8,5,9,8,7,7,3,5,9,6,9,11,5,3,11,8,8,7,2,8,5,5,7,4,10,11,3,2,6,7,12,5,7,5,8,9,10,6,6,6,4,7,7,6,8,4,6,11,4,10,7,12,11,7,6,6,7,8,9,3,8,11,3,3,9,6,6,6,7,5,8,8,12,4,6,9,6,8,6,9,7,8,10,8,8,4,11,7,11,9,6,8,9,7,17,6,9,9,11,6,4,8,7,7,8,11,10,10,2,10,3,9,4,10,10,4,13,9,9,7,5,9,5,8,9,9,5,8,7,7,13,4,11,9,5,8,7,14,9,8,8,15,3,7,10,7,10,8,6,5,4,15,5,15,11,6,7,9,6,7,7,4,8,9,14,9,9,14,7,6,8,11,14,4,6,6,8,11,5,11,8,5,7,11,8,7,8,19,6,8,8,10,12,2,2,7,6,7,8,6,11,9,11,8,5,7,7,8,7,5,13,11,10,10,17,8,7,9,9,7,5,5,6,8,13,6,7,8,12,5,13,2,6,9,16,6,7,12,8,6,12,8,4,16,3,10,11,10,11,9,11,10,9,6,6,8,6,8,11,4,3,6,7,12,3,7,9,6,10,10,7,8,7,6,5,7,6,7,5,7,7,11,10,7,9,6,2,9,8,9,9,8,7,11,8,2,2,9,8,9,14,7,9,9,8,4,5,4,12,10,7,6,7,6,3,1,8,10,13,12,8,6,6,10,5,10,12,6,10,6,8,11,15,14,9,11,5,7,10,7,12,4,8,10,11,9,5,6,8,6,11,2,5,6,7,7,5,7,3,9,5,10,7,7,5,3,7,9,5,9,9,14,6,8,5,7,4,7,9,6,13,10,6,7,2,15,6,5,11,5,9,4,4,12,7,9,6,7,3,9,12,5,7,7,6,14,6,13,9,6,8,7,11,10,10,5,8,6,6,7,8,13,13,8,8,8,10,13,16,17,4,7,9,9,8,8,5,3,6,7,6,7,4,15,6,11,9,6,4,12,5,10,15,3,8,8,8,10,9,7,9,4,6,6,11,8,7,2,3,12,7,5,5,3,9,7,8,7,5,8,8,8,12,1,4,7,9,7,8,9,10,3,10,6,11,9,7,2,9,8,10,6,11,9,9,10,2,11,6,8,8,7,12,11,7,11,7,5,4,4,8,8,12,6,11,8,14,13,10,10,6,9,7,3,10,9,8,12,10,6,8,9,7,13,12,7,6,8,5,3,15,9,14,9,9,6,12,14,7,9,7,9,9,4,8,7,9,6,5,3,5,6,14,7,8,4,8,7,15,15,9,10,12,7,8,6,11,9,9,5,12,7,6,7,9,7,10,9,8,10,3,7,8,19,3,12,3,16,6,6,13,12,5,7,5,9,8,10,8,10,10,7.847,13.7330759998726,1.96092400012739
8,12,9,4,1,6,12,6,7,7,7,4,7,8,5,9,13,11,6,7,14,9,13,7,10,10,15,9,4,8,6,6,7,7,11,8,4,13,6,10,7,16,11,6,6,8,6,6,3,3,7,10,4,3,6,9,6,7,12,6,11,8,4,12,8,8,10,7,8,5,6,8,12,8,8,10,8,9,13,9,12,9,12,8,4,8,4,3,4,10,11,11,6,9,7,5,12,7,3,7,7,9,2,6,9,3,4,7,6,13,12,8,2,6,3,5,11,8,7,6,6,5,13,7,9,4,20,5,10,5,6,4,9,12,4,9,11,7,9,5,8,3,4,9,6,11,5,9,7,9,13,15,11,4,9,12,10,9,10,10,8,4,6,7,6,6,8,5,11,9,7,9,4,9,9,13,6,10,12,4,6,11,8,5,8,5,5,13,8,11,14,5,5,11,10,10,12,4,5,8,12,6,4,12,5,12,8,9,4,6,3,11,2,9,10,8,5,8,6,1,13,8,6,11,4,6,9,9,10,7,9,10,8,3,10,13,6,9,12,10,8,9,6,5,10,13,11,8,4,11,9,10,4,6,10,10,6,8,12,7,7,14,6,6,2,10,12,4,8,4,2,7,7,8,12,10,5,10,10,5,11,11,6,8,6,9,9,8,12,11,9,8,9,11,3,5,7,6,11,9,11,6,10,7,11,8,6,3,12,7,6,7,6,6,7,12,7,10,12,7,8,8,10,5,6,6,4,10,5,4,15,5,1,10,8,8,10,7,14,7,14,7,7,6,6,7,8,4,7,7,13,6,8,10,7,3,7,5,5,5,8,3,4,9,5,7,8,10,5,8,5,4,8,8,8,9,10,14,5,14,7,9,3,7,9,7,8,8,20,7,11,5,13,10,10,7,8,9,9,7,7,4,8,13,14,2,5,15,9,11,4,4,11,12,6,8,7,8,10,8,9,11,7,11,3,11,9,4,8,9,10,7,8,5,6,12,10,10,4,11,6,3,3,11,9,3,7,8,8,12,5,8,10,3,8,5,5,6,9,6,8,10,7,7,7,6,7,7,7,10,9,9,6,11,11,4,10,9,7,7,6,10,16,7,14,6,11,6,8,3,9,4,11,7,8,9,12,5,7,13,14,9,4,10,13,6,5,7,8,12,9,5,9,12,9,11,8,7,5,8,9,9,9,12,12,9,5,8,2,7,10,11,14,15,7,9,6,4,10,6,11,9,5,8,9,7,6,7,6,10,10,7,5,6,11,9,13,10,8,7,10,9,5,11,7,7,12,11,12,13,9,7,3,10,8,11,8,7,3,13,10,8,7,4,6,10,8,8,8,11,10,6,7,13,9,9,7,9,6,5,6,9,10,8,12,12,13,8,11,4,5,3,10,8,8,9,6,7,3,4,6,2,11,12,4,11,12,12,9,7,4,5,18,7,10,9,6,6,11,6,10,4,6,7,9,9,8,8,4,8,12,6,6,7,10,10,12,6,8,5,5,5,4,7,8,4,5,14,9,6,8,9,7,8,7,7,5,3,10,8,10,5,7,7,10,8,5,10,11,6,12,6,2,6,3,6,7,10,10,11,8,6,11,9,7,6,7,5,5,6,6,5,11,5,8,2,5,8,8,6,4,7,12,5,10,13,9,7,9,8,4,5,5,13,9,7,5,9,5,9,7,5,9,5,7,6,12,8,8,6,8,5,9,9,5,6,5,7,6,8,6,8,8,16,7,9,6,6,5,10,12,5,8,6,5,10,3,4,9,8,4,6,7,8,8,10,5,4,5,4,11,8,11,9,10,8,6,9,9,12,7,9,4,11,3,3,14,7,7,7,8,14,8,5,12,5,7,11,8,11,5,7,20,9,9,8,10,3,10,9,5,9,4,9,0,9,9,3,3,8,5,8,10,7,7,5,4,5,6,10,6,14,9,5,9,12,6,10,10,5,8,5,7,4,13,5,14,9,5,8,8,8,4,13,7,8,12,9,9,7,7,8,7,10,11,6,10,13,6,5,4,6,12,8,7,4,7,6,7,5,5,5,10,12,9,13,6,11,6,4,9,10,6,6,5,12,6,10,2,9,11,9,8,5,5,4,10,8,5,16,13,9,5,7,5,5,8,6,11,4,10,7,9,6,6,10,10,4,7,7,7,8,10,3,12,9,7,13,8,10,6,5,2,8,12,7,10,6,9,7,14,5,9,6,7,13,7,4,11,7,6,9,13,11,14,9,7,3,5,12,12,6,10,8,5,8,6,9,10,6,7.876,13.6175640653324,2.13443593466761
7,9,14,5,2,9,11,3,12,6,3,7,5,10,9,7,13,7,6,6,9,6,7,9,11,6,11,6,5,6,8,11,8,5,10,2,1,12,7,9,13,4,7,14,8,8,5,4,4,9,8,5,7,9,2,5,6,2,4,5,4,1,4,8,9,3,10,8,9,9,10,9,15,10,4,8,8,6,5,3,10,14,14,10,6,5,6,6,7,9,7,3,6,6,13,5,5,9,8,6,8,12,6,9,8,13,6,7,8,4,8,8,10,3,10,5,9,10,12,10,8,5,12,5,6,5,6,6,4,5,8,6,13,7,8,3,7,3,7,12,7,9,7,6,12,6,9,13,2,11,10,11,6,5,11,9,3,13,10,5,10,6,3,6,6,11,5,2,5,3,6,7,3,6,5,5,4,11,8,10,7,6,9,11,9,10,6,9,12,10,12,8,4,6,7,8,12,7,11,7,5,11,8,10,10,14,5,8,5,11,5,9,4,8,7,7,7,5,1,6,8,11,7,8,8,6,9,12,8,8,5,11,8,9,10,11,7,11,15,10,8,5,12,6,7,13,9,7,6,10,4,10,6,9,6,5,6,7,5,11,9,9,9,6,3,2,9,10,12,3,7,7,11,5,8,13,11,11,18,9,5,10,10,8,6,3,11,8,7,11,4,12,5,10,5,8,8,7,5,15,5,5,10,7,7,7,8,8,7,7,6,6,6,3,5,9,3,8,13,10,10,10,8,3,13,11,9,9,11,9,10,10,5,7,12,4,7,10,6,4,9,7,13,5,4,9,5,13,9,7,11,12,7,5,10,7,15,9,7,12,13,4,12,4,7,6,10,11,3,10,12,10,7,2,6,8,9,17,6,6,5,9,4,8,8,4,11,7,8,12,9,4,6,14,6,4,4,6,7,5,12,7,4,9,10,5,9,8,7,11,7,12,7,12,7,8,6,5,14,5,8,12,8,10,11,4,10,10,6,5,10,10,5,3,6,7,6,6,8,12,11,8,4,12,5,7,9,10,9,10,12,7,10,6,3,11,11,9,9,10,7,8,10,7,5,13,5,12,8,4,7,9,10,7,8,12,10,7,6,7,12,17,12,3,12,11,9,5,8,6,6,8,16,6,10,14,9,3,10,13,9,8,8,8,9,5,7,6,7,9,5,7,6,7,13,9,11,6,13,15,14,8,13,9,4,7,3,9,4,5,6,3,7,12,3,11,6,4,6,6,5,10,13,10,12,7,8,7,5,8,13,5,7,8,7,10,9,9,4,12,10,11,7,6,11,6,10,8,7,10,6,10,12,7,10,4,6,8,4,9,14,16,7,11,5,10,8,5,8,8,5,5,9,11,14,11,10,9,2,3,8,12,4,7,4,7,3,8,7,6,6,5,4,8,4,10,6,7,4,5,7,5,9,9,10,9,3,5,10,6,5,10,10,9,7,2,4,11,10,6,17,8,4,5,8,8,11,13,14,6,8,9,9,6,5,10,4,12,5,5,7,6,11,6,10,8,11,5,9,5,8,1,6,5,6,8,11,7,5,14,6,10,7,5,10,7,5,13,9,5,6,5,5,12,4,2,8,11,5,6,12,9,6,7,8,7,5,6,7,13,10,8,12,7,7,6,6,7,14,10,7,2,15,10,9,6,5,6,10,8,13,5,1,4,11,9,6,9,1,3,7,6,3,7,6,8,7,4,5,4,9,8,6,8,10,11,6,11,9,15,3,8,11,10,7,9,8,6,2,9,8,9,8,7,12,7,10,9,5,4,10,8,6,1,11,8,9,12,8,7,6,10,10,10,9,12,9,7,11,5,8,6,5,7,5,1,8,11,8,4,7,5,7,10,8,10,14,7,6,8,7,3,10,8,7,7,6,9,7,6,11,6,7,8,10,14,10,12,8,5,7,2,8,11,10,5,5,4,7,8,9,13,10,2,9,6,10,12,4,6,8,8,2,5,13,6,7,8,9,11,7,12,8,9,3,10,7,10,8,7,8,12,4,12,10,6,13,6,10,4,4,9,11,4,11,10,5,10,4,10,11,5,10,5,6,5,12,7,9,4,6,6,13,12,9,13,9,5,2,10,14,7,11,9,8,3,4,6,5,10,15,10,10,10,10,11,4,10,11,13,6,10,6,9,3,7,9,6,6,4,4,20,3,6,10,6,7,16,12,8,14,6,4,11,7,6,5,10,10,9,7,5,9,6,7,7,8,9,8,11,8,5,10,7,9,13,8,7,6,12,6,3,4,9,9,9,11,8,3,11,7.839,13.7386127429618,1.93938725703822
6,9,4,11,6,4,3,12,7,5,9,7,7,10,10,6,9,8,8,6,3,6,7,4,8,13,7,10,10,3,14,8,4,5,5,6,6,8,8,6,8,13,10,7,9,6,2,4,6,13,3,13,4,11,10,10,7,10,9,7,7,10,9,13,7,3,6,5,5,9,9,10,12,8,5,11,8,7,8,13,10,8,6,8,3,3,11,9,5,10,2,5,14,12,5,4,7,14,8,10,5,6,5,5,7,7,12,4,6,9,8,3,8,7,11,6,1,10,7,4,14,8,10,5,11,10,8,7,8,8,9,7,7,9,8,6,14,2,8,8,10,9,9,5,6,8,6,7,10,4,14,9,7,8,10,6,9,10,5,6,9,6,7,7,5,5,12,10,7,4,11,6,6,9,4,7,8,6,10,9,9,3,9,4,2,7,12,9,7,6,8,5,4,9,6,7,11,3,12,12,5,7,5,11,6,7,2,9,6,9,6,6,7,8,11,7,11,5,3,5,6,6,7,12,14,12,6,11,10,5,5,4,11,5,5,5,6,6,9,5,6,3,5,13,6,9,12,7,5,6,8,8,11,10,11,5,12,10,6,5,9,5,8,8,5,9,8,8,8,6,7,5,4,11,3,3,4,2,10,10,8,11,9,12,6,8,11,13,4,7,6,6,7,5,9,5,7,6,10,8,8,5,7,8,4,7,10,7,14,12,7,7,3,11,10,14,8,15,12,6,11,9,2,10,6,8,6,5,10,10,6,9,13,13,11,6,8,5,11,9,8,13,9,6,7,6,9,10,13,6,4,2,11,2,6,6,9,14,10,13,10,3,10,10,6,12,9,8,9,8,7,7,3,6,6,5,7,10,4,10,11,10,7,6,3,7,8,8,16,8,5,7,10,9,16,10,7,7,7,3,5,10,5,6,10,8,4,10,5,11,4,8,8,7,6,11,4,5,6,12,9,5,15,6,4,5,10,5,15,5,12,14,7,4,8,5,7,7,6,3,7,4,5,18,4,6,9,5,7,12,18,8,5,7,8,10,6,2,10,8,8,6,4,7,10,5,10,8,6,5,15,12,5,7,5,4,8,11,9,3,7,15,6,5,9,6,15,10,9,14,11,6,10,9,6,11,8,8,13,5,6,10,4,7,5,1,8,8,4,16,11,9,11,5,8,16,7,4,6,6,11,4,9,19,7,5,6,7,6,11,10,12,9,11,5,7,6,3,12,6,9,11,3,10,4,9,10,9,9,5,12,9,7,4,9,5,10,6,4,6,12,9,6,7,9,8,12,5,11,9,9,6,7,12,6,3,4,9,8,9,3,7,12,7,3,10,8,7,9,11,11,10,9,7,7,9,6,7,12,8,12,4,7,4,9,9,7,10,8,4,2,5,6,12,6,3,14,2,6,8,9,7,8,4,9,8,11,8,10,11,11,10,6,2,8,12,5,16,7,4,6,13,1,6,5,10,8,9,6,4,10,13,9,9,8,5,3,8,7,6,9,4,3,6,4,4,7,10,9,7,15,7,10,5,11,5,8,14,5,8,14,3,8,10,7,8,6,12,1,3,8,7,6,7,6,9,7,10,9,5,12,3,9,3,9,9,5,10,5,3,6,8,12,10,5,5,4,8,8,3,8,5,8,12,11,2,4,8,13,7,10,3,4,10,5,4,7,6,4,1,12,4,11,7,7,4,11,4,13,8,8,4,7,6,16,2,7,7,7,11,4,11,10,6,2,3,7,11,9,13,11,6,9,4,7,12,8,1,7,6,7,12,5,5,9,8,8,4,4,13,6,7,3,7,9,10,5,8,8,10,4,11,9,10,10,12,7,7,6,3,11,10,5,9,14,10,7,9,7,5,7,5,8,6,10,10,4,8,7,6,9,12,4,6,3,4,5,6,6,11,11,6,14,12,13,12,10,1,7,6,11,14,9,5,5,14,4,8,7,6,7,7,8,7,10,5,11,6,13,9,10,7,5,17,8,2,8,8,13,7,6,11,6,10,8,8,4,11,9,14,9,12,13,7,10,8,11,10,7,3,7,11,6,7,6,6,4,14,8,8,13,10,5,6,9,8,8,8,8,8,12,8,1,6,3,5,6,5,4,10,13,7,7,8,6,6,8,4,8,6,10,8,8,5,4,9,5,5,4,1,5,15,5,6,6,8,7,16,21,9,9,6,7,7,6,10,4,9,12,7,6,7,3,6,7,8,7,6,10,6,12,10,8,5,5,4,10,10,8,9,14,3,9,8,9,13,4,17,3,4,7.703,13.7702601354443,1.63573986455574
5,14,11,9,5,4,6,3,6,9,4,7,8,13,5,11,9,4,6,5,9,9,7,8,7,7,13,9,6,4,10,8,10,4,11,11,4,11,3,5,6,13,9,10,7,9,10,5,8,5,8,10,6,7,9,16,7,3,4,12,4,7,3,13,10,7,10,5,8,10,8,11,5,15,8,8,7,5,8,9,7,11,6,10,9,8,5,5,5,7,9,5,8,7,4,2,5,2,12,3,11,9,6,12,8,3,6,7,11,11,5,9,2,6,4,7,7,5,1,3,8,7,10,4,16,2,13,4,8,6,2,6,9,11,6,5,11,6,6,7,12,7,5,6,10,16,6,8,6,12,3,10,9,6,11,9,11,7,8,7,6,6,10,13,6,9,6,13,9,8,9,5,2,6,5,11,9,7,10,8,5,6,6,11,13,7,7,6,9,10,11,9,6,4,6,9,10,5,10,9,6,6,9,11,12,5,7,7,5,10,6,10,3,9,9,9,6,8,4,9,13,8,6,11,9,3,3,9,9,8,7,9,9,3,10,12,5,12,8,10,9,6,9,7,8,12,9,2,5,7,12,10,5,13,11,4,10,7,5,10,10,9,5,12,9,7,3,6,11,8,12,8,12,10,9,3,5,9,10,6,4,14,9,9,7,8,9,8,9,6,7,13,7,9,7,4,8,3,9,5,6,5,7,8,16,9,4,7,5,10,5,11,11,10,9,9,8,14,12,6,5,7,10,4,8,5,10,6,11,5,6,7,1,6,10,5,6,7,13,11,10,11,6,11,3,8,7,11,10,6,4,10,7,11,8,10,6,6,5,6,6,5,6,12,8,8,8,5,9,11,9,8,10,7,7,9,8,1,11,7,5,6,7,5,10,2,8,11,8,7,15,7,9,7,3,3,15,4,10,2,4,6,4,4,3,6,9,8,7,12,8,8,2,9,16,7,4,5,12,8,8,6,8,8,7,6,6,10,8,6,8,10,4,10,10,6,6,11,5,11,12,9,14,11,2,4,13,10,4,8,9,11,5,9,10,9,6,7,11,10,11,10,5,7,8,13,9,8,3,4,11,6,9,14,8,7,8,13,4,4,9,8,7,8,7,6,8,8,11,12,7,4,11,7,7,10,11,5,2,11,10,6,7,7,9,5,9,6,6,9,13,11,13,10,8,9,16,9,8,7,11,5,8,13,14,12,9,9,7,7,6,7,9,8,11,7,7,5,6,6,9,6,8,11,4,15,10,5,10,9,7,12,10,7,8,9,11,4,8,9,3,8,10,5,8,7,6,7,10,10,5,9,5,10,5,11,7,6,10,9,9,8,5,3,9,8,9,5,8,11,11,4,6,10,10,11,10,10,12,5,9,6,8,8,6,12,8,10,3,4,6,5,10,9,9,5,10,9,4,2,13,5,10,6,1,10,14,5,7,3,3,7,6,8,9,7,5,5,8,4,5,4,10,2,7,9,7,10,7,4,7,8,6,7,7,5,4,6,6,7,10,4,5,8,8,5,13,12,11,6,13,13,8,5,5,9,9,10,4,7,9,8,7,7,4,9,5,11,6,7,5,10,7,8,9,15,7,12,11,2,9,7,13,5,5,7,5,7,4,5,7,8,7,6,10,6,8,14,12,7,7,7,13,10,10,8,9,8,7,2,9,5,4,7,9,8,6,3,9,8,12,4,4,8,7,10,11,5,9,8,9,6,9,4,6,8,11,6,4,13,10,4,5,8,10,9,8,14,5,8,10,9,7,6,9,7,6,2,9,11,5,11,6,8,12,9,9,7,8,7,5,13,10,7,9,7,12,10,13,9,7,4,5,11,5,11,2,9,17,9,3,14,10,5,9,11,6,14,11,5,4,3,15,9,14,2,7,3,9,2,6,11,10,10,5,5,7,8,6,6,8,5,3,6,6,1,6,4,8,11,8,8,7,9,7,8,9,8,8,9,6,6,6,5,5,2,7,6,7,7,6,11,1,11,8,6,7,9,14,6,8,9,6,22,10,4,10,10,11,7,2,10,13,6,5,5,6,12,5,8,4,4,11,9,11,10,7,11,8,9,15,10,8,10,8,6,8,2,4,4,7,10,14,7,7,5,5,7,4,9,5,5,6,7,11,3,8,7,7,5,11,8,6,3,7,10,9,5,2,6,6,5,12,5,12,9,9,9,13,15,6,3,9,7,9,5,6,11,4,11,7,10,7,5,3,8,7,7,19,2,11,8,8,2,12,13,6,15,11,12,10,6,7,6,7,5,8,6,6,10,7.758,13.5756835578759,1.94031644212411
7,12,6,10,4,8,7,11,4,11,8,5,10,6,3,7,12,10,5,6,11,7,11,5,4,6,15,11,7,6,9,6,7,12,10,13,2,9,15,12,8,15,11,9,10,14,10,3,7,9,7,8,8,3,4,6,8,11,7,10,4,11,5,6,11,7,8,6,7,6,4,7,6,9,9,15,6,7,6,8,12,12,9,9,8,8,8,8,3,11,8,10,8,5,9,2,4,8,6,3,9,8,3,8,13,4,11,7,4,11,7,7,4,8,8,4,2,10,8,11,7,10,7,7,12,4,9,6,13,2,4,10,5,5,6,12,9,6,6,10,11,8,12,6,8,6,6,8,9,8,12,10,11,5,3,12,5,12,5,2,9,5,4,8,8,8,6,7,6,8,5,10,7,7,8,13,1,3,8,7,2,12,8,12,2,9,10,8,11,14,5,8,5,14,15,5,6,2,5,6,8,3,9,7,9,5,3,8,5,7,8,7,6,4,9,8,9,9,8,7,8,9,8,7,4,3,3,8,6,8,12,14,8,4,5,7,7,3,7,14,5,8,6,7,7,7,10,13,2,7,4,7,7,10,9,4,11,10,9,5,10,10,7,6,5,7,13,7,18,9,6,6,12,11,16,1,11,16,9,6,4,9,7,9,8,8,4,9,12,10,4,12,10,13,2,9,6,5,4,9,9,6,15,7,8,10,4,8,9,7,10,7,5,10,8,7,9,9,13,7,10,8,7,8,7,8,5,12,7,4,6,2,6,8,6,5,7,7,14,5,7,4,12,11,5,6,8,13,5,7,8,12,10,7,9,2,6,8,6,6,8,7,12,7,6,14,9,9,11,8,10,10,8,7,7,11,12,12,5,8,7,11,9,5,8,6,3,15,11,8,9,2,5,3,7,12,9,5,7,1,3,7,3,10,10,2,10,9,7,10,5,9,6,8,4,10,7,11,7,6,8,11,12,7,8,7,14,8,6,5,11,11,4,7,6,7,7,11,9,6,12,8,6,11,4,6,9,9,10,14,10,6,8,5,5,6,8,5,8,5,6,10,12,10,9,11,8,6,6,7,11,5,10,10,9,7,6,8,3,7,6,16,5,8,10,8,11,6,6,8,3,5,12,9,4,16,6,7,10,8,14,7,6,11,6,5,5,10,13,21,7,7,12,11,7,7,10,4,10,2,13,7,5,6,9,12,6,6,3,7,5,8,11,11,7,10,8,6,9,7,9,8,6,7,8,12,9,8,8,7,12,2,8,8,13,9,4,5,11,2,11,6,5,12,7,5,18,8,7,9,7,9,9,12,8,6,10,0,2,16,8,3,6,4,5,16,9,6,3,9,8,9,10,15,6,7,10,9,12,3,7,13,6,5,4,10,9,6,11,6,7,3,8,6,13,10,6,5,11,6,14,5,10,5,9,8,9,7,6,6,8,9,10,13,6,5,7,13,7,3,9,6,5,7,9,7,12,7,8,4,7,4,8,5,2,11,8,9,3,5,10,5,7,12,6,6,11,14,7,8,8,4,10,6,4,2,13,5,10,5,10,3,5,4,9,7,5,13,9,4,4,7,11,10,5,7,3,7,5,6,8,8,7,2,10,11,2,7,5,2,9,11,19,12,13,5,5,8,11,5,11,11,8,8,6,6,8,4,4,6,4,8,3,6,9,6,2,6,5,4,6,4,6,7,5,4,5,6,5,7,7,5,5,7,5,6,8,4,8,8,4,10,4,10,5,10,7,10,3,11,7,6,4,7,9,7,6,5,8,10,6,7,7,6,13,8,8,6,6,9,5,11,7,7,7,14,11,7,10,14,7,11,5,8,10,4,8,6,7,5,9,6,13,5,7,6,9,2,7,4,14,5,12,7,8,6,10,6,8,3,8,10,8,6,8,11,5,10,5,10,10,11,6,5,8,2,6,10,7,8,5,12,6,8,6,6,6,5,12,8,8,6,6,6,9,5,6,7,10,12,5,4,8,8,4,8,11,3,9,8,6,8,8,7,8,5,7,7,10,8,6,13,9,8,10,3,4,7,8,2,13,14,7,17,8,13,7,12,7,11,6,10,7,6,1,6,9,5,5,11,10,4,10,11,5,7,6,8,8,12,9,12,3,6,6,7,11,5,6,5,15,10,6,10,6,10,11,6,4,4,8,12,5,6,4,11,5,14,6,12,9,7,5,13,9,8,9,13,8,4,7,4,9,6,5,10,7,13,14,7,5,8,12,5,6,8,16,12,11,17,5,10,5,10,4,11,8,10,8,8,7.729,13.707116269238,1.75088373076197
3,11,5,9,8,10,9,8,10,11,8,10,7,5,8,6,5,6,10,8,12,9,14,9,7,8,8,6,4,6,11,5,7,7,4,6,9,7,7,8,1,11,9,9,11,8,3,3,5,11,9,2,5,3,10,14,7,8,9,9,7,7,5,7,7,11,8,6,8,9,7,10,8,8,5,10,5,9,8,12,8,12,6,3,4,7,8,7,5,14,7,8,8,10,7,7,8,14,9,8,7,10,8,10,11,13,11,6,7,9,12,4,5,5,7,11,7,7,4,13,8,7,10,3,8,6,15,5,8,6,3,6,8,12,3,3,10,5,6,7,5,5,6,6,13,11,6,9,5,10,6,6,11,7,9,11,6,8,5,5,5,2,12,9,2,12,8,4,8,4,8,6,7,10,7,4,5,11,8,9,9,6,10,6,7,9,8,9,9,8,12,9,7,12,12,6,13,1,4,8,5,7,13,14,2,9,9,4,8,5,7,10,8,4,10,3,5,10,4,7,7,10,7,6,4,9,4,11,11,5,6,11,9,7,4,14,4,12,14,10,10,7,7,11,10,11,10,6,5,6,4,8,6,11,8,5,5,12,7,8,6,7,6,7,7,11,11,3,11,4,3,12,5,12,9,7,10,11,8,5,16,12,11,4,9,8,11,7,8,11,5,6,13,5,4,4,10,6,6,5,8,6,9,8,4,9,7,8,12,5,4,7,2,3,7,12,6,6,11,6,9,11,5,7,10,8,6,5,10,7,5,5,9,13,7,13,7,10,9,8,7,16,12,9,5,8,6,12,9,7,10,8,8,6,8,6,8,10,6,11,13,6,6,9,9,13,9,6,13,11,13,11,10,3,10,7,4,8,8,3,14,8,8,7,6,4,7,9,14,8,8,2,9,4,10,9,10,7,8,3,7,8,8,8,17,7,6,13,8,9,5,8,9,15,6,7,10,11,10,14,9,6,15,11,3,10,11,4,5,6,11,6,3,6,6,8,8,8,3,5,5,8,13,10,9,6,13,10,9,9,7,10,3,8,4,10,11,5,5,11,5,13,7,8,6,7,7,12,10,4,13,9,11,11,8,3,12,10,5,6,6,20,10,8,9,13,9,3,7,8,10,4,10,8,9,9,12,15,16,9,2,9,10,4,11,1,7,5,12,5,5,9,9,13,18,8,8,4,7,9,11,6,11,7,4,6,4,8,6,14,11,2,5,11,4,4,7,5,9,5,10,10,1,13,7,13,13,8,10,9,13,7,7,8,4,8,13,6,1,10,17,8,12,12,7,5,7,7,13,9,6,11,10,6,6,6,5,5,6,9,8,6,8,5,7,10,3,6,12,10,9,3,13,13,11,5,7,8,10,5,3,9,8,8,7,8,10,7,5,6,4,8,9,8,6,2,12,8,4,8,12,7,11,13,7,9,11,8,3,5,7,6,7,7,12,9,12,11,13,9,11,15,4,6,7,11,10,10,9,7,10,9,5,5,9,7,6,10,3,11,7,12,6,9,9,7,10,12,10,10,13,6,8,16,5,4,6,10,7,11,8,5,7,5,6,10,3,9,6,7,11,11,4,10,9,5,9,7,6,7,8,6,7,4,9,3,9,5,10,4,2,8,5,8,10,5,8,11,4,8,13,5,4,10,11,8,6,7,8,4,5,2,4,8,5,4,5,11,8,1,7,11,7,4,8,6,9,6,14,9,10,6,3,8,5,15,6,8,6,17,8,13,7,5,4,5,5,7,4,12,6,6,11,8,7,7,4,8,7,7,4,4,8,5,7,12,6,7,5,7,9,9,8,10,7,9,4,5,11,12,7,7,3,10,8,1,16,6,7,5,10,14,7,6,10,7,7,6,2,6,13,3,10,7,8,11,4,7,14,7,6,5,9,9,8,12,5,9,5,5,9,5,10,4,6,9,7,7,12,8,7,13,7,9,9,9,8,11,7,9,9,7,7,3,14,5,9,4,11,8,6,10,9,10,5,13,5,5,8,10,3,13,2,7,11,4,6,7,12,7,6,4,7,7,9,4,8,4,7,7,3,11,7,11,11,5,7,10,8,15,10,6,5,4,4,11,4,9,9,5,5,7,14,9,12,3,7,11,5,14,11,6,8,10,4,5,11,6,8,9,8,9,6,5,7,12,8,5,8,5,6,13,9,5,7,12,7,18,13,6,3,5,4,7,6,3,10,9,9,5,8,8,13,9,2,4,10,9,6,3,8,7,9,6,5,5,14,6,6,15,11,8,8,7,9,10,7,6,8,7,7.843,13.7638471042607,1.92215289573933
5,7,11,11,6,8,17,11,7,5,10,3,6,7,5,15,6,10,7,7,12,5,11,2,12,6,7,6,11,6,9,9,11,9,10,4,2,5,5,3,8,6,11,5,12,7,9,4,7,9,7,4,2,10,5,10,7,10,8,6,8,3,12,15,10,6,5,8,10,8,10,10,7,9,8,11,5,13,8,3,16,10,10,10,2,7,4,5,3,13,9,3,10,8,5,1,5,3,9,8,4,7,5,8,10,8,5,6,3,3,2,11,3,6,15,8,2,10,10,9,11,7,14,9,12,5,8,6,12,7,6,8,7,6,4,9,12,5,10,12,9,5,10,6,13,5,6,11,4,4,5,17,13,7,8,3,8,9,7,4,7,5,4,9,9,9,10,3,6,12,5,6,10,6,5,4,8,5,5,8,10,4,9,10,7,13,7,8,7,10,8,6,5,10,2,6,10,6,13,7,5,5,4,6,8,8,9,10,3,5,4,11,2,5,8,5,6,5,2,11,12,12,12,2,6,6,5,8,10,8,4,9,10,6,9,8,4,12,12,12,7,8,3,4,4,8,9,10,10,9,5,11,8,14,8,10,10,5,8,11,9,6,3,4,5,8,11,6,8,5,12,9,8,3,5,3,11,10,10,6,10,4,6,11,6,2,16,7,10,9,5,9,11,7,5,6,7,6,7,7,9,4,6,10,6,7,4,7,9,5,9,6,8,7,6,9,8,14,7,3,5,7,3,4,5,6,3,10,9,8,5,8,6,8,9,4,4,7,9,2,10,10,6,9,6,7,7,9,10,4,8,5,11,7,9,8,11,7,6,2,8,4,8,8,11,7,11,4,6,11,8,7,4,3,9,10,9,10,6,8,11,8,8,8,9,8,6,8,10,13,9,7,11,5,9,8,6,1,5,2,5,11,9,4,5,11,6,6,2,11,3,11,9,11,11,17,7,3,7,9,11,12,3,9,6,9,6,7,6,8,15,13,2,1,4,3,4,7,6,7,6,7,3,15,5,2,10,9,8,9,13,9,2,4,4,5,6,8,10,3,9,5,10,9,8,11,3,15,5,5,11,9,13,8,10,11,6,12,3,4,18,11,10,8,20,8,10,4,5,9,6,4,19,11,8,10,8,10,7,9,8,7,3,8,10,10,7,8,8,11,6,9,12,12,7,10,6,7,15,9,8,8,17,17,8,9,7,8,3,7,11,8,6,9,6,10,5,3,12,6,5,8,9,9,3,10,6,5,7,6,12,7,8,5,10,9,5,8,8,9,5,9,6,10,4,6,6,6,10,11,7,11,6,10,9,10,2,11,7,9,6,10,10,10,5,13,6,8,5,10,6,8,10,7,6,11,8,6,9,5,5,6,5,3,8,8,6,7,9,10,4,2,10,13,7,3,11,4,4,6,4,6,11,11,3,10,9,6,7,5,9,7,10,8,10,8,6,11,6,6,4,7,6,4,9,6,7,8,6,7,11,5,7,5,9,10,9,5,7,10,5,12,6,8,0,7,12,11,2,4,9,9,6,12,8,5,7,10,4,13,9,3,5,2,7,9,5,8,8,7,5,6,7,10,4,10,12,8,9,7,11,10,9,8,4,10,1,6,2,5,7,8,12,7,2,7,11,10,8,11,4,5,4,7,9,7,5,8,10,9,12,5,5,2,12,4,4,8,2,9,12,7,7,5,4,1,15,3,3,7,9,5,5,7,10,8,6,6,11,11,1,6,11,10,10,5,11,11,3,7,12,8,4,8,9,5,8,2,8,9,6,8,5,4,8,10,8,5,3,7,5,10,8,9,7,9,13,5,12,9,7,5,11,3,4,9,7,8,6,4,4,11,12,4,7,6,11,8,6,5,11,8,10,8,4,9,8,7,11,7,6,5,7,7,6,6,8,9,8,11,10,8,10,6,9,10,5,10,10,8,7,9,6,11,6,11,4,8,8,8,6,9,7,4,20,3,11,4,17,10,9,11,9,11,7,9,11,6,11,13,4,7,6,10,7,4,8,8,10,5,6,10,12,2,9,4,12,7,6,15,11,3,10,12,9,7,10,10,6,12,13,7,5,11,8,9,7,5,3,6,2,11,4,10,6,4,5,7,4,8,7,10,7,6,6,11,7,13,6,8,7,3,9,8,8,8,7,3,3,5,6,9,8,7,13,6,8,5,15,9,9,9,5,15,8,7,4,11,6,6,9,9,9,6,7,11,9,4,9,3,7,9,6,12,4,5,5,7,12,13,8,9,9,8,4,8,6,9,7,13,7.592,13.5559404829092,1.62805951709076
6,10,11,7,4,4,2,7,9,9,11,7,7,16,11,11,13,13,5,4,13,7,10,3,5,11,11,15,9,6,19,4,12,5,15,6,1,8,11,6,9,9,8,8,16,11,4,7,5,11,2,7,6,3,7,6,9,11,5,5,10,8,13,9,7,8,7,8,5,13,8,12,7,11,9,12,5,5,10,7,12,6,7,6,8,7,10,10,4,11,2,5,5,9,9,2,9,7,8,7,8,8,7,10,8,9,13,6,8,9,5,6,3,6,6,5,4,10,2,6,10,7,11,4,13,4,7,4,5,9,4,8,10,12,2,8,6,9,6,8,6,11,8,10,6,8,3,11,5,10,6,12,13,8,12,11,8,9,6,4,8,5,7,9,5,6,12,10,8,9,2,7,3,8,7,11,5,3,4,8,12,11,5,8,9,10,6,10,13,7,14,7,3,9,8,5,5,5,10,7,8,5,12,9,6,4,1,8,5,4,6,8,5,10,13,9,10,8,9,2,7,10,3,12,8,4,9,8,7,5,11,7,8,3,8,11,4,4,10,12,6,5,3,9,5,16,6,9,6,11,9,8,6,12,12,7,14,6,11,12,10,15,6,5,8,6,10,9,11,8,5,7,15,8,9,5,8,17,16,7,10,3,13,8,6,5,6,10,8,8,11,8,12,3,2,6,5,9,6,12,14,7,9,7,4,9,5,3,4,6,10,5,5,8,9,9,6,11,22,9,9,9,8,5,5,5,13,9,12,8,8,4,9,6,8,4,7,5,9,5,12,7,7,9,6,7,7,15,6,16,10,11,13,4,11,7,5,13,6,7,6,5,11,10,3,13,5,9,6,7,5,6,12,6,7,15,8,5,4,8,6,7,8,8,5,6,3,9,11,7,9,3,5,8,6,12,8,8,8,3,6,8,6,8,10,11,4,6,9,11,9,6,5,10,9,6,9,6,10,8,9,9,7,8,5,9,9,7,6,9,12,5,8,5,6,7,5,8,11,8,7,7,5,13,10,4,11,8,12,12,11,5,6,4,9,11,7,3,4,12,8,7,7,8,7,6,7,7,10,11,11,9,8,10,5,5,3,10,4,10,5,10,7,4,8,8,10,6,12,9,5,9,14,9,11,11,8,7,4,8,4,14,8,6,10,5,10,12,6,8,6,8,5,9,6,9,10,7,6,7,8,5,10,16,11,4,3,9,6,10,7,9,13,10,11,14,6,6,7,3,7,11,5,11,9,10,3,4,6,10,17,5,6,5,9,8,7,10,6,11,11,9,11,7,10,7,6,2,11,6,1,10,10,9,11,8,5,5,3,8,12,9,12,6,5,14,10,6,6,7,5,8,4,11,3,9,8,6,5,4,7,8,11,6,7,4,4,6,7,9,3,7,13,7,10,6,12,6,4,10,5,3,6,9,9,7,4,8,10,7,6,10,8,5,10,3,3,8,11,7,9,13,3,4,6,7,9,8,5,8,5,8,7,9,7,4,7,10,5,7,8,7,5,7,5,9,13,7,7,7,11,6,10,10,6,9,10,5,3,6,12,4,8,8,6,10,3,12,11,9,6,7,6,12,4,7,3,5,9,8,7,7,13,6,10,5,4,11,10,6,14,13,15,12,10,3,9,9,10,8,11,7,13,8,8,3,1,9,11,5,11,6,7,6,10,6,4,9,6,6,6,5,5,8,10,10,6,4,6,6,11,7,12,5,12,8,5,6,1,10,9,4,8,7,8,10,13,14,12,8,11,8,8,4,7,8,6,9,3,5,13,13,10,11,12,10,7,8,4,7,4,4,14,6,6,7,7,8,18,15,10,4,8,13,7,14,10,7,5,4,11,9,8,13,8,10,6,11,9,10,4,4,9,7,10,9,8,7,3,5,5,9,6,12,5,10,9,12,7,4,9,4,8,14,8,5,13,11,11,5,6,6,8,6,9,10,9,12,8,8,7,4,1,7,9,8,6,5,8,14,3,8,4,12,3,7,10,9,7,6,6,11,8,15,8,4,5,7,5,5,4,13,7,8,6,6,5,14,9,12,6,5,7,7,4,10,2,11,3,8,8,7,6,8,5,4,8,3,4,4,6,7,8,6,8,7,8,5,6,9,7,12,5,10,6,9,10,8,6,11,4,8,12,10,6,9,12,8,4,7,7,9,6,4,11,6,9,13,9,8,7,6,5,13,7,3,5,7,10,6,6,4,8,10,8,11,4,4,8,3,12,10,6,4,8,6,7,11,5,7,15,6,8,5,2,10,10,11,3,5,7.776,13.6953768337977,1.85662316620232
11,10,7,4,5,7,9,13,9,7,8,12,6,9,3,10,6,9,5,6,10,8,7,8,14,9,14,11,7,8,15,4,4,5,7,6,3,9,6,5,9,15,7,10,12,8,10,7,7,15,10,8,4,4,7,15,6,7,10,11,9,6,7,7,10,9,15,8,5,5,10,7,6,10,11,6,10,8,7,9,9,8,14,12,6,10,5,7,6,5,6,6,8,11,7,4,7,4,5,2,10,7,4,12,8,7,9,10,3,11,8,6,8,9,6,3,9,10,7,6,10,5,10,3,11,5,7,6,9,5,8,13,13,8,6,11,13,7,12,9,9,7,5,6,5,7,9,15,9,10,7,3,10,8,6,17,3,11,6,8,5,6,8,7,6,7,7,6,8,7,8,7,11,8,10,6,7,7,4,10,9,15,3,9,10,10,4,6,15,9,8,9,8,7,9,8,13,2,6,4,5,5,8,11,9,12,4,10,7,8,6,11,8,7,7,14,4,4,9,4,10,4,8,7,11,7,3,11,8,7,5,16,8,9,9,11,11,12,7,11,7,7,11,10,2,9,11,9,5,6,2,7,9,11,12,3,10,7,7,8,16,10,6,4,8,12,9,5,14,7,4,7,8,8,7,5,9,8,10,4,9,7,4,6,8,5,10,12,13,10,7,8,11,9,4,10,2,7,6,8,9,11,9,7,10,10,3,6,6,11,10,8,6,12,3,9,7,7,11,7,16,10,6,3,9,8,12,5,13,6,9,8,11,8,7,17,11,12,14,9,9,15,7,7,3,9,6,11,5,9,5,9,6,4,12,7,5,10,6,6,2,6,9,7,8,12,13,4,12,9,15,5,9,7,5,12,10,5,5,5,11,8,5,1,11,4,13,6,9,9,7,6,6,12,9,9,13,7,7,6,4,7,5,9,11,2,8,8,4,11,6,6,11,7,4,9,12,7,6,13,10,10,7,9,4,5,8,11,10,5,7,11,11,5,2,8,9,10,2,9,8,13,8,14,6,3,14,15,7,10,6,7,12,11,9,11,8,12,7,6,5,9,7,6,17,8,12,9,6,2,12,3,7,7,6,4,12,7,8,8,9,16,7,5,6,5,9,7,4,8,9,8,18,15,8,7,7,6,7,7,11,10,10,5,9,8,14,10,13,12,11,7,10,13,4,17,10,8,7,8,12,8,8,8,11,8,8,7,5,9,5,9,8,13,6,13,4,4,14,6,6,9,3,12,6,13,8,5,8,5,15,3,9,4,11,3,9,8,1,9,8,6,8,5,5,7,9,7,16,8,7,6,4,13,7,4,9,6,3,10,14,11,7,8,10,11,8,8,9,11,9,5,9,8,7,12,8,7,8,5,5,4,8,9,6,6,14,8,5,4,8,9,9,7,9,4,7,5,7,6,13,7,11,6,4,7,14,6,10,4,12,7,10,10,9,12,5,6,6,9,5,16,7,10,7,12,8,11,2,5,12,4,8,9,11,8,11,10,8,9,8,8,3,6,6,6,12,11,9,7,14,8,12,7,7,7,14,5,8,9,10,4,12,8,3,9,7,14,5,8,13,9,9,11,3,5,6,11,9,6,12,11,9,4,9,3,4,8,9,11,3,4,11,8,10,5,3,12,13,3,7,5,12,6,8,8,9,8,9,8,13,5,3,6,6,10,3,10,10,8,10,3,9,6,4,5,7,4,8,10,7,5,7,9,14,8,5,7,12,13,12,7,4,12,1,13,5,10,3,7,11,9,7,4,14,11,5,7,5,9,9,9,7,3,14,12,5,8,4,8,4,9,11,5,8,12,13,6,10,7,7,8,13,8,9,8,14,11,6,11,5,9,6,8,6,13,8,8,8,8,5,8,15,9,4,10,3,10,11,7,9,8,7,13,5,7,7,7,8,9,7,5,8,5,9,11,3,9,9,12,10,12,11,6,13,10,6,6,8,8,6,5,11,8,13,7,9,6,9,9,8,4,7,6,8,6,6,6,4,8,4,8,5,18,12,5,7,8,5,3,9,7,11,10,8,8,9,9,4,3,4,8,5,14,6,6,7,13,5,12,6,6,4,5,7,6,9,5,6,3,8,9,6,10,6,7,7,4,3,7,5,0,10,7,11,8,17,6,8,8,13,12,6,7,6,7,11,4,6,5,4,13,3,5,11,8,7,8,10,8,8,7,7,13,8,2,7,11,5,6,6,8,8,5,7,15,7,11,7,5,7,0,5,5,8,2,16,4,8,8,4,2,2,5,8,7,10,5,4,4,7.966,13.9874703532954,1.94452964670459
8,9,10,12,7,9,9,5,5,14,4,4,10,7,9,6,9,14,6,7,6,8,14,8,6,6,7,8,9,10,11,7,5,10,3,6,4,9,13,9,6,12,11,9,16,14,7,6,7,10,6,10,4,8,12,8,11,10,5,7,12,9,8,8,5,10,10,5,11,14,12,5,7,10,3,10,9,5,6,8,7,11,9,15,5,6,6,11,5,10,6,10,4,4,12,8,8,8,6,7,10,7,5,6,9,9,11,7,6,10,7,5,6,9,8,9,8,9,5,15,7,5,14,5,12,12,7,5,16,5,4,8,5,2,3,10,8,6,9,8,8,8,3,5,10,9,5,10,10,9,6,13,7,6,4,13,5,12,12,10,8,9,16,5,4,5,9,6,10,6,11,7,5,11,13,7,5,3,6,9,6,6,10,9,5,10,6,11,4,10,7,7,6,12,6,9,8,2,3,11,11,2,8,10,8,9,6,14,3,6,6,6,5,3,16,10,6,6,4,5,5,5,9,3,4,11,6,12,9,5,11,12,10,5,8,6,6,8,11,9,10,10,7,13,7,17,6,10,6,9,4,7,5,9,9,7,11,5,9,4,1,5,6,12,6,14,9,6,16,9,4,13,7,11,11,6,12,6,11,7,6,7,7,12,7,6,11,6,8,6,6,10,12,9,8,7,10,2,6,7,12,4,9,10,9,10,9,7,15,8,9,7,5,8,10,12,8,11,15,10,6,14,7,4,6,12,7,5,10,6,7,4,8,7,12,11,9,7,11,4,8,8,9,12,5,5,5,11,7,3,15,8,14,5,10,10,9,11,7,10,11,4,6,9,10,8,13,8,13,12,12,5,10,10,8,7,11,7,5,3,8,15,6,7,10,3,8,7,9,7,4,5,10,14,15,11,7,6,6,4,3,9,8,6,11,8,7,12,7,6,8,8,5,13,10,13,7,2,9,7,15,10,18,12,6,10,10,5,6,8,11,6,8,8,6,6,6,17,7,4,11,5,10,12,3,5,13,9,6,6,13,8,4,10,7,8,3,5,5,9,17,12,10,7,9,4,9,11,5,8,10,8,10,4,12,7,9,13,7,5,11,7,10,7,11,11,10,11,8,8,14,2,8,12,4,9,6,10,11,6,9,3,9,8,5,7,13,8,9,14,5,11,10,14,9,8,11,7,8,8,8,4,12,11,4,9,7,8,6,14,9,7,5,8,6,8,5,5,9,5,8,8,10,4,7,8,12,5,11,3,7,8,13,4,8,9,9,10,6,7,12,6,14,10,6,4,8,12,10,12,7,7,8,8,9,7,10,6,2,12,8,8,7,7,4,8,5,6,7,12,7,7,10,9,14,4,13,8,10,6,6,6,4,6,3,10,11,8,10,8,10,8,7,9,15,6,9,4,4,4,14,3,8,7,5,10,15,8,3,3,9,11,3,7,12,4,5,10,13,3,9,7,7,5,10,15,11,11,12,7,10,8,12,6,7,8,9,7,8,8,5,5,6,11,6,8,9,10,10,10,5,9,13,7,5,10,10,11,5,5,11,5,7,8,9,8,5,14,4,15,12,8,5,6,4,9,8,11,7,4,11,9,11,4,12,11,4,7,10,5,5,6,7,6,13,4,7,5,10,4,14,7,4,6,11,5,8,7,5,7,5,5,5,7,6,5,8,11,7,5,8,12,5,3,10,6,8,7,6,7,8,1,5,11,8,6,12,7,4,7,9,9,5,12,6,12,6,12,8,8,8,5,8,10,3,4,11,7,9,13,8,6,5,7,5,15,7,3,7,6,3,11,14,7,5,6,11,11,11,15,9,9,9,14,11,7,13,5,7,6,10,21,7,8,7,8,11,6,8,7,8,5,12,5,8,10,11,4,9,8,9,6,8,11,8,7,13,14,8,10,10,3,8,11,9,5,6,8,11,8,8,14,8,9,9,10,9,6,9,11,5,9,6,10,15,9,9,4,6,10,7,9,12,7,7,4,8,5,7,9,6,7,9,7,6,8,13,3,9,6,10,8,9,7,6,9,9,5,2,9,8,12,9,13,11,5,3,9,10,10,9,10,9,8,5,4,9,8,6,3,5,4,10,9,13,9,8,7,7,8,5,9,4,8,6,6,7,6,7,8,11,5,14,6,4,11,4,9,3,5,5,10,4,5,15,8,15,7,10,12,6,8,3,11,5,4,6,8,8,7,8,8,9,7,2,10,10,9,12,8,6,5,11,7,6,10,16,12,7,12,7,7,10,6,7,7,4,5,8,11,8.077,13.9740023053913,2.17999769460872
6,5,11,11,4,5,10,12,12,15,9,8,5,7,7,5,7,13,5,13,10,11,13,8,6,8,6,8,13,9,10,7,7,7,13,6,2,5,1,5,6,16,5,10,5,13,12,5,8,8,8,4,11,6,12,11,9,11,7,13,8,8,14,8,6,10,6,5,7,10,12,11,7,10,2,10,5,6,14,7,9,11,6,6,8,4,7,3,7,9,14,7,7,10,5,7,4,5,11,5,8,8,7,10,5,1,13,5,9,7,7,12,6,4,12,10,3,9,7,5,8,7,9,5,13,7,4,6,6,8,5,7,7,14,8,5,10,5,8,6,10,7,12,4,13,7,7,7,10,11,9,7,10,11,8,7,5,10,6,10,6,10,6,8,8,7,9,4,5,9,7,10,7,8,5,13,9,6,3,6,7,7,12,10,8,7,7,4,9,12,10,11,6,14,10,6,10,7,10,6,8,5,7,9,11,6,6,6,4,11,6,12,8,4,9,8,8,9,8,9,5,10,9,10,8,5,6,8,9,8,10,14,8,7,5,7,5,11,11,14,5,5,6,7,10,7,11,10,2,7,6,5,11,9,7,7,9,13,12,12,18,9,8,7,6,11,15,4,14,9,3,5,7,11,10,8,7,8,6,6,15,8,6,7,11,0,12,8,8,14,10,12,14,3,5,8,10,4,4,2,7,7,8,8,8,8,7,8,11,9,4,6,4,8,6,11,9,7,15,5,4,10,10,8,6,9,11,9,8,7,9,7,10,10,9,9,7,7,8,5,8,12,8,10,2,8,8,10,7,6,6,4,16,4,10,9,10,9,7,6,6,7,10,5,3,6,8,8,7,6,11,8,9,7,11,8,6,8,5,9,8,5,9,5,3,4,8,3,8,10,15,3,13,7,12,6,9,8,15,4,7,7,7,5,12,9,10,10,11,8,9,9,4,7,12,14,2,5,12,7,5,9,9,4,3,6,9,6,12,9,4,6,8,4,5,6,7,8,7,6,6,1,5,13,10,6,8,15,10,12,10,9,6,7,4,7,8,6,6,9,8,7,6,9,9,8,10,14,8,7,6,5,5,8,15,9,14,6,4,9,7,15,8,7,9,7,15,8,9,8,12,7,11,7,10,9,8,8,7,11,7,5,9,5,10,6,11,14,8,5,8,6,10,10,7,9,11,6,11,7,14,7,9,12,8,16,7,14,7,9,9,12,9,9,8,7,10,8,5,9,8,9,3,10,13,12,10,4,10,5,13,6,4,7,10,12,10,13,7,7,6,7,2,11,7,3,6,5,4,7,9,10,9,11,6,9,8,5,4,5,14,12,9,6,9,5,5,8,7,6,10,7,11,14,9,10,4,10,7,9,6,10,13,3,10,13,10,4,8,11,6,5,4,10,10,7,9,8,4,8,7,13,10,8,5,5,14,10,8,3,12,9,8,7,12,8,9,13,8,3,8,10,6,8,3,6,18,9,12,8,5,9,3,7,11,5,4,4,6,7,11,9,5,10,11,4,10,10,5,9,10,9,11,15,3,6,5,11,9,8,10,5,6,4,9,6,10,9,7,11,12,8,10,12,5,12,9,5,5,6,8,5,12,7,14,11,6,7,12,5,11,10,10,10,5,3,3,9,7,8,6,2,9,13,8,2,5,5,11,6,7,4,6,4,4,6,7,10,8,3,6,10,6,0,10,7,12,8,9,5,8,8,8,8,12,6,6,11,9,13,5,7,9,12,6,10,10,5,7,9,11,7,8,8,7,8,10,8,9,5,11,9,7,12,8,11,9,7,4,9,9,11,8,6,10,6,16,5,12,12,5,11,7,12,11,6,7,5,12,6,6,7,3,11,9,7,12,9,8,7,9,6,10,10,0,10,7,6,7,10,8,8,10,14,5,9,8,4,12,8,13,8,11,10,8,9,8,9,9,6,6,10,9,11,11,9,7,4,5,5,8,5,5,7,11,8,8,3,13,9,10,11,11,12,4,5,5,8,8,12,5,4,9,14,10,4,6,14,11,8,3,5,8,7,8,10,4,6,9,5,5,8,9,13,9,6,10,10,7,7,11,5,8,5,7,7,5,7,5,5,3,3,8,6,11,8,8,6,2,10,7,5,8,6,5,6,8,5,10,6,10,8,11,9,10,8,9,10,4,6,3,11,10,6,10,9,8,15,10,8,10,10,4,9,16,9,12,12,9,4,8,8,6,7,6,11,9,8,10,8,9,9,5,9,12,7,13,9,8,11,11,7,9,5,9,7,4,8,7,13,8.055,13.7120045837758,2.39799541622416
7,9,7,6,6,9,6,8,9,4,10,8,8,10,10,11,6,8,4,9,19,11,8,6,10,8,11,7,5,8,11,3,8,8,12,11,5,13,3,7,11,18,12,6,7,12,6,2,11,17,11,11,9,5,11,7,13,10,10,12,7,9,4,8,7,13,6,8,8,11,13,12,2,15,13,11,8,5,7,7,8,8,4,7,4,8,5,12,3,12,8,4,10,7,10,8,4,10,7,11,5,7,7,6,11,7,6,6,4,5,6,4,7,7,5,7,5,12,4,7,10,8,13,4,7,8,4,5,7,9,4,10,8,7,2,4,13,10,10,4,5,9,10,12,6,8,9,7,6,7,3,11,4,11,8,10,7,4,6,7,6,13,12,7,2,13,10,4,12,12,7,5,4,11,9,9,8,6,5,12,8,12,5,9,6,10,10,7,12,15,12,4,8,9,13,5,6,5,9,6,6,2,6,15,11,7,8,2,7,8,8,9,4,8,13,8,9,4,5,8,9,12,4,5,3,8,6,7,9,4,8,10,6,5,11,9,12,9,10,10,14,6,3,12,4,5,5,12,9,8,9,7,10,9,10,10,13,4,11,9,8,10,13,8,7,8,7,5,11,6,3,9,10,10,9,10,14,21,12,9,9,5,5,7,8,8,9,2,9,11,7,9,11,8,4,6,4,4,9,3,10,5,11,6,7,7,7,2,6,5,6,4,7,10,9,5,3,3,7,6,10,4,4,3,7,3,11,5,10,9,9,9,6,16,8,17,3,10,16,6,10,10,9,3,4,6,6,14,6,9,6,15,11,8,9,5,10,11,8,4,4,3,5,5,6,7,12,4,10,6,10,6,8,9,10,15,7,9,9,8,7,4,10,8,6,5,5,10,7,16,8,8,5,4,7,8,6,8,10,7,8,6,13,4,4,12,5,9,5,14,8,9,7,5,11,7,8,5,11,9,10,6,9,7,8,4,9,4,3,14,4,10,2,5,7,11,6,13,2,11,7,7,8,16,7,7,5,11,8,12,14,10,6,8,5,6,5,15,7,11,9,3,10,11,9,6,9,6,9,6,10,6,9,10,6,8,11,7,3,8,12,12,8,6,11,8,6,6,6,4,9,6,18,8,11,11,11,7,8,8,10,12,13,9,9,7,10,12,9,6,7,3,9,10,6,8,4,5,7,7,10,9,11,14,4,7,7,8,5,14,8,10,8,13,8,14,6,12,5,3,6,7,10,9,5,9,9,3,12,5,11,8,8,4,8,8,7,9,3,9,7,13,7,9,9,8,5,0,15,11,1,9,6,6,10,10,6,3,7,5,8,8,12,8,5,14,9,8,9,10,6,5,9,15,5,8,6,10,12,2,7,4,4,7,9,10,8,10,6,11,7,9,16,4,10,5,8,4,6,8,8,4,14,7,9,13,11,10,9,6,7,5,14,13,13,11,11,9,7,4,8,10,5,7,13,7,8,8,8,2,11,5,9,8,5,9,6,7,3,9,13,8,5,9,3,7,6,8,5,5,8,5,9,9,5,11,9,7,5,10,7,6,11,8,9,9,9,12,8,14,11,8,8,8,11,8,7,7,3,4,7,9,10,2,7,8,6,12,8,6,9,8,6,8,8,9,2,4,8,10,9,10,8,13,8,9,7,4,11,2,9,4,10,10,10,6,7,14,9,5,11,7,11,9,6,6,6,6,8,7,8,9,5,9,14,11,8,6,4,9,1,10,9,15,3,6,9,10,6,8,14,6,3,8,6,3,6,6,12,10,10,3,3,4,13,10,14,12,6,11,7,12,11,11,8,10,8,9,13,7,10,11,7,9,6,13,14,12,3,10,7,6,10,6,10,11,10,9,12,10,9,7,9,8,8,4,7,4,3,4,5,5,7,7,4,7,10,13,5,11,17,4,13,11,7,7,5,7,13,5,6,11,4,12,8,11,3,12,14,8,6,7,10,5,12,2,3,8,12,7,5,10,6,10,10,3,5,5,12,6,5,10,9,12,13,8,5,7,10,6,6,8,13,4,6,6,6,12,5,10,6,4,7,7,7,11,9,10,6,10,9,8,8,13,4,8,2,7,9,9,12,8,5,3,5,3,11,5,5,5,6,7,4,8,6,6,15,6,9,5,9,8,9,7,11,8,15,6,4,8,8,7,6,6,12,13,9,14,14,8,11,6,4,5,12,2,3,10,13,8,3,10,7,9,6,8,12,10,20,4,4,9,9,7,9,7,7,13,5,12,12,7,0,10,12,9,9,3,5,13,8.002,14.135199162392,1.86880083760803
6,7,10,9,8,8,9,9,9,7,9,8,5,6,7,17,8,8,7,7,10,4,19,6,9,10,12,11,8,3,12,6,3,4,8,5,2,9,10,8,13,11,9,10,13,13,9,7,7,11,8,6,1,1,14,13,7,14,9,4,6,14,11,6,12,5,10,11,6,5,4,12,10,4,13,11,7,8,6,9,11,12,11,19,4,9,6,12,6,10,5,8,5,13,10,6,4,14,5,9,6,4,10,7,7,6,12,11,8,8,8,8,6,8,12,4,9,5,9,14,14,4,10,9,13,6,16,8,6,8,10,13,10,8,4,10,10,11,11,10,3,12,13,7,7,5,11,13,3,9,9,6,8,12,9,11,7,7,11,7,7,9,7,8,8,16,9,10,6,12,4,11,5,10,6,8,11,4,5,7,9,8,6,12,15,9,3,10,8,7,11,7,8,12,14,9,6,3,9,9,15,4,6,7,14,12,6,11,4,2,9,6,6,10,9,16,4,8,11,7,7,16,10,11,5,7,3,7,10,4,8,9,11,5,10,11,12,6,5,7,9,2,8,14,10,11,16,7,5,5,7,6,6,11,8,10,9,12,4,7,7,7,5,8,8,9,7,5,7,7,8,9,14,12,12,2,11,16,4,11,18,3,9,6,3,2,16,12,16,10,8,7,10,5,7,6,10,4,3,2,9,7,5,11,14,7,6,6,7,10,6,13,9,12,8,9,6,8,13,8,10,6,4,14,5,14,6,8,9,7,4,6,9,6,12,10,6,8,9,3,6,11,6,8,8,6,6,10,5,11,7,14,15,6,9,8,8,5,2,7,3,4,12,9,6,7,11,8,14,8,11,5,6,11,3,12,6,7,7,9,11,8,8,4,9,9,8,11,11,8,9,8,11,3,10,14,10,5,10,4,7,7,10,13,8,8,11,7,7,9,10,6,8,9,2,16,7,7,15,7,11,9,12,6,4,14,13,13,8,8,6,14,8,6,2,4,7,6,5,3,9,12,5,13,12,2,10,12,7,15,11,8,4,10,6,5,7,3,11,5,7,11,12,8,13,15,8,7,7,7,11,8,8,6,7,6,5,11,4,9,7,15,16,13,9,15,12,10,12,8,7,10,12,9,7,10,9,7,14,3,6,6,8,8,10,10,8,5,10,8,12,12,7,11,3,4,8,4,10,8,5,10,15,14,7,8,7,5,6,15,6,9,8,9,6,13,5,6,6,7,1,7,7,12,7,11,8,8,8,3,7,3,7,7,13,11,7,8,11,9,8,14,12,8,4,9,7,6,10,5,5,13,10,16,7,10,4,3,5,4,10,11,9,10,8,10,10,10,9,9,7,8,8,14,6,8,10,11,10,7,3,10,7,7,6,7,7,7,4,8,13,9,8,6,12,7,11,9,5,8,15,4,8,7,10,10,8,7,12,7,11,7,10,10,8,9,4,17,9,6,9,14,2,8,7,7,6,15,6,5,11,7,4,11,8,5,4,9,6,14,17,10,11,9,4,5,6,5,10,5,5,9,11,11,9,11,10,9,9,5,12,4,5,3,9,6,5,14,7,5,9,8,7,6,7,10,6,4,13,5,10,13,8,6,8,8,7,5,4,4,6,9,12,13,10,11,6,12,7,11,6,8,11,11,8,10,4,13,4,15,8,5,3,7,2,6,12,10,6,10,12,5,8,2,11,4,10,3,4,9,12,3,6,14,19,7,5,8,6,14,8,6,11,5,4,13,10,7,7,10,11,11,8,10,15,4,9,9,4,8,7,6,4,9,11,12,7,7,4,10,4,10,8,3,9,8,8,11,16,15,10,5,4,12,11,12,9,8,8,6,10,11,7,11,9,3,8,14,8,6,4,8,11,7,6,8,5,8,12,3,8,3,14,7,4,7,10,2,6,10,12,7,8,6,5,7,8,7,10,6,9,9,8,6,10,12,6,8,9,13,6,5,9,11,10,5,8,6,6,11,7,11,8,10,5,5,17,10,4,7,8,15,2,10,9,6,7,4,15,12,4,9,6,4,4,7,7,5,8,9,5,7,15,10,6,11,9,14,5,9,8,9,2,6,5,6,10,4,7,5,7,8,8,5,14,6,15,3,5,12,3,6,15,10,8,8,13,5,9,11,8,7,8,11,12,15,3,6,5,8,7,13,10,9,13,11,10,16,9,6,6,7,5,10,10,2,5,9,7,8,8,7,12,5,9,13,10,8,7,7,5,9,8,8,11,8,8,5,7,10,7,10,4,14,6,7,8,11,6,8,8.311,14.635665714708,1.98633428529202
13,11,6,7,8,5,7,14,8,15,14,7,7,12,5,9,9,12,5,9,8,11,11,10,9,12,12,17,8,8,10,8,6,8,8,4,6,5,10,3,8,13,12,7,13,13,10,6,4,10,10,4,7,9,7,7,11,9,5,5,6,6,8,3,6,10,5,4,11,12,14,7,12,9,4,5,2,3,10,8,6,6,11,16,4,7,4,5,4,9,5,8,8,13,10,9,7,4,8,8,5,7,3,6,9,8,6,3,5,12,5,5,3,6,16,11,5,12,7,14,15,4,8,7,11,7,9,7,12,7,5,7,12,9,6,12,9,4,9,10,12,3,9,10,4,11,10,9,7,12,7,8,13,9,5,12,3,14,11,9,6,9,10,11,4,9,11,5,7,7,8,7,10,11,14,11,5,7,1,8,7,6,5,10,7,7,9,6,13,10,6,7,4,12,7,2,10,8,3,5,10,4,10,6,11,5,10,13,1,8,3,10,6,6,5,9,7,7,10,7,10,7,12,9,10,8,4,12,8,6,12,8,13,6,10,4,12,6,9,19,10,4,9,12,6,10,6,16,2,5,5,5,5,7,13,5,12,7,14,10,6,10,10,7,8,14,11,8,10,11,4,5,4,10,4,4,6,14,10,6,8,6,7,11,8,5,5,9,4,7,12,9,12,8,5,12,5,10,14,8,13,8,8,14,6,6,6,4,6,12,9,9,8,10,6,7,7,8,14,14,8,17,8,9,8,8,8,11,15,6,4,4,5,10,7,10,14,11,11,6,8,6,8,8,4,9,2,10,10,10,8,4,8,6,5,10,6,12,6,6,10,8,6,14,11,6,13,7,5,15,11,8,6,8,11,5,9,9,6,8,7,12,7,7,8,7,9,6,13,4,7,6,14,5,11,5,11,6,12,9,7,11,9,6,13,8,10,10,11,8,6,15,5,12,3,9,6,4,12,9,6,13,9,9,3,7,8,6,11,12,12,8,7,10,9,9,13,11,6,6,7,10,10,16,8,7,9,9,5,11,9,7,10,10,8,8,9,13,7,12,10,7,8,8,11,11,8,9,5,8,14,9,7,5,8,4,15,8,8,7,8,18,8,0,9,9,10,8,7,11,10,15,5,8,8,4,10,5,6,5,5,8,8,7,9,13,10,10,15,5,6,8,7,14,9,7,5,5,8,6,9,8,9,17,7,5,6,10,4,7,6,11,9,11,11,8,5,12,7,6,7,7,3,15,8,10,4,7,10,9,13,6,6,3,5,8,8,7,6,18,13,10,9,11,4,4,4,9,11,10,9,5,4,13,13,5,10,10,3,8,9,14,6,5,12,9,8,10,14,10,5,6,10,11,12,9,4,9,3,7,5,4,5,8,11,4,5,12,9,12,10,5,11,4,13,9,7,5,1,7,18,8,13,12,6,9,8,6,5,3,15,6,12,11,10,5,11,13,8,9,5,11,4,8,12,8,11,3,10,3,9,10,10,6,15,8,5,6,7,9,8,8,10,7,3,8,13,13,5,11,10,4,13,13,4,15,8,6,7,8,15,1,11,7,2,16,4,12,8,8,14,4,4,6,8,8,4,13,6,5,5,8,7,3,13,13,5,7,7,7,10,7,5,8,11,6,5,11,6,8,9,6,9,4,7,3,5,7,8,10,7,9,10,7,7,8,3,7,5,4,10,8,11,5,10,6,8,5,5,6,9,6,11,10,13,9,3,6,13,8,9,12,9,17,7,11,8,6,9,6,8,7,5,4,8,5,9,4,8,6,12,5,11,9,14,14,4,7,8,9,7,5,14,7,6,11,11,6,18,10,9,10,17,7,8,9,9,7,8,7,10,15,11,9,10,12,4,6,12,9,9,10,15,4,8,13,5,7,4,9,11,14,6,8,8,14,8,11,13,15,10,6,14,7,12,9,9,8,10,11,7,8,11,14,9,11,12,4,5,8,5,7,6,9,5,6,8,4,9,6,9,5,9,10,8,3,8,7,7,7,4,14,7,12,10,3,4,8,6,4,9,12,11,9,7,9,5,6,3,13,7,6,6,11,8,4,11,13,9,10,9,10,2,8,8,5,9,6,10,6,2,6,10,8,5,4,6,6,5,10,11,12,3,7,5,6,13,9,8,13,11,8,0,14,5,5,12,4,6,6,4,10,5,9,15,4,8,12,7,11,6,7,6,12,12,3,7,7,5,6,1,5,9,5,7,12,10,11,11,4,10,6,6,7,7,10,7,10,6,12,15,9,11,6,8,8,5,8,8,8,8.246,14.4729966775342,2.0190033224658
4,12,8,12,8,7,7,8,9,11,8,10,14,7,10,8,11,10,7,9,14,14,9,9,9,9,12,8,10,7,5,9,8,5,7,12,10,8,14,8,10,15,11,10,7,12,6,9,10,11,5,11,4,10,9,10,9,14,5,13,9,8,12,10,6,17,10,11,6,10,14,15,3,8,9,7,8,7,4,5,9,10,12,16,7,9,3,10,4,8,10,5,4,9,9,8,10,12,12,8,6,8,5,11,5,3,12,6,8,9,8,4,4,9,12,8,10,11,10,8,9,5,11,6,10,12,5,9,12,10,7,5,10,5,9,8,4,6,9,4,12,6,7,10,9,10,11,11,17,6,8,7,11,7,7,14,5,10,3,10,6,9,15,5,5,10,12,11,7,9,5,9,6,13,7,9,4,2,6,8,5,11,9,2,6,12,7,5,13,6,11,7,10,8,7,4,10,8,12,6,16,8,10,6,8,9,8,8,11,3,5,15,13,9,15,9,6,7,6,6,6,7,10,12,9,10,7,14,10,2,12,14,10,9,13,7,8,14,11,7,6,11,11,11,2,12,8,9,7,6,6,8,11,5,12,8,9,11,7,8,5,6,9,9,8,12,11,7,15,13,6,11,10,7,8,5,8,10,8,7,5,9,8,7,10,7,11,5,5,11,7,5,16,11,7,5,7,3,8,4,9,9,12,14,4,6,6,7,7,9,5,10,7,7,5,10,8,7,15,5,6,7,7,8,5,6,10,4,12,12,11,13,6,6,5,14,10,5,11,7,6,12,5,6,6,8,9,9,5,3,8,9,15,10,9,7,7,5,10,10,7,7,8,8,3,13,11,10,6,7,7,12,7,5,3,10,9,4,7,5,16,6,6,7,10,5,8,10,10,14,15,11,10,9,16,9,8,8,9,8,8,9,11,11,13,7,7,9,4,9,10,6,11,7,13,11,10,12,7,8,11,15,5,7,7,6,8,10,8,6,12,10,4,12,10,8,5,13,3,6,6,7,5,10,12,6,7,9,7,13,8,8,5,9,5,6,6,5,7,5,17,4,10,5,14,13,11,16,10,8,8,3,9,10,13,6,5,8,8,5,10,10,12,2,6,13,11,5,10,7,7,6,14,8,18,6,6,9,12,11,10,7,9,6,9,7,8,12,7,14,2,5,9,14,10,8,11,8,9,7,13,4,11,8,9,12,3,8,6,12,8,7,6,7,7,8,8,2,5,8,4,9,11,14,9,14,13,7,9,7,15,13,6,3,8,10,10,14,6,5,13,10,5,8,7,3,4,4,10,13,4,12,11,13,15,9,5,11,3,10,7,8,17,9,4,14,8,7,7,11,10,8,9,8,9,8,18,9,6,7,6,9,5,12,5,7,10,7,6,8,4,9,8,11,13,8,14,8,3,11,11,3,6,6,9,10,13,7,8,6,11,10,5,3,10,7,7,14,11,7,12,10,5,12,8,11,8,11,5,3,9,6,11,6,10,6,10,6,5,6,10,15,5,10,7,6,10,8,2,10,11,6,8,10,4,8,14,8,9,9,12,10,6,9,13,9,6,6,6,12,5,8,9,6,7,13,8,7,9,5,11,6,9,4,17,4,3,7,9,4,12,13,9,10,8,12,5,6,13,4,10,3,6,11,3,4,14,4,15,5,6,6,6,12,6,12,9,9,9,7,9,13,12,4,10,6,10,5,7,6,7,2,8,7,12,9,10,4,3,7,4,5,10,9,7,8,5,4,7,5,10,16,5,7,7,4,13,7,9,9,5,7,7,18,15,12,10,9,6,6,7,6,8,8,9,7,17,9,10,9,5,12,4,15,6,8,13,7,3,8,12,6,8,11,3,13,5,6,11,11,5,8,8,11,8,9,6,5,5,8,5,7,10,13,3,11,5,5,10,7,10,8,12,8,10,12,5,10,12,7,9,9,10,10,9,9,7,11,6,11,11,7,5,15,12,7,9,7,7,6,8,8,10,9,4,5,7,4,9,7,4,7,11,9,9,7,10,8,11,5,8,4,8,10,14,10,8,8,8,12,5,6,9,13,6,7,7,6,9,14,12,8,9,4,7,9,12,6,10,10,6,5,3,9,6,6,11,5,9,4,10,7,3,10,6,14,17,5,7,12,11,10,10,12,9,9,2,7,6,12,7,11,6,6,9,9,8,8,11,5,8,9,4,8,9,5,6,8,3,8,7,11,12,8,6,12,10,7,7,5,7,3,5,6,7,3,12,6,8,8,5,7,8,3,9,9,5,7,4,16,8.389,14.4043476419616,2.37365235803835
3,6,9,14,6,5,7,9,8,11,7,7,9,13,4,6,9,8,5,8,10,6,15,8,11,8,6,12,9,12,16,6,4,8,10,11,9,5,6,5,12,11,8,9,9,17,10,6,9,12,5,5,9,5,6,10,15,15,5,13,6,14,10,3,10,7,8,5,7,10,7,10,7,11,9,12,4,8,8,5,12,5,9,10,2,9,12,8,6,10,10,3,12,5,10,12,9,10,8,6,10,9,6,8,4,5,6,11,7,10,6,9,9,7,6,6,3,6,6,6,6,12,10,7,10,9,9,6,3,6,10,7,13,9,9,10,7,6,5,12,6,4,6,10,8,6,7,9,9,10,10,12,11,13,4,16,6,4,7,3,9,9,8,13,3,8,13,8,10,11,8,7,4,10,4,7,4,4,7,13,13,11,5,2,9,6,4,8,13,16,10,8,8,6,12,5,5,3,9,6,10,8,11,6,2,9,5,6,9,5,5,5,5,5,13,8,7,8,6,10,9,11,11,10,6,10,8,8,8,5,10,12,10,3,10,5,16,4,7,8,7,6,8,8,6,8,11,13,10,5,4,9,14,10,7,6,10,6,14,9,11,11,8,4,11,6,8,10,9,9,5,9,11,9,6,8,8,19,5,11,13,5,8,8,8,1,8,5,3,14,10,13,2,8,4,13,13,3,6,2,10,9,8,7,8,4,6,4,15,12,16,7,7,6,12,6,8,7,13,8,9,15,6,9,6,6,9,11,10,4,8,9,15,15,8,13,10,9,14,5,9,11,8,6,7,9,7,9,10,6,14,8,11,5,9,10,9,5,6,12,13,8,9,9,7,7,9,7,8,7,7,7,8,10,15,15,14,5,8,11,8,9,11,6,6,3,8,6,4,6,13,7,13,14,8,10,7,10,8,7,12,11,11,5,11,11,7,8,10,13,9,10,6,12,7,12,12,10,9,11,20,4,8,10,7,4,7,5,4,14,4,11,4,9,4,10,6,14,8,9,8,6,5,14,7,4,17,8,6,9,13,13,8,3,6,5,8,11,7,11,7,11,7,1,11,12,11,13,6,10,11,7,14,4,7,9,8,10,4,11,8,11,5,6,6,8,3,7,5,2,7,12,12,11,9,7,13,10,12,7,10,7,10,9,13,9,13,12,6,7,8,7,6,8,6,7,5,11,14,12,10,9,8,6,8,10,13,10,10,10,7,11,6,9,8,5,9,9,5,8,7,7,6,11,11,9,8,9,4,4,9,6,5,4,6,8,10,10,11,5,11,10,9,8,11,7,2,8,16,13,9,9,9,12,11,5,12,3,3,7,13,15,11,8,7,11,12,8,6,10,11,6,6,15,11,11,5,9,7,4,9,8,7,5,8,6,10,13,8,7,14,7,9,5,11,11,8,5,7,3,12,6,11,10,5,9,11,7,9,8,9,10,13,11,9,12,6,9,11,6,13,10,9,6,12,14,8,14,10,10,13,7,4,14,14,12,8,9,6,7,13,7,6,7,7,14,6,7,9,12,15,11,7,12,8,7,8,4,6,10,7,7,6,7,7,9,10,9,9,5,9,6,8,10,9,9,8,10,10,8,10,10,13,7,7,13,8,6,8,8,4,11,7,8,10,6,10,11,5,10,6,5,7,14,9,7,8,6,6,7,10,3,13,9,8,6,7,11,10,7,9,4,7,8,15,7,14,4,2,3,17,6,4,13,11,7,9,6,9,7,5,10,9,4,4,13,7,4,4,7,4,14,3,14,12,12,8,8,11,13,10,5,7,7,15,14,7,3,8,11,5,7,15,8,4,13,13,11,7,12,7,12,5,8,18,5,13,10,5,9,8,13,2,7,9,8,8,7,8,7,12,8,8,7,8,7,9,9,4,7,13,8,3,7,5,6,8,8,12,12,13,6,11,7,12,5,11,9,17,8,9,10,11,7,8,10,5,6,7,11,6,7,7,7,10,7,7,5,12,4,8,8,11,16,5,3,12,8,8,6,8,12,5,15,12,4,8,9,10,8,4,7,10,6,4,8,8,11,6,13,3,5,13,12,4,14,7,8,10,18,8,7,11,16,6,7,7,8,6,13,10,5,5,9,6,7,12,9,4,8,6,11,9,10,11,7,11,8,7,9,8,11,2,10,7,10,8,13,6,6,5,12,10,5,4,13,6,13,13,6,9,3,3,9,9,3,6,5,13,7,6,8,13,7,8,11,12,14,8,5,4,4,6,11,6,11,5,9,12,10,12,9,8,5,9,4,5,5,7,12,8.446,14.535495336056,2.356504663944
9,5,12,7,5,8,8,19,9,12,8,5,10,6,6,15,8,9,5,8,7,12,11,3,7,8,13,9,5,6,12,4,9,4,7,9,4,10,4,7,10,13,8,7,11,11,9,6,9,13,9,13,6,4,12,11,10,12,5,6,16,9,8,0,2,7,7,6,8,5,7,12,7,8,12,9,5,8,11,7,9,9,3,10,4,8,10,6,2,12,7,6,11,8,12,5,11,15,7,10,12,4,3,1,9,3,14,13,7,7,5,9,8,5,8,6,7,3,12,10,8,4,14,3,6,8,10,9,10,9,6,9,3,6,8,9,9,8,12,15,4,10,9,8,12,4,12,6,7,7,11,8,9,8,7,14,3,6,7,5,7,10,11,7,2,11,11,7,9,13,9,6,8,12,8,10,7,4,4,10,10,9,8,7,7,6,13,12,9,11,10,10,7,7,9,8,11,5,7,8,14,4,10,3,9,15,8,8,5,5,4,12,6,13,13,13,9,6,11,4,4,10,12,4,5,5,8,6,11,9,13,10,9,5,10,6,10,13,8,13,8,10,11,9,6,11,4,7,7,9,6,6,11,12,11,9,20,3,11,5,9,12,9,8,8,15,3,5,5,8,7,6,10,13,11,5,10,9,7,6,10,6,8,8,9,6,13,6,5,14,9,12,10,10,7,7,5,7,3,4,10,4,8,14,3,6,10,9,11,8,5,8,2,7,11,9,4,10,11,17,9,9,10,7,4,11,8,9,14,12,8,10,6,5,5,6,12,3,17,4,5,12,9,6,9,7,9,11,11,6,6,5,12,9,7,5,5,12,2,7,6,9,9,10,3,7,7,10,10,4,11,6,5,12,8,14,5,17,7,9,10,10,11,8,6,6,6,8,7,16,8,7,11,8,10,7,10,7,9,5,9,7,12,9,5,6,8,11,7,8,12,7,8,15,7,8,11,7,5,10,6,7,4,5,3,9,6,5,9,8,7,10,7,4,7,4,11,7,6,12,7,8,6,14,13,6,6,11,7,6,11,3,3,9,7,13,7,5,12,8,5,9,6,9,15,5,16,10,12,7,4,8,9,3,7,7,11,2,9,13,9,13,14,10,8,8,12,10,8,11,6,12,9,4,13,11,11,11,9,9,9,14,5,4,10,2,15,9,4,7,9,9,19,6,9,6,3,7,9,6,11,10,6,11,11,10,7,6,5,12,6,6,8,8,4,12,9,5,8,5,6,7,9,4,6,9,14,9,13,9,11,5,6,6,6,8,6,10,6,4,6,15,11,13,9,6,5,7,12,9,5,7,11,7,15,10,11,3,2,4,14,14,8,7,11,9,7,7,10,6,11,5,9,9,9,8,5,13,8,12,6,6,5,6,7,9,8,9,7,9,8,18,9,5,10,8,7,6,6,12,10,8,17,11,5,16,14,5,7,10,12,11,11,9,7,9,13,15,8,7,9,5,6,10,14,7,5,2,13,6,5,8,8,8,10,9,6,6,7,7,9,12,9,5,7,9,7,12,9,5,8,7,14,11,7,5,5,6,7,5,9,3,4,3,8,13,4,14,6,13,13,11,11,9,8,10,12,8,5,9,13,5,10,9,14,9,7,8,10,9,6,10,12,9,14,7,5,9,9,7,11,8,14,6,9,4,4,7,6,9,8,3,7,7,8,11,10,12,4,13,6,10,7,7,12,7,8,2,8,6,9,6,10,6,17,9,6,5,7,11,4,3,5,11,4,13,5,13,11,7,10,10,5,5,7,5,7,13,20,5,13,6,3,6,5,5,7,5,5,4,10,10,10,17,13,6,5,9,15,11,7,9,2,6,12,9,10,11,11,13,9,12,8,5,8,10,8,5,20,11,7,4,19,9,6,5,3,8,9,10,4,14,12,11,4,11,8,9,6,9,13,7,7,13,10,13,6,7,18,14,4,8,4,5,10,12,4,6,11,6,8,3,10,12,10,10,11,9,11,7,9,8,8,7,7,3,8,4,8,6,12,12,5,7,9,9,6,7,8,7,7,10,6,6,10,7,2,4,8,7,3,9,14,13,8,6,10,11,5,11,8,10,4,12,2,7,10,8,8,10,4,5,3,9,9,8,12,6,9,7,7,11,2,12,8,10,9,13,13,10,15,10,7,14,7,6,8,9,5,11,9,10,3,6,17,14,7,10,6,8,16,6,7,9,10,6,7,4,7,7,9,10,8,3,2,8,11,5,11,8,8,9,10,10,9,10,8,5,5,12,13,10,8,11,12,8,5,1,7,16,8.342,14.6510684131528,2.03293158684724
7,9,12,10,10,8,8,11,10,10,14,9,7,9,9,8,11,10,4,7,9,11,7,6,2,13,9,7,5,7,9,6,10,10,16,8,4,5,7,5,13,9,8,9,11,11,9,7,6,7,11,6,7,7,16,11,11,10,9,12,9,11,4,6,10,13,7,11,7,6,7,12,10,6,5,12,7,4,6,11,5,11,5,10,8,11,6,13,5,11,9,7,8,9,7,7,5,7,8,12,8,13,6,10,8,7,7,9,8,7,9,9,8,9,9,8,9,9,8,13,12,10,11,8,6,7,8,7,7,7,7,10,8,9,11,8,10,6,8,8,9,5,7,8,7,12,7,13,9,11,7,9,12,7,4,12,7,5,2,3,6,9,9,5,2,15,12,11,8,8,5,9,10,11,6,2,11,6,2,6,6,9,11,10,4,10,7,5,13,10,16,7,4,11,9,11,6,6,10,11,10,5,5,6,13,8,2,8,8,4,6,6,11,8,16,9,11,6,11,8,5,18,9,9,13,12,5,6,12,9,8,10,6,6,9,9,5,9,8,6,11,9,7,9,10,10,14,7,7,9,6,6,13,9,11,7,9,7,11,9,11,10,7,4,8,11,14,5,14,11,10,9,9,17,9,7,7,12,9,8,11,8,11,8,7,4,11,1,6,6,6,11,4,10,5,11,5,6,6,7,8,13,8,8,10,7,6,11,16,10,12,6,6,9,7,8,4,6,9,6,11,14,6,3,16,6,2,8,12,6,14,9,6,7,10,10,7,9,12,9,5,11,6,5,8,3,6,13,6,11,9,8,10,6,9,11,9,11,7,5,6,6,4,8,9,9,15,5,10,11,10,7,9,7,8,10,10,7,5,8,11,7,13,5,5,15,7,10,11,15,8,6,4,8,8,10,9,10,13,6,7,6,9,9,8,13,12,6,13,9,13,13,7,8,6,9,5,8,12,12,7,11,8,4,6,10,9,10,5,9,7,9,12,9,7,5,12,13,8,7,11,8,8,11,10,2,12,10,6,8,12,8,7,9,7,8,5,12,10,7,12,5,10,7,12,15,7,7,9,8,15,10,8,10,7,7,8,8,4,5,7,13,10,11,8,7,9,6,10,4,3,6,14,9,10,5,13,8,10,5,9,12,4,13,9,11,5,5,11,8,8,9,10,14,7,13,7,8,5,9,16,6,11,8,13,10,6,3,4,5,8,11,15,15,4,12,5,6,7,7,12,6,12,16,6,4,5,7,9,4,6,3,6,5,7,8,5,14,3,10,9,5,9,13,8,8,8,17,6,8,8,7,7,8,10,11,4,4,4,8,6,12,7,7,8,10,12,8,12,9,9,13,8,5,8,4,7,7,6,10,4,2,8,11,6,10,8,6,8,13,5,1,13,9,5,7,8,9,6,4,16,7,9,6,7,11,10,5,7,8,9,8,7,7,6,5,7,10,7,5,9,9,6,12,10,9,7,11,12,6,9,5,12,5,6,11,4,5,5,12,13,12,5,4,5,7,13,9,7,9,9,11,7,9,3,10,9,11,7,6,11,5,12,4,11,10,7,7,9,11,9,6,12,3,7,8,6,5,5,8,5,8,10,4,5,8,3,5,11,5,12,4,8,6,10,8,11,8,7,11,8,8,12,6,13,9,4,11,10,10,11,4,9,8,6,5,6,9,4,6,14,7,8,3,7,6,7,6,8,6,9,4,10,10,10,2,8,7,7,6,5,13,4,5,8,11,8,5,8,6,9,10,6,6,10,5,8,8,11,11,13,9,6,6,10,11,15,3,6,3,6,15,10,8,7,7,13,12,13,6,12,10,8,7,17,12,11,7,3,12,4,7,10,7,5,9,3,4,7,6,8,8,13,8,5,4,4,8,4,6,6,6,5,4,8,9,11,7,3,9,10,5,11,5,10,4,12,6,8,8,11,6,10,14,5,9,3,11,8,9,9,5,5,11,9,3,8,8,7,6,6,8,7,16,7,3,10,8,6,11,5,10,9,7,6,8,5,6,14,16,7,11,11,9,11,13,4,7,8,12,6,3,7,9,6,16,16,7,9,8,7,5,6,10,8,8,8,8,6,8,7,11,8,10,11,6,7,12,7,13,6,7,8,6,10,12,12,9,4,7,10,12,5,9,9,8,8,6,1,9,10,10,8,3,7,6,7,15,9,5,8,9,5,9,11,3,7,8,9,7,4,4,7,7,9,13,8,11,8,4,9,10,3,7,10,11,10,6,3,15,6,9,6,4,5,10,9,13,3,8,8.249,13.997383152441,2.50061684755902
8,8,14,9,15,6,9,16,4,14,10,10,6,13,7,6,8,6,7,10,8,7,9,4,12,6,5,9,11,9,12,3,6,12,8,7,5,3,4,4,7,17,15,11,9,7,8,11,8,12,5,8,7,4,10,2,8,13,7,7,9,8,5,8,8,10,5,12,6,6,10,12,4,6,9,10,11,9,8,3,7,8,7,10,2,6,10,11,8,12,6,8,12,12,11,10,8,14,13,7,6,11,8,10,6,4,11,10,11,4,6,6,12,11,13,8,8,11,6,6,11,7,10,10,13,7,9,9,13,14,4,8,4,10,6,11,4,7,8,9,13,8,16,9,5,4,13,9,8,9,8,7,13,6,9,11,8,7,4,11,8,12,9,10,4,6,7,5,6,13,5,12,2,9,7,11,11,6,14,7,10,9,7,10,8,12,10,6,12,10,9,9,5,7,7,9,7,10,12,7,9,6,6,5,8,8,2,10,7,5,6,6,8,13,10,13,5,10,6,9,8,6,11,12,6,10,2,9,7,11,9,13,9,5,11,15,15,5,10,12,6,4,8,7,8,9,8,7,7,10,5,8,10,3,10,14,9,6,13,7,10,5,6,10,8,12,10,12,10,12,4,15,12,10,14,8,9,7,9,10,9,8,8,13,13,7,9,6,5,7,10,6,6,9,7,11,12,5,10,6,15,8,11,8,7,11,7,2,6,8,8,13,6,5,7,10,8,14,3,10,11,10,5,12,6,9,8,13,11,7,13,6,9,10,4,12,10,12,3,9,5,11,8,7,4,5,5,8,9,2,12,9,17,8,12,8,5,9,4,7,3,14,10,12,4,13,7,5,13,13,8,8,7,13,5,11,10,9,6,7,13,3,8,10,6,11,7,8,6,14,8,13,14,10,9,7,8,7,9,8,6,4,16,10,11,9,8,9,10,10,11,10,6,13,11,11,6,15,7,7,14,7,8,9,5,5,11,15,12,10,10,11,12,9,7,12,7,12,3,6,6,17,8,15,11,3,8,11,8,8,10,9,8,9,7,5,16,7,7,11,10,7,13,7,12,6,11,10,6,6,13,7,4,5,11,7,13,10,6,11,12,12,6,4,9,15,7,5,7,6,9,10,14,12,10,6,8,11,10,8,4,8,12,8,8,7,6,11,12,7,10,8,12,15,14,9,8,7,6,4,7,7,12,12,6,10,9,7,10,6,10,9,11,12,7,9,8,8,10,6,6,5,10,20,10,13,8,6,10,12,7,9,7,5,11,8,3,10,6,6,6,9,7,6,15,7,6,10,7,7,5,10,8,11,8,7,13,6,5,9,8,13,11,7,7,3,7,7,9,5,11,8,7,9,10,4,8,14,7,7,8,8,6,10,5,9,8,5,8,8,12,9,6,6,14,4,7,7,5,9,16,7,13,7,7,9,9,6,12,5,12,9,8,4,1,8,12,11,5,6,11,10,10,7,8,8,12,6,10,6,4,8,9,13,15,6,5,8,3,6,17,9,6,2,2,7,12,11,8,7,13,10,11,14,8,10,10,8,7,5,9,8,4,11,10,12,13,9,10,5,6,13,12,6,7,10,9,11,5,3,9,11,8,10,15,13,4,2,6,5,6,6,12,9,14,15,11,9,10,11,8,5,11,5,10,9,5,9,6,7,8,12,9,12,3,5,3,9,7,5,10,8,7,9,5,4,2,5,7,4,9,4,5,10,11,15,10,9,6,12,9,10,9,7,11,10,10,7,9,9,7,10,8,10,13,6,7,8,13,5,14,5,7,11,10,14,2,7,4,11,12,6,10,11,8,12,10,7,8,11,14,8,9,12,11,4,8,14,4,12,10,16,6,8,6,3,2,8,11,8,8,5,6,5,9,7,3,8,5,6,2,12,9,11,4,8,6,10,6,10,5,5,4,10,10,10,7,6,10,10,6,10,9,14,11,11,4,9,7,14,7,6,9,8,12,10,7,6,6,2,6,9,8,9,5,5,11,5,8,6,7,13,5,10,7,6,5,10,13,5,9,6,5,6,6,7,9,3,2,10,6,5,10,10,6,8,9,11,6,12,14,10,8,10,5,9,9,11,8,12,6,9,5,4,9,6,10,7,7,3,4,7,11,7,8,4,9,8,7,13,6,6,5,9,5,6,10,6,3,11,7,7,13,7,7,12,17,9,7,5,8,10,8,8,14,9,11,15,11,8,4,8,8,1,8,10,11,7,12,6,5,4,3,6,6,7,8,11,4,9,8,5,5,4,8,11,10,8,8,11,8.44,14.38549179738,2.49450820262001
10,4,8,5,3,5,9,10,11,13,11,5,12,14,11,11,10,9,4,5,7,7,13,5,6,9,7,12,12,5,3,6,3,10,9,9,12,7,10,4,8,16,10,13,11,10,7,13,11,17,5,7,5,7,6,7,8,8,2,13,8,12,11,8,8,10,10,7,7,7,6,8,5,3,8,9,6,4,10,10,5,11,5,15,4,6,4,8,4,6,6,5,18,7,10,9,13,5,5,8,13,9,11,5,4,7,7,9,8,10,8,9,6,11,4,3,8,9,10,7,12,9,8,4,4,7,7,11,5,5,8,9,9,7,4,9,6,3,6,11,9,9,6,7,7,9,7,6,4,12,6,11,11,10,4,14,4,6,9,6,5,6,4,4,2,18,10,9,8,12,7,10,6,11,13,8,5,7,6,9,9,5,4,5,9,5,7,6,13,6,14,15,7,10,11,3,10,5,8,10,11,10,10,7,9,4,10,12,6,6,0,13,11,3,6,11,10,10,5,12,6,11,6,10,4,10,11,13,10,3,14,16,11,6,16,2,6,9,5,11,7,8,6,11,6,10,6,6,5,8,8,5,16,9,7,8,7,4,1,6,4,14,4,6,10,12,2,10,6,8,10,7,8,7,8,7,9,11,8,6,9,9,6,8,6,9,7,6,9,6,12,5,3,9,6,8,3,9,2,8,11,6,10,17,8,4,5,9,8,11,10,8,13,6,9,13,9,5,14,6,6,8,7,4,2,14,7,7,17,7,6,6,7,6,6,7,8,6,9,3,6,14,8,4,8,8,6,14,4,5,7,4,11,3,9,11,9,5,6,15,6,6,4,8,9,6,6,12,13,8,13,3,7,4,9,5,12,9,9,10,7,6,13,9,8,4,10,12,5,8,11,9,13,6,7,9,14,7,12,7,6,11,9,7,8,9,12,5,8,5,4,5,2,7,11,6,12,7,8,8,11,10,6,9,5,6,6,11,12,6,8,5,6,8,6,12,7,11,6,4,5,5,5,10,5,8,7,4,5,11,13,5,7,8,5,10,7,8,5,7,3,8,7,5,12,16,7,10,8,7,12,6,6,7,10,4,8,4,5,9,4,12,7,4,6,12,6,7,7,9,7,11,11,5,13,9,9,6,11,7,6,3,9,10,14,2,7,10,7,9,9,4,7,13,9,8,4,17,5,11,10,11,15,8,9,11,10,12,4,11,5,8,6,12,6,7,4,7,4,10,6,8,7,9,11,14,3,7,7,7,12,3,5,10,2,10,9,10,4,8,9,10,13,11,10,8,5,6,9,8,9,9,9,4,5,8,5,5,1,10,4,5,16,10,10,13,10,16,7,8,6,10,7,9,11,2,8,11,6,6,11,13,9,9,5,16,9,8,9,6,7,11,8,8,5,7,6,8,4,5,15,5,13,11,7,7,13,5,7,4,7,7,9,8,3,5,8,16,10,5,6,9,11,7,11,14,9,12,13,6,8,6,6,9,14,9,13,5,5,7,7,7,2,8,6,6,5,8,8,12,13,4,6,14,9,7,7,5,8,7,12,6,11,10,11,17,4,13,9,10,5,14,8,9,11,15,7,11,11,8,12,12,9,6,7,13,5,12,4,8,9,4,8,12,8,4,6,11,9,8,6,6,9,5,8,3,4,6,9,2,9,6,6,8,9,10,6,11,4,5,16,7,7,10,9,6,12,10,3,4,7,6,10,8,7,6,7,8,7,9,6,5,17,9,10,7,5,2,11,8,9,11,7,8,10,7,3,4,10,8,6,6,9,7,10,17,7,9,6,10,6,4,10,12,12,8,10,11,9,9,5,10,8,11,13,15,9,11,5,4,13,7,5,10,9,8,5,6,4,11,10,4,12,9,5,12,8,6,8,7,9,13,11,9,5,9,9,6,10,8,12,5,5,6,11,6,5,6,9,11,4,7,5,6,7,8,7,11,11,7,12,4,8,6,7,7,11,6,5,6,10,4,14,10,6,4,7,7,9,9,5,6,9,7,5,7,8,10,9,7,9,11,8,9,4,8,11,6,6,8,10,7,5,8,5,3,2,7,7,15,5,6,4,11,7,9,6,10,8,6,8,6,10,10,3,7,9,9,9,8,5,7,10,9,9,12,6,5,9,12,12,16,11,11,9,11,7,6,6,7,3,9,6,9,12,7,5,6,10,6,13,9,10,4,5,1,1,7,7,7,9,5,9,5,4,9,8,9,8,7,7,6,5,10,7,4,9,7,7,9,11,10,10,7,8,7,8,7,5,14,7.998,13.9833282606711,2.01267173932891
7,6,13,10,6,9,4,16,7,14,8,5,11,9,11,11,9,11,5,12,6,13,11,9,4,9,8,15,5,4,7,5,7,5,12,10,7,6,14,6,13,15,4,7,9,14,9,7,7,9,8,7,9,4,8,8,7,16,10,6,11,9,8,7,8,7,6,10,4,6,6,15,9,9,5,8,3,7,13,6,12,6,12,5,6,7,8,11,8,10,8,6,10,6,4,2,4,10,5,9,7,11,6,5,7,7,7,9,5,11,6,6,7,11,10,15,8,5,9,8,12,16,13,6,15,8,4,9,10,10,7,3,6,10,6,10,8,7,14,11,13,5,6,7,15,6,14,12,7,11,10,9,14,7,9,9,9,5,8,1,5,14,8,5,4,9,11,8,11,4,8,7,11,12,9,8,6,5,7,6,8,10,0,4,8,6,10,5,9,12,8,7,10,8,6,9,4,6,8,8,12,8,4,8,6,6,3,7,7,4,5,10,11,3,12,5,5,13,11,7,9,7,10,10,11,9,4,9,12,7,8,14,6,5,9,3,11,12,6,6,10,5,5,10,7,15,5,9,8,2,6,2,16,11,8,14,16,4,6,11,10,11,10,4,12,5,3,3,10,12,7,12,10,7,8,1,7,4,2,13,8,9,5,14,11,6,12,6,5,6,3,6,8,8,6,12,7,4,7,6,3,6,8,15,9,3,12,6,9,4,9,10,5,7,8,8,4,9,18,11,10,7,7,7,11,10,10,10,20,5,4,8,6,5,10,13,6,4,13,9,5,10,7,5,5,10,8,11,6,2,6,9,11,9,8,7,7,14,5,9,5,11,2,6,8,10,8,8,6,7,16,5,4,10,9,21,11,11,5,9,17,11,9,6,7,9,7,7,3,11,8,10,12,5,12,13,12,6,14,9,12,13,9,5,10,9,6,4,11,11,6,10,8,16,6,7,12,7,11,10,13,9,8,6,4,5,11,5,5,10,11,6,10,5,6,10,12,12,8,6,9,6,4,17,14,6,7,9,4,15,10,7,6,7,5,6,10,12,15,15,10,4,7,5,11,8,9,12,7,8,10,7,10,5,11,2,8,10,6,12,11,8,8,8,6,7,8,7,6,6,7,11,10,11,9,11,12,8,6,6,8,8,8,8,5,4,14,6,7,4,4,9,11,12,8,6,6,7,7,8,9,4,14,9,6,9,5,7,7,9,7,6,4,8,10,8,7,7,9,10,4,4,6,7,5,14,4,4,5,12,8,4,10,4,6,5,10,6,15,8,7,11,9,10,10,11,6,7,10,12,5,9,3,7,7,9,5,5,5,13,10,10,13,5,11,8,7,4,8,7,3,6,6,7,7,2,5,10,7,13,4,6,4,9,8,4,4,7,5,6,8,9,10,9,5,9,9,4,5,8,11,4,11,11,9,6,10,5,7,9,7,9,6,4,8,5,9,13,17,6,19,8,11,11,10,7,6,5,10,9,6,6,4,8,12,7,5,4,10,10,7,8,5,6,5,7,9,6,8,10,9,11,9,14,3,5,4,5,7,8,10,6,7,6,9,12,6,13,4,3,14,11,7,7,10,17,8,7,6,6,12,8,7,6,6,11,5,11,5,6,5,10,8,10,10,3,10,9,4,5,8,9,9,9,8,4,5,11,6,4,7,6,9,7,6,9,8,11,5,6,8,6,11,12,8,6,7,0,9,9,11,11,13,9,19,14,6,7,5,6,7,9,3,11,11,11,10,2,2,5,10,8,1,4,7,11,9,8,16,9,11,14,6,7,7,13,14,2,3,6,9,8,10,7,7,9,13,11,13,11,15,8,3,8,13,4,9,7,7,12,9,5,9,11,6,7,4,6,15,10,5,5,4,16,8,5,3,9,10,14,6,10,6,16,8,9,9,12,7,5,10,5,7,6,1,8,11,10,12,7,7,14,5,5,7,8,4,10,9,6,10,6,5,11,6,8,9,11,9,5,8,7,3,2,4,6,11,3,4,6,9,8,12,5,4,9,10,7,13,3,8,4,5,6,8,6,10,14,8,10,4,3,12,9,8,9,6,10,5,4,5,8,7,8,6,6,9,4,8,5,5,6,11,9,4,6,14,6,4,5,6,7,7,6,8,8,10,6,10,10,5,9,8,8,7,8,8,6,9,9,12,7,7,4,7,8,4,8,10,6,11,7,2,7,8,8,7,6,7,9,7,6,5,7,9,8,8,9,10,5,10,5,6,10,8,5,8,7,11,7,8,12,5,4,5,8,6,3,5,8,8.001,14.1426586138379,1.85934138616212
8,2,12,7,4,6,7,11,7,6,6,8,8,11,8,7,8,7,6,8,6,18,9,6,11,6,5,13,7,9,10,6,8,11,7,10,7,8,13,7,6,12,6,11,7,8,6,10,15,10,6,9,11,7,14,12,9,12,3,3,14,9,4,5,8,8,7,8,7,7,5,13,4,6,9,8,8,6,11,4,11,10,3,13,10,11,12,8,6,8,7,15,8,9,5,11,8,13,12,6,8,2,8,8,8,7,11,8,10,6,7,5,7,4,13,6,8,9,4,11,9,7,2,7,8,9,6,10,8,10,4,8,17,11,4,7,6,9,7,19,11,3,9,13,7,8,7,5,9,7,9,3,8,7,7,8,8,6,9,15,4,8,2,2,9,7,15,13,7,11,13,9,8,13,6,10,7,8,2,9,5,11,7,11,5,8,8,8,11,12,11,7,8,8,8,7,8,7,11,10,9,10,13,4,11,7,6,10,5,6,7,10,6,13,6,15,6,7,4,6,9,12,20,8,8,6,9,5,3,8,8,10,8,6,8,6,10,11,12,14,8,7,10,6,8,9,4,8,7,9,2,6,5,13,4,6,6,10,10,4,5,9,5,9,3,11,9,10,7,6,5,11,6,15,8,2,15,13,4,9,7,14,4,5,10,6,10,2,4,15,6,9,6,12,8,10,5,3,6,3,19,12,7,13,6,7,6,2,13,11,3,10,14,5,8,5,4,8,5,5,9,11,5,6,11,9,6,10,12,9,11,3,8,6,12,4,12,8,13,6,3,14,9,3,7,7,11,7,11,12,14,12,5,6,6,4,10,4,2,8,4,7,8,11,12,9,7,6,8,13,10,6,8,12,4,23,7,13,3,7,13,4,19,6,7,8,4,6,9,13,8,5,9,11,11,10,7,13,6,7,13,8,16,10,6,7,11,12,7,10,6,3,3,16,10,8,5,12,9,5,10,9,5,9,4,7,9,4,9,7,5,15,5,10,5,3,10,7,3,6,4,6,8,16,9,2,13,4,5,9,15,9,3,8,4,6,6,8,8,7,11,12,8,5,11,8,7,12,6,13,5,6,5,4,12,6,5,9,6,13,5,6,10,7,12,8,9,5,5,4,5,6,14,8,8,8,9,11,14,3,5,10,8,9,16,8,8,12,6,8,11,10,12,11,3,8,12,10,10,9,8,4,8,12,10,8,10,5,9,15,10,9,4,13,6,2,12,3,5,3,3,6,6,7,8,8,12,9,8,10,11,7,4,2,9,6,8,14,12,7,9,13,6,11,8,6,7,9,10,18,10,9,9,11,9,5,11,5,5,9,4,9,11,8,6,8,8,7,3,4,9,8,13,10,18,6,6,9,5,8,6,6,6,8,6,6,5,8,12,10,6,6,8,5,6,7,12,10,5,3,10,13,14,6,4,6,10,6,8,9,7,10,14,2,8,8,9,11,8,12,9,13,5,4,9,14,6,10,7,9,6,6,5,12,6,9,8,5,8,10,16,9,6,6,7,12,12,2,4,7,14,9,6,7,7,3,7,8,6,3,6,4,4,4,9,8,7,11,11,8,6,9,8,11,9,13,5,9,9,7,6,12,6,9,7,6,9,6,9,4,5,7,10,10,6,9,12,6,8,9,5,7,9,8,9,9,6,9,11,6,7,3,2,6,9,8,12,7,8,12,10,9,5,6,10,5,7,5,8,9,6,10,12,4,7,9,7,3,6,9,10,14,10,7,7,10,5,6,6,11,10,7,8,6,4,10,9,5,8,0,7,9,6,5,12,17,8,6,4,6,11,7,9,12,8,5,10,6,12,12,5,7,9,12,14,6,8,5,2,9,10,5,11,3,4,10,4,10,8,9,10,6,16,8,7,10,6,7,4,8,4,8,4,7,8,15,8,8,6,10,9,12,10,6,10,4,8,4,9,8,5,7,4,8,5,8,3,10,11,7,6,5,6,9,10,16,18,4,10,4,2,12,4,15,6,4,12,6,9,6,4,8,2,14,7,8,4,7,7,8,5,8,7,11,6,10,5,3,7,7,7,10,10,11,8,9,12,9,3,11,7,7,5,13,6,9,10,9,9,8,10,7,5,7,7,9,8,7,10,8,13,5,6,4,10,10,11,5,4,11,7,10,4,6,8,7,8,6,5,9,3,9,9,5,14,8,6,11,9,8,12,11,6,10,5,3,2,9,7,12,5,8,6,2,4,13,2,15,5,4,9,6,5,10,12,8,13,8,7,8,8,6,9,14,10,7,5,3,5,8,8.024,14.2663977098201,1.78160229017987
8,6,11,7,6,6,3,12,11,7,9,9,8,8,12,6,13,12,1,7,7,9,8,4,9,10,9,9,4,11,11,4,10,4,9,6,6,6,8,4,10,10,7,12,7,12,8,5,12,9,4,7,11,4,9,4,11,5,6,4,8,9,5,7,6,6,8,7,7,8,5,5,10,8,4,11,6,5,10,8,5,11,2,10,9,10,6,13,6,9,8,8,11,12,11,11,6,11,9,9,11,12,3,9,5,5,6,9,11,4,6,8,10,12,10,14,7,8,12,14,10,5,10,6,7,10,8,11,10,13,3,8,9,8,9,10,4,8,4,11,12,6,9,8,6,17,10,7,7,10,8,9,5,8,4,10,9,9,9,4,5,7,11,9,5,7,7,19,6,10,8,4,6,10,7,6,9,9,12,5,6,6,10,11,12,8,5,13,9,8,5,12,9,9,5,7,5,6,8,8,7,4,10,5,10,8,4,4,9,5,5,8,6,6,9,5,6,8,2,13,9,12,13,10,9,3,9,8,9,7,12,16,8,11,16,8,8,16,7,5,6,10,8,7,9,11,7,4,4,9,14,4,10,10,7,7,9,11,4,9,3,7,6,9,9,9,10,9,8,12,5,13,11,14,8,7,12,4,4,8,7,14,4,9,10,13,11,11,7,8,6,7,6,9,3,9,12,7,2,8,6,9,10,8,16,8,14,10,9,10,10,6,8,6,9,6,5,4,8,12,10,8,8,9,10,10,8,8,8,8,8,5,3,11,4,8,6,12,9,6,5,14,9,8,9,7,7,8,9,10,7,7,8,8,10,5,7,12,6,8,5,8,2,8,8,10,10,5,10,9,13,8,4,10,7,8,5,7,9,7,9,6,7,8,5,6,6,15,8,10,9,7,15,3,5,10,12,7,8,7,9,7,8,5,5,14,9,5,4,13,7,9,5,4,5,7,11,4,10,5,9,6,8,7,9,6,10,10,3,7,8,7,9,10,12,8,4,12,6,2,5,11,9,17,5,7,9,14,5,7,12,4,1,7,10,10,5,12,8,8,15,4,12,9,4,6,7,5,4,6,13,9,11,1,7,5,10,7,9,6,9,11,6,6,8,4,7,7,7,7,9,9,10,4,7,12,9,12,9,6,12,13,13,9,7,8,7,5,11,11,6,7,11,9,10,10,7,6,11,9,14,8,13,2,7,12,5,7,6,13,5,9,8,12,8,5,9,5,7,6,5,8,4,11,7,13,7,11,6,4,7,9,9,2,9,5,6,8,9,10,11,17,6,5,9,5,6,10,9,10,6,8,7,6,10,8,1,6,8,12,8,10,11,10,4,8,6,8,9,8,8,12,8,6,9,8,9,7,7,9,8,10,7,4,6,8,9,7,8,10,11,9,13,4,5,6,4,3,3,8,11,8,11,9,8,6,9,5,5,4,14,9,7,3,3,18,8,14,11,6,6,3,10,14,8,13,4,6,6,5,6,3,6,12,13,4,4,11,4,3,8,7,7,4,3,7,9,11,8,5,6,5,9,9,6,8,4,6,4,6,15,6,4,6,16,8,11,7,7,9,12,14,4,7,8,14,2,8,5,5,5,8,10,10,8,9,8,5,8,8,8,6,12,9,10,10,6,8,7,10,8,6,7,10,4,8,5,4,6,4,4,7,5,12,6,6,7,6,6,9,15,6,7,8,6,3,8,2,9,10,15,6,8,9,16,10,5,7,5,7,4,6,14,9,7,7,8,4,8,10,10,10,8,5,13,5,3,6,10,12,8,8,10,5,4,10,8,12,1,9,6,11,8,13,8,6,8,9,9,7,14,9,8,7,13,9,10,8,2,11,16,9,9,6,10,7,8,6,10,7,4,5,9,12,5,5,5,9,6,7,4,6,5,9,13,7,6,10,6,12,14,6,4,4,11,9,9,8,4,9,7,13,6,11,8,11,6,12,9,6,6,8,8,7,10,7,13,3,15,7,12,8,4,7,7,7,10,11,5,4,6,9,6,8,7,8,7,8,13,11,6,9,5,5,6,8,10,6,7,10,9,6,9,3,5,4,7,10,6,8,9,5,10,11,5,7,6,12,6,14,8,5,4,6,14,7,11,10,10,6,12,7,7,8,11,8,10,5,13,11,2,8,2,10,7,8,10,6,3,7,11,7,5,12,12,8,10,11,5,8,16,11,7,14,10,5,6,6,7,9,6,4,3,7,9,11,9,7,10,5,4,11,7,2,4,4,4,6,7,6,7,11,9,8,7,5,8,7,4,3,7.941,13.6734800145764,2.20851998542363
8,9,6,2,9,8,7,8,4,11,8,7,8,10,14,11,11,13,6,9,9,5,8,6,3,8,10,8,11,5,6,4,6,5,7,9,11,8,8,4,8,13,5,5,7,8,8,8,18,10,5,8,8,4,10,3,12,9,7,9,7,8,8,5,3,10,8,9,2,8,4,10,10,9,10,8,5,15,11,8,13,5,7,12,9,6,9,12,6,10,3,11,12,5,7,8,12,8,15,15,7,9,3,10,9,6,6,6,11,5,8,8,9,12,5,9,4,9,8,6,17,10,9,11,13,3,11,7,5,9,4,9,9,9,7,8,5,5,9,12,9,8,7,12,6,7,6,6,6,5,9,9,9,4,4,11,7,9,5,9,8,6,8,9,5,10,8,9,10,7,7,8,11,10,5,5,8,8,6,11,7,10,11,6,9,10,7,6,12,11,10,12,9,9,11,9,5,8,5,6,11,13,9,9,9,7,6,11,10,5,8,11,15,8,9,13,7,7,7,4,6,7,8,11,5,6,6,7,9,8,8,10,13,5,18,9,11,10,9,7,6,7,5,8,5,9,4,6,10,4,7,8,14,8,9,8,7,7,9,4,8,12,2,3,9,13,8,9,11,7,5,7,7,12,6,10,11,5,5,6,5,10,5,11,8,8,12,8,5,5,8,8,3,7,4,15,4,4,6,9,8,9,10,14,5,9,9,13,5,7,10,11,9,10,8,11,6,8,2,7,12,5,11,12,3,5,10,13,14,2,7,5,8,7,6,7,10,8,10,7,6,13,8,8,4,11,8,16,6,6,16,6,12,4,10,8,8,9,8,9,11,14,5,7,2,10,14,9,5,7,10,6,8,2,7,9,15,7,1,7,7,13,13,3,3,12,3,7,6,10,8,10,12,3,8,6,8,11,9,9,10,11,12,4,0,6,11,4,9,8,14,8,6,11,15,10,13,8,2,7,7,6,6,6,12,10,13,12,8,9,7,2,11,9,7,6,9,4,7,3,6,6,7,10,4,3,11,8,5,18,12,9,11,8,6,12,12,8,8,8,10,6,5,7,7,6,15,9,9,8,12,10,8,5,13,10,6,12,9,6,6,10,9,3,6,5,11,0,9,3,11,12,6,12,9,6,10,8,9,5,6,11,8,13,6,4,11,9,9,6,10,8,11,7,8,9,5,17,5,12,11,4,13,10,7,7,7,13,8,10,5,16,16,12,6,8,11,6,8,14,3,4,12,9,8,8,4,13,2,8,11,1,6,3,6,5,6,7,7,14,7,10,8,7,9,10,7,13,9,5,9,4,7,8,6,8,8,4,4,9,8,11,6,7,12,8,4,10,8,11,10,5,10,4,6,4,13,13,4,5,8,12,5,9,7,5,7,7,5,7,9,9,4,7,9,3,9,5,5,4,15,5,13,4,5,8,13,7,7,5,9,8,12,3,4,1,12,8,14,6,14,11,11,5,12,5,11,12,8,6,8,11,8,12,12,5,5,6,5,9,9,11,3,1,2,7,8,8,6,9,10,4,13,10,3,7,5,4,6,8,10,5,6,1,12,9,8,11,13,9,6,11,6,5,2,8,11,6,6,5,2,14,2,9,2,7,6,6,8,5,8,3,9,10,7,6,11,2,10,6,5,5,9,3,7,4,6,7,7,11,6,7,7,3,8,5,10,8,13,7,14,9,6,11,10,0,10,4,6,3,12,3,11,6,10,12,4,7,12,4,8,9,7,8,12,8,10,5,7,5,0,11,4,7,8,8,8,5,10,11,10,7,7,13,9,5,9,7,7,8,6,7,6,9,7,8,11,11,10,5,12,8,8,7,10,11,7,11,10,4,9,6,6,3,6,2,4,9,8,7,7,13,11,6,9,9,10,11,8,16,6,10,4,10,8,4,11,5,6,8,11,5,5,12,7,5,6,4,13,9,2,14,10,6,4,8,5,13,3,3,7,4,8,6,9,9,3,9,5,2,9,7,11,9,2,6,4,7,8,10,5,10,8,6,4,12,5,11,10,13,10,7,2,12,6,8,10,9,8,9,7,8,13,7,4,10,7,7,7,11,10,9,11,6,4,8,3,8,8,8,3,9,6,10,3,9,7,5,11,12,8,13,8,9,8,4,12,4,9,7,6,11,6,7,11,11,14,8,6,9,8,10,8,9,6,6,8,6,10,8,11,12,8,10,12,2,7,8,4,12,5,3,7,4,6,10,3,7,8,6,8,5,6,5,11,9,5,6,5,9,9,10,8,3,2,7,7,6,4,11,7.897,13.868948143632,1.92505185636795
11,8,9,8,6,9,12,6,9,10,7,8,13,8,5,10,10,8,13,9,4,8,7,5,6,7,2,14,7,6,7,8,5,8,8,13,8,8,9,10,5,10,10,9,12,10,8,10,7,10,11,9,6,9,6,8,11,8,6,10,8,10,9,4,7,6,8,8,11,6,4,10,11,4,6,9,8,7,9,11,6,11,8,13,6,8,5,13,7,5,10,2,10,6,8,9,6,6,11,11,11,11,13,5,2,4,10,12,7,10,11,8,9,7,7,10,4,10,4,9,8,7,7,7,9,9,8,6,11,9,4,8,8,5,9,9,7,10,12,11,7,9,13,9,10,4,6,6,4,11,7,5,5,6,4,9,9,3,9,8,9,7,6,9,5,14,11,5,6,11,13,5,4,12,7,7,5,3,6,3,11,3,2,5,6,8,5,5,8,6,14,15,11,12,12,7,9,7,9,11,13,5,4,12,8,4,7,6,14,11,6,8,7,9,10,10,8,6,10,12,9,11,10,9,9,2,13,9,13,10,6,5,8,8,12,5,5,11,7,5,5,6,6,12,12,7,7,8,7,7,11,8,8,10,13,9,13,3,11,8,9,10,11,4,7,9,7,5,7,8,12,11,5,8,9,7,11,5,9,9,5,6,11,6,11,5,17,13,4,7,7,10,4,10,2,8,4,8,8,6,11,8,13,15,10,2,5,9,13,7,7,7,10,8,6,7,5,10,10,8,12,6,6,9,9,8,7,8,11,10,12,8,8,5,5,8,10,7,4,12,9,9,10,6,2,11,6,6,4,4,9,5,9,7,4,7,6,8,2,9,3,6,7,9,4,11,6,10,4,10,6,6,7,7,3,8,9,8,7,13,10,9,8,7,3,6,5,8,1,13,10,6,8,5,12,4,9,3,13,8,9,5,6,7,9,13,5,5,7,10,7,10,4,12,8,11,8,10,4,7,7,10,9,9,6,4,11,9,9,6,7,13,7,9,5,6,13,8,8,3,6,8,7,15,12,8,7,6,3,8,12,10,6,8,4,4,9,6,10,11,8,6,8,7,11,8,4,6,7,8,14,6,9,3,10,5,4,8,7,11,9,9,6,6,9,7,8,7,6,1,5,5,7,9,10,8,9,6,11,8,3,10,8,7,8,8,4,10,4,8,6,7,6,12,11,12,8,7,8,12,9,5,15,14,5,4,13,8,5,4,6,12,11,8,8,6,8,8,12,8,4,7,7,9,4,7,3,5,4,8,4,4,7,8,4,3,10,10,6,10,9,7,6,10,16,11,8,14,9,7,4,9,5,11,4,9,7,7,4,11,6,8,9,6,12,10,11,9,6,10,8,8,8,8,10,4,9,8,6,10,10,12,6,5,4,8,4,1,9,9,8,12,10,8,5,7,11,6,4,6,11,5,7,8,6,4,8,2,4,3,9,10,6,8,6,6,10,14,8,4,8,9,8,8,12,12,12,13,3,6,8,6,7,13,8,13,5,2,6,4,11,6,5,6,6,14,6,6,11,10,4,4,5,10,12,6,6,5,7,7,13,14,6,7,7,8,6,13,5,7,6,15,6,8,9,13,7,10,5,4,7,8,6,6,8,12,7,6,7,11,4,14,10,7,4,6,14,6,7,13,11,10,8,6,11,6,7,4,5,4,8,3,11,6,5,9,9,4,7,4,4,11,8,8,8,10,9,2,6,8,6,8,15,8,10,9,4,4,5,4,7,8,12,9,7,11,7,6,7,10,13,15,8,7,11,7,6,6,8,9,12,11,9,12,5,14,7,11,6,6,10,10,9,11,3,5,11,5,7,10,8,10,11,10,11,10,10,8,5,9,6,7,5,14,5,9,7,10,15,10,7,9,8,8,6,5,2,8,9,7,5,11,5,8,4,6,12,8,4,6,7,9,7,9,15,7,4,7,8,14,1,8,5,4,6,6,3,8,13,9,13,3,5,6,7,11,14,6,11,6,0,2,8,8,4,5,6,11,8,14,2,6,6,4,3,5,5,7,9,11,5,2,2,2,8,10,8,4,9,2,10,6,10,11,4,8,12,3,6,9,11,11,11,9,5,3,11,6,5,8,5,6,15,9,7,14,9,5,8,5,5,6,5,14,7,9,8,5,6,10,11,16,6,13,11,7,10,3,6,6,11,8,14,5,5,10,10,4,8,9,8,3,10,10,5,5,13,5,12,5,10,7,9,8,4,8,5,11,8,6,7,10,4,9,6,6,13,6,11,10,5,11,11,8,4,9,6,8,6,6,7.832,13.5187683983451,2.14523160165491
8,5,11,4,12,11,4,6,9,6,12,9,9,10,7,9,10,5,7,5,9,8,8,6,8,8,11,14,8,4,7,7,7,6,9,13,12,2,10,5,5,12,7,9,3,11,8,6,9,11,7,8,7,6,6,14,9,7,6,3,7,9,9,5,3,6,9,5,9,8,7,9,7,7,6,7,5,8,11,5,14,9,4,9,5,7,14,9,4,13,3,6,5,6,8,6,7,9,13,12,5,7,8,5,11,7,5,6,8,8,8,3,12,10,10,5,7,10,6,5,6,10,10,1,7,4,7,10,14,11,8,8,7,10,3,7,7,6,16,12,10,5,10,10,9,12,8,9,6,10,11,7,10,8,10,11,10,7,8,6,6,6,7,5,4,14,9,13,10,5,8,6,15,9,10,10,3,8,6,5,6,6,8,8,7,5,10,6,9,6,9,10,10,9,6,5,7,4,16,8,9,9,9,7,4,6,9,11,7,4,6,7,13,7,16,3,6,6,9,16,8,6,9,5,9,5,10,6,5,5,9,6,8,6,15,5,7,6,6,8,12,7,7,4,9,9,7,4,5,5,6,5,10,11,11,4,5,3,4,9,10,9,4,8,12,10,9,5,6,4,8,14,8,12,5,5,12,9,5,4,1,13,11,5,3,10,7,7,3,11,4,6,10,10,6,5,4,10,7,10,9,9,5,10,4,5,6,5,9,8,6,9,8,9,7,10,2,5,8,6,9,8,9,7,4,8,8,10,11,10,10,6,6,5,8,7,10,6,13,8,10,11,12,8,8,8,8,7,4,8,4,8,11,4,6,7,5,9,3,13,8,3,1,9,4,8,8,9,9,11,12,10,5,4,8,14,7,8,4,5,11,8,11,8,3,13,9,10,8,8,7,7,14,5,2,14,8,9,9,9,9,9,13,0,7,10,6,6,9,11,6,4,2,5,8,6,13,12,5,12,8,9,4,7,8,9,11,10,6,6,4,5,5,10,11,6,10,11,3,5,5,6,7,16,10,5,8,9,5,13,11,2,9,3,8,6,9,5,9,9,8,9,7,7,10,3,5,13,8,10,7,6,7,7,9,7,7,1,7,9,8,4,8,10,5,10,11,6,4,6,10,5,7,9,9,7,5,7,8,13,6,6,9,10,12,6,12,15,11,7,8,8,7,11,11,14,7,11,11,11,8,4,10,12,6,6,8,5,6,12,7,6,2,10,9,5,6,4,5,9,5,6,8,6,9,10,7,4,5,9,3,5,7,7,11,2,6,12,9,7,11,10,5,14,10,5,7,3,13,7,5,10,3,4,9,6,8,7,7,12,7,9,11,8,9,4,7,6,5,7,8,7,9,5,8,8,2,9,5,7,4,3,6,9,6,5,4,8,11,10,10,9,8,6,8,9,7,4,3,10,8,7,10,9,8,10,3,10,5,5,9,9,10,6,8,9,11,13,12,7,10,6,10,12,4,10,5,8,9,6,9,1,4,7,12,1,11,11,4,9,8,8,8,5,6,8,14,13,5,2,4,7,11,10,5,7,3,5,8,5,8,7,5,12,8,3,16,12,9,7,7,11,10,8,5,11,5,10,10,6,10,9,8,12,9,9,5,7,4,6,10,9,11,6,12,8,3,6,10,16,6,7,7,7,3,8,7,9,4,12,5,10,11,5,7,6,8,5,12,7,11,6,7,13,5,5,10,6,6,9,12,7,11,7,10,10,9,5,11,5,5,14,8,10,9,7,10,5,5,7,10,12,6,12,9,7,7,4,7,7,6,7,5,10,10,15,6,9,7,9,7,5,11,10,5,7,5,10,13,8,12,10,6,7,11,10,9,10,7,7,10,6,6,6,9,12,6,4,8,6,4,4,5,11,5,8,8,10,5,7,4,7,6,8,8,7,9,7,3,5,7,9,9,6,6,10,5,7,6,8,1,14,5,12,3,7,4,8,10,6,9,7,7,7,8,8,14,9,9,3,8,10,9,10,9,3,11,8,9,1,7,3,6,2,6,8,6,15,6,5,6,6,6,6,3,4,6,7,6,7,6,10,8,8,9,5,9,4,7,10,7,7,2,7,6,6,8,3,5,4,10,6,9,16,6,5,10,4,7,9,8,6,8,5,8,12,4,5,6,7,13,5,14,7,9,17,7,3,6,6,9,11,13,8,5,5,13,10,7,3,12,6,3,6,10,7,8,5,7,4,2,6,9,5,6,7,9,4,3,7,7,6,1,7,4,6,8,10,5,7,8,9,4,3,9,5,6,7,9,7,7.628,13.2082276446545,2.04777235534553
7,4,6,13,7,9,8,12,8,8,11,6,7,6,11,11,13,2,7,7,3,8,6,9,8,7,9,5,6,7,12,6,8,6,7,9,7,11,6,6,10,10,6,9,6,12,11,9,11,7,4,10,4,6,11,6,12,6,4,4,7,10,4,4,6,4,3,7,8,7,5,5,7,13,6,10,7,6,10,7,8,7,4,6,5,12,8,11,7,13,8,11,9,10,5,8,8,4,8,8,8,11,3,4,8,10,9,11,11,7,10,5,8,10,7,7,8,6,4,11,10,10,11,9,7,11,8,7,9,10,6,4,10,9,8,7,3,16,10,13,3,10,8,9,13,11,4,8,6,16,3,8,13,6,7,8,3,7,12,8,8,9,7,8,8,7,4,6,13,8,12,13,8,5,9,7,9,7,12,6,7,8,4,7,9,7,5,10,10,9,7,7,13,10,5,5,3,6,5,8,7,7,13,5,9,8,4,3,10,5,4,13,4,12,13,9,8,4,1,7,7,7,16,8,8,8,6,9,8,4,2,12,5,4,8,6,13,13,9,10,10,14,8,8,8,11,4,2,6,7,9,3,6,7,14,6,7,4,10,8,8,7,12,5,8,10,7,5,6,9,7,11,5,10,7,5,7,4,5,7,5,10,8,8,8,8,9,4,7,11,6,11,6,10,5,7,11,6,4,4,9,5,5,10,9,8,6,8,9,8,4,8,3,10,2,6,5,3,10,6,12,7,8,8,9,13,9,13,14,5,8,4,10,11,5,9,12,19,11,10,8,13,12,6,6,10,10,13,8,12,12,10,8,3,13,7,8,8,5,10,6,7,4,6,7,14,12,7,7,7,12,5,6,4,5,14,14,7,3,2,8,12,6,7,9,9,7,11,7,10,5,5,5,6,6,7,9,6,13,5,7,8,8,8,3,8,7,6,7,6,7,4,1,12,12,9,8,6,2,8,8,4,5,4,9,5,7,7,4,7,6,13,9,9,5,6,5,10,8,9,7,9,8,9,6,3,12,6,3,10,6,5,4,6,4,8,4,6,6,15,13,8,8,9,11,17,4,8,6,14,12,6,5,5,10,10,6,8,5,4,9,7,8,6,10,7,9,6,9,3,2,9,9,5,0,8,5,6,7,6,6,7,9,6,4,7,9,8,12,9,9,7,7,7,7,14,9,9,11,9,5,10,5,10,6,9,13,5,10,18,7,13,7,10,7,3,13,5,13,7,9,4,7,10,11,10,6,6,8,7,5,5,8,10,4,7,8,14,9,8,11,9,10,12,11,8,5,5,9,9,7,10,7,8,10,5,6,9,7,8,8,12,10,8,13,5,8,6,6,6,5,9,12,6,12,1,9,7,5,5,7,10,15,10,6,8,9,9,8,4,10,6,11,6,5,6,8,3,6,9,8,6,7,9,4,5,12,7,5,5,11,11,9,5,7,9,4,6,12,6,6,4,5,11,7,15,9,8,7,5,12,5,4,9,6,5,6,7,8,8,10,6,8,7,3,10,5,6,8,8,5,10,10,6,5,3,4,7,8,6,10,9,7,12,12,10,6,8,10,7,12,12,4,4,8,16,8,2,7,12,6,13,9,17,9,12,5,4,6,9,5,7,14,7,8,12,7,5,8,9,9,7,11,7,9,7,7,7,5,10,10,3,8,6,5,5,7,10,9,6,14,7,7,11,10,3,11,2,7,3,6,7,17,8,11,10,5,3,12,7,8,3,8,6,10,6,6,4,7,7,12,6,9,4,2,4,9,8,14,11,8,8,4,6,6,8,13,9,3,10,9,6,4,13,7,10,12,7,7,8,8,9,6,3,7,7,6,6,5,16,12,5,7,6,6,4,7,7,5,11,2,8,9,7,8,10,7,6,4,7,4,10,7,13,9,10,9,8,6,9,8,4,11,8,4,8,2,7,4,7,3,5,10,5,7,17,4,9,4,9,13,5,5,7,7,7,9,6,9,5,7,6,3,9,4,2,9,9,9,9,2,7,4,6,7,10,7,7,6,10,7,10,3,14,5,9,10,3,5,10,10,12,9,10,9,6,7,10,7,12,3,5,7,11,8,8,8,10,2,3,8,11,4,11,8,10,14,6,11,4,10,3,7,7,6,5,10,8,10,8,8,14,4,8,8,12,8,9,7,3,3,7,4,6,9,10,11,1,11,6,11,8,7,8,5,3,8,5,4,7,4,5,2,8,3,8,8,13,9,4,11,8,7,13,4,5,5,4,11,8,6,15,6,11,6,7,8,7,3,10,7.684,13.424063616435,1.94393638356501
5,7,12,5,6,6,7,8,10,7,9,6,6,11,12,7,12,8,2,11,10,7,7,3,7,9,6,12,6,4,7,0,11,6,7,9,10,8,12,9,4,10,4,9,4,7,5,11,11,7,7,12,10,3,7,7,7,10,8,7,10,6,7,9,4,4,7,7,4,6,8,6,14,6,7,12,8,7,10,7,8,3,5,9,6,10,13,11,5,16,5,9,10,10,9,4,3,5,12,4,7,7,1,3,4,6,6,15,4,5,7,6,9,11,5,11,10,7,5,5,5,5,9,9,8,11,10,8,4,12,5,5,3,7,5,11,4,10,9,9,6,4,12,6,8,9,0,4,4,7,9,11,11,12,7,12,8,7,13,6,7,4,10,10,5,9,9,20,5,15,11,9,8,5,3,6,7,7,3,6,2,6,9,8,6,10,6,9,8,10,4,9,4,8,4,8,4,6,9,17,9,6,8,5,10,9,4,5,2,6,6,8,9,6,8,8,5,4,4,6,13,10,7,12,6,8,8,5,6,6,9,10,12,5,12,7,5,16,7,5,9,8,3,5,4,14,6,7,6,7,8,2,8,9,3,13,9,8,8,6,2,7,3,2,5,9,7,4,9,7,11,12,5,11,5,4,7,3,4,12,10,10,10,9,10,12,6,4,8,9,5,8,6,14,7,11,5,10,4,3,7,8,7,11,6,9,8,8,8,5,7,5,8,6,6,4,8,7,7,9,10,5,7,10,9,5,4,7,4,8,4,10,8,12,5,6,7,2,14,7,7,9,9,6,10,5,7,2,10,7,7,6,7,8,5,6,6,6,5,7,6,10,5,6,1,5,7,7,7,7,6,7,7,12,9,8,8,8,6,7,4,11,9,4,5,3,3,15,9,11,8,8,5,6,13,9,9,6,12,8,9,12,12,2,7,9,4,4,5,7,8,8,7,10,12,11,14,6,8,15,7,6,8,6,8,10,9,9,8,7,8,6,15,10,7,5,4,8,5,8,6,4,11,21,6,3,7,11,7,9,7,8,6,8,5,12,9,8,11,11,7,6,5,8,6,8,8,9,6,12,13,2,10,4,5,6,8,2,9,5,9,5,11,4,6,6,10,7,7,12,10,4,11,5,11,6,7,9,8,9,8,11,5,5,6,13,6,6,8,9,11,6,11,5,11,10,3,8,10,10,7,6,11,5,10,6,7,2,6,6,5,9,11,7,5,10,8,5,6,13,4,6,12,7,5,8,10,13,7,10,9,9,3,5,9,7,5,9,10,11,13,13,6,7,7,5,6,7,8,12,5,5,7,5,6,5,13,4,4,9,5,12,8,3,12,9,9,7,6,11,8,2,6,3,11,7,6,5,7,7,5,8,8,6,7,11,5,5,5,6,6,9,10,8,5,6,9,11,1,7,9,8,9,5,9,9,14,10,3,4,4,10,6,9,6,9,5,11,6,12,10,7,9,11,8,14,8,8,7,5,12,5,13,11,10,2,7,12,3,9,13,9,8,9,5,10,5,6,9,6,13,2,8,11,12,13,9,8,7,5,12,1,8,7,10,5,15,4,8,10,5,6,7,11,4,10,6,14,5,3,8,4,7,6,4,3,6,2,5,8,6,7,7,8,6,5,8,3,12,11,8,5,10,7,7,4,8,7,3,5,4,6,10,14,9,7,14,10,7,5,8,17,8,12,6,5,3,6,7,1,8,5,11,7,10,8,5,7,6,5,7,10,8,10,11,8,13,10,4,10,11,9,6,12,5,7,9,4,6,13,11,4,8,8,7,14,6,1,6,7,8,8,8,9,9,7,8,9,8,8,7,6,8,10,6,12,7,9,4,5,6,7,7,8,7,7,5,7,6,10,4,13,4,10,9,5,4,1,2,10,4,5,10,7,7,5,6,7,8,8,12,7,4,9,8,7,9,11,8,10,5,5,6,8,4,7,6,11,6,6,5,5,5,8,8,6,10,6,11,7,7,4,8,11,6,7,5,6,6,8,5,9,7,6,4,3,8,8,13,7,5,4,7,4,7,11,9,5,8,6,5,7,21,7,7,6,11,9,0,7,7,4,9,9,2,6,5,9,10,4,8,6,8,6,8,9,10,7,10,9,7,6,10,5,11,7,12,6,1,7,4,12,7,8,6,2,8,7,5,10,6,7,12,5,4,7,7,7,5,7,8,14,5,5,3,5,9,7,5,16,11,9,10,7,10,9,4,7,11,8,7,5,10,10,3,4,9,8,9,8,9,11,11,9,4,11,6,7,6,8,7.488,13.1856044708549,1.79039552914506
2,5,6,8,7,10,10,13,11,9,13,5,12,7,10,5,7,11,8,13,5,9,9,5,6,7,7,9,5,6,7,7,8,7,7,5,10,7,9,8,3,15,6,9,7,9,7,10,7,8,5,9,9,5,10,8,5,6,5,8,4,7,5,6,2,6,11,2,4,4,2,8,11,6,2,9,5,13,9,7,11,7,6,8,11,5,6,5,6,9,8,15,3,8,7,4,4,8,14,12,9,14,5,4,4,6,7,5,8,15,8,5,8,11,10,4,7,8,9,4,8,6,5,11,10,8,11,4,6,14,5,9,8,8,9,9,7,11,10,9,12,12,5,5,9,10,10,6,6,6,8,5,8,10,7,11,8,6,4,8,8,8,5,4,10,12,11,11,10,9,8,4,8,14,11,7,8,7,7,8,11,4,7,8,4,2,7,7,9,3,9,14,15,8,6,9,5,7,8,8,10,6,10,6,11,9,5,9,11,7,2,11,11,8,10,8,6,7,10,7,6,11,6,5,6,8,4,9,11,7,7,13,4,4,11,6,12,3,7,4,7,10,6,6,10,15,0,8,4,8,6,12,15,8,5,11,12,5,12,5,5,10,6,7,6,13,12,3,6,10,10,12,3,10,11,6,9,7,9,9,11,8,9,7,3,5,9,3,5,6,7,7,4,9,3,5,14,3,5,7,9,5,5,10,12,7,13,5,13,14,9,4,9,5,11,13,7,9,5,5,6,6,7,11,13,11,4,8,14,8,7,5,8,7,1,10,9,4,8,12,1,8,2,8,4,10,5,9,5,6,9,2,12,6,10,12,5,4,5,21,8,10,3,6,6,4,12,9,7,7,6,3,7,5,5,3,10,10,4,6,5,10,7,5,7,9,5,9,8,5,7,8,5,5,6,9,11,3,11,9,7,6,12,6,3,11,12,5,6,6,6,4,4,6,9,11,5,6,4,2,5,9,5,7,5,4,14,4,6,8,3,6,8,5,5,7,7,9,7,4,4,8,8,12,8,5,8,4,11,8,13,4,5,10,6,8,10,7,6,9,7,6,6,10,6,6,9,7,7,7,9,5,7,5,14,10,5,12,9,9,4,13,2,11,9,5,7,2,8,7,8,6,9,7,7,8,10,11,14,9,9,9,7,12,10,2,11,9,11,14,6,7,10,8,13,8,7,6,5,12,8,5,12,6,8,10,7,7,11,7,7,13,10,11,6,7,8,4,9,7,10,10,3,8,8,7,7,7,8,13,3,8,4,7,6,8,13,17,5,14,7,10,9,8,10,7,6,14,10,4,6,8,6,9,9,8,4,7,7,8,12,6,7,6,9,7,7,5,4,9,6,11,16,7,8,14,4,9,4,4,9,5,9,10,11,4,8,6,8,6,6,9,6,7,12,6,6,1,8,7,9,5,10,5,5,4,6,5,6,6,4,9,8,7,9,6,11,15,9,7,7,9,13,15,8,11,6,11,4,6,4,7,4,7,9,9,8,5,8,5,4,13,5,5,4,10,9,9,9,10,5,4,7,13,7,8,11,9,4,11,7,3,10,7,4,12,7,9,9,5,14,6,4,7,10,9,3,8,6,7,8,11,9,6,6,11,3,5,8,4,4,11,11,5,5,8,7,5,10,8,6,7,10,6,6,8,6,7,13,5,2,4,7,8,10,9,8,3,8,5,9,5,10,9,7,4,10,3,4,7,9,4,16,10,13,9,6,2,10,6,5,9,10,9,5,7,9,2,5,6,6,8,6,7,12,4,5,11,14,15,14,8,2,12,9,5,8,12,9,7,4,6,11,5,5,8,13,9,6,7,9,6,8,12,7,8,5,6,6,12,10,6,10,6,7,11,10,9,15,5,7,3,9,8,10,7,13,10,6,10,7,2,5,5,10,6,9,8,8,10,8,6,9,12,8,10,3,6,5,9,6,13,9,8,0,7,7,6,8,2,11,5,2,6,5,7,10,7,11,7,11,4,3,7,4,8,8,7,7,5,10,4,7,3,7,6,6,7,9,9,9,8,6,6,9,6,9,7,5,9,3,9,12,7,6,8,8,7,9,12,7,6,7,8,9,6,3,8,8,8,8,4,8,3,8,7,7,4,12,6,6,6,8,12,6,7,11,8,5,11,8,10,6,6,11,7,4,10,6,6,9,9,9,10,8,9,5,10,8,10,14,9,8,6,5,3,8,5,6,9,6,9,6,3,10,10,7,12,6,6,10,8,5,8,10,5,10,11,7,7,7,7,6,7,2,9,9,6,6,8,7.596,13.2198739470735,1.97212605292648
10,8,6,6,5,8,9,7,6,7,6,9,9,14,12,10,14,5,8,5,6,9,7,6,5,5,6,8,8,7,5,8,5,9,12,7,9,11,7,6,6,8,10,10,7,7,7,4,10,9,8,6,4,6,8,6,11,5,5,8,8,8,4,9,5,6,4,6,8,6,6,8,6,7,9,8,4,9,8,11,8,7,5,10,8,6,8,11,11,8,4,5,7,10,11,12,7,4,11,8,7,5,6,6,6,6,8,9,11,4,7,7,2,8,5,9,6,6,5,9,8,10,8,6,8,2,11,12,12,10,8,8,12,11,9,9,11,9,7,14,6,5,5,5,7,13,10,8,5,10,9,11,6,3,9,14,10,5,11,5,6,5,8,5,4,13,7,9,11,10,9,7,3,11,5,9,8,5,11,7,12,6,3,8,11,6,8,8,9,7,11,16,7,9,3,4,6,8,7,13,11,11,9,11,7,6,5,3,8,8,8,16,12,8,10,11,10,7,3,6,7,6,7,8,11,7,9,3,11,8,10,7,9,7,15,7,9,10,5,8,4,5,4,10,8,14,5,6,2,11,8,6,9,8,13,11,11,4,13,10,6,10,10,7,8,10,7,9,8,4,7,12,7,6,8,6,7,5,4,11,5,9,7,7,6,13,8,13,5,5,10,7,6,10,4,6,6,3,9,10,7,15,5,5,10,3,12,7,16,8,10,10,10,8,6,5,9,3,7,4,8,7,6,9,5,12,4,12,7,6,7,7,10,11,9,5,8,8,10,8,5,10,10,9,2,13,9,8,5,7,15,5,4,0,8,7,7,9,7,9,8,10,4,8,2,8,3,7,5,8,8,5,5,6,5,12,6,2,7,6,7,10,8,7,5,9,9,7,4,8,13,10,2,3,14,8,6,5,10,6,6,9,7,7,6,8,8,10,8,7,5,4,10,10,8,12,8,8,10,9,6,6,9,8,6,6,4,10,4,11,8,9,13,12,7,9,6,8,6,5,7,9,7,7,6,3,4,13,7,9,9,9,9,5,5,5,6,10,10,9,8,13,8,9,12,7,6,6,10,6,11,6,4,7,7,5,9,10,7,4,6,8,5,8,10,6,9,3,7,6,8,5,5,4,10,6,3,9,8,13,4,8,6,11,8,9,6,7,5,8,7,9,3,6,9,4,6,14,9,8,8,7,13,7,3,8,11,13,7,11,8,7,6,8,16,3,13,5,8,7,9,4,11,12,7,8,5,7,5,6,6,6,13,7,6,3,2,7,6,4,8,9,2,9,7,5,8,8,9,9,5,8,6,4,6,7,12,8,6,6,7,4,7,8,8,4,12,10,17,14,10,4,8,4,7,5,5,11,7,9,7,2,11,5,7,7,7,7,11,4,12,10,8,5,7,2,8,3,1,3,9,6,9,6,4,5,8,4,9,6,7,8,6,7,4,4,11,12,8,7,12,5,9,11,5,10,15,8,6,7,9,5,7,10,9,7,5,9,5,5,5,8,6,5,6,10,13,4,11,5,5,5,10,7,6,7,4,8,11,8,10,7,7,11,10,9,6,13,3,8,11,9,7,7,6,11,10,2,4,5,9,12,8,9,6,7,6,5,5,7,7,9,6,7,7,3,6,6,6,7,9,10,4,4,5,8,11,5,8,4,7,4,10,3,9,8,9,5,8,4,12,11,1,9,11,6,7,5,8,10,7,8,14,13,8,4,7,4,11,6,9,2,10,11,10,5,8,3,5,12,6,7,9,12,11,4,10,6,11,4,5,12,7,6,7,8,3,5,6,7,8,7,7,7,11,9,11,6,10,10,7,7,7,8,17,10,11,7,5,5,4,0,9,9,7,5,3,7,11,10,12,9,7,12,7,7,11,7,2,12,4,7,7,7,5,6,7,7,9,5,7,6,5,6,7,5,3,9,8,9,2,5,12,6,6,8,6,11,8,6,4,7,8,6,4,10,13,4,7,9,11,7,12,7,3,4,6,4,10,4,9,5,9,7,5,9,9,10,11,10,3,5,5,5,7,9,3,4,8,5,6,4,8,8,6,5,5,5,1,10,5,7,12,6,7,5,9,4,6,8,9,5,6,5,6,4,8,6,10,6,12,9,7,8,7,12,8,3,11,10,11,3,4,8,9,10,11,5,7,4,4,7,7,10,6,5,5,6,10,6,5,5,6,5,12,4,9,5,3,11,8,5,4,6,3,7,3,6,7,10,2,5,2,9,5,5,5,5,11,3,9,10,10,5,5,4,5,6,6,8,7.436,12.8091959988113,2.06280400118872
11,8,9,7,5,12,8,6,6,4,10,7,11,11,9,6,17,5,9,6,4,6,5,8,7,15,9,8,5,6,7,3,6,6,6,12,7,12,8,5,7,8,8,8,6,5,7,4,6,4,8,9,5,8,12,8,10,8,4,4,4,6,5,4,8,5,4,9,9,7,1,10,8,10,8,6,8,8,11,13,9,14,5,9,7,6,11,10,9,7,7,8,12,5,6,4,4,5,3,6,10,7,6,6,1,8,12,8,6,9,11,2,5,13,7,10,6,10,4,7,10,2,5,10,15,4,8,8,9,5,6,8,5,10,2,7,3,10,19,8,7,9,11,13,14,9,7,1,5,14,8,7,5,12,5,9,5,9,11,8,5,14,7,5,9,11,9,4,10,8,6,8,10,11,6,7,4,6,3,7,7,9,6,9,4,5,8,6,9,8,4,8,8,9,11,6,5,9,9,5,7,9,8,4,9,7,5,6,10,8,5,8,5,2,11,6,3,6,9,9,6,6,8,8,12,5,6,13,13,3,3,10,5,6,12,5,2,12,4,8,11,7,4,10,7,10,5,4,6,4,5,4,10,6,7,11,3,3,9,11,3,7,3,3,10,4,6,10,11,7,8,7,4,7,7,5,11,4,5,3,6,9,10,11,11,10,7,8,8,7,8,7,8,6,7,7,3,8,6,6,6,5,11,11,4,3,8,10,16,8,4,8,11,8,5,7,8,6,6,10,10,10,7,9,8,8,7,8,7,8,6,6,8,3,5,4,8,6,11,11,6,11,6,8,9,11,7,4,3,3,4,6,6,3,7,5,10,9,6,12,9,8,3,9,4,5,7,8,4,10,7,4,6,8,4,5,16,10,6,8,8,8,9,5,8,8,7,7,6,6,4,5,7,12,7,5,9,9,8,14,6,5,4,6,6,9,5,4,6,4,6,5,8,10,8,7,8,7,3,9,5,8,2,9,6,7,4,10,12,6,5,6,10,9,6,3,9,10,7,7,8,4,4,8,3,6,17,4,4,8,13,5,8,6,9,7,11,11,7,8,6,13,6,8,9,10,10,8,3,7,7,4,4,5,11,8,7,5,8,5,8,15,7,7,9,11,7,4,5,9,16,10,4,5,8,6,5,7,7,8,4,8,4,6,7,10,12,4,7,13,4,7,5,8,6,10,13,6,13,9,11,6,11,7,8,7,12,5,6,8,3,16,4,9,7,4,4,11,4,7,6,8,10,5,10,14,5,3,5,4,4,8,3,8,5,3,10,12,7,5,8,8,5,8,7,5,10,8,7,12,7,8,3,12,6,9,3,8,4,6,9,8,10,5,10,10,4,8,9,7,8,4,6,8,8,6,6,8,4,4,7,3,5,9,10,6,9,6,11,9,9,12,16,5,10,6,16,4,8,4,7,7,6,6,6,7,6,6,9,5,10,7,7,5,7,4,8,9,14,3,8,10,9,11,8,8,6,10,11,10,8,1,7,7,9,5,2,8,5,8,12,10,6,2,3,7,8,10,2,6,7,7,11,13,10,11,5,4,12,6,9,8,8,12,14,9,12,6,6,9,6,11,10,7,9,8,5,3,8,7,7,4,7,5,8,12,7,7,5,9,15,8,8,8,5,2,4,4,6,15,9,9,5,8,5,5,8,3,7,10,7,8,5,11,8,7,8,1,9,8,11,9,5,9,4,8,9,5,5,7,9,7,12,10,12,7,3,6,8,7,5,7,8,10,8,4,11,9,9,12,14,9,2,7,8,7,7,8,6,7,11,6,5,9,9,9,6,9,4,8,11,4,7,7,10,9,8,8,4,13,6,4,7,6,13,8,4,7,7,9,7,4,4,11,5,3,5,6,12,6,5,9,9,6,6,4,11,4,2,5,6,5,9,11,6,8,7,4,6,5,11,7,8,9,6,5,2,9,9,6,4,14,2,9,5,12,11,2,8,7,7,3,4,7,9,10,8,3,6,7,11,3,4,7,2,8,5,11,8,5,3,8,5,4,7,9,5,8,8,7,8,3,1,7,11,7,11,14,5,3,6,7,6,5,4,10,8,9,2,9,9,4,10,13,5,7,6,8,6,8,4,5,9,14,5,10,11,4,8,5,7,3,5,8,7,8,6,7,6,10,11,7,11,10,7,16,10,9,8,6,10,7,7,3,5,9,9,6,6,4,8,6,3,10,4,4,11,3,13,9,4,6,5,6,6,14,8,9,11,7,10,5,4,3,9,7,6,5,4,15,4,12,5,6,5,9,1,7,12,9,7.317,12.9167970663932,1.71720293360685
7,5,10,7,5,8,8,9,2,4,11,4,6,8,5,7,5,3,6,11,6,4,6,5,11,9,5,6,13,7,10,4,11,10,6,11,8,10,7,4,7,11,10,9,4,11,8,7,10,8,3,10,11,7,7,13,9,12,7,6,7,7,8,10,5,13,10,8,3,8,7,12,6,6,8,4,5,2,9,3,13,6,6,6,7,6,8,9,7,4,2,4,6,3,7,8,5,8,12,7,3,8,4,7,9,4,8,5,3,5,9,3,12,5,14,7,6,10,7,6,8,5,4,1,4,6,6,10,9,18,4,7,8,12,8,9,7,9,13,10,5,8,13,3,7,6,8,8,5,7,8,10,8,5,11,7,6,4,10,4,6,4,7,2,10,5,9,14,8,10,10,9,4,7,6,11,3,8,8,8,9,7,11,5,6,5,13,6,6,6,7,11,5,7,9,2,4,8,6,5,9,4,7,4,12,9,8,5,5,9,6,8,5,6,12,9,7,5,6,9,4,7,8,5,3,6,9,6,5,6,5,6,8,2,4,9,13,11,12,5,10,8,8,11,11,6,8,2,9,6,6,7,6,12,11,9,7,3,8,7,7,11,7,6,6,10,8,4,9,7,11,15,4,12,7,5,8,3,3,15,4,11,5,5,5,6,9,12,9,7,12,16,7,10,8,7,11,4,6,6,9,9,10,15,11,8,5,11,5,4,4,9,5,10,8,4,9,7,8,5,11,9,8,6,9,4,6,13,16,11,5,8,7,9,3,7,7,8,11,11,6,10,13,7,11,7,9,4,8,5,8,9,3,4,8,7,9,4,5,10,7,3,6,7,7,8,4,6,8,4,9,1,8,7,3,14,11,5,4,9,9,12,11,4,13,5,10,4,7,9,4,8,4,2,8,9,7,5,17,4,9,8,8,5,5,10,6,5,7,2,7,4,3,11,9,12,9,5,1,13,5,7,14,2,4,10,7,10,9,6,4,5,7,6,5,8,4,11,7,4,1,4,10,11,6,6,5,9,7,8,15,6,9,11,7,12,6,11,3,13,16,9,6,9,7,7,5,8,5,8,8,6,9,7,7,5,7,7,7,7,12,3,3,6,9,6,4,1,4,6,3,4,8,5,3,6,6,7,5,6,10,5,6,3,4,11,7,3,2,10,7,6,11,11,8,12,7,8,9,10,6,9,9,7,7,11,3,8,11,9,5,6,3,10,8,7,9,6,8,6,9,8,4,10,8,12,11,11,7,6,7,6,6,4,5,9,8,19,15,4,4,3,7,9,9,8,7,6,8,12,4,4,7,8,6,8,7,6,7,9,11,12,11,5,10,4,5,3,7,8,7,5,18,7,9,4,8,7,7,9,6,6,6,10,12,8,14,8,4,5,6,6,9,5,7,8,8,5,7,4,7,5,11,4,9,5,9,10,8,6,2,10,10,12,16,9,7,9,12,14,7,6,4,4,6,21,9,7,9,7,7,5,4,7,9,3,6,5,2,9,6,7,13,6,10,15,6,9,8,6,8,5,8,12,6,8,4,9,9,6,6,10,4,8,17,3,9,10,7,10,9,10,6,7,6,11,5,8,10,8,4,14,11,10,5,9,8,6,6,4,4,5,8,4,11,4,9,8,4,7,6,10,12,3,7,6,10,4,6,12,5,4,9,5,4,6,8,6,3,5,8,7,5,14,3,9,6,4,5,9,7,9,7,8,11,5,10,4,5,5,8,5,11,7,8,5,9,5,7,5,8,15,5,5,6,7,6,5,10,8,8,13,3,10,8,11,10,9,4,4,7,7,8,17,6,7,7,6,11,5,6,7,4,8,8,8,9,8,7,9,11,11,11,6,6,7,18,10,7,10,6,13,12,8,7,7,10,7,6,9,2,9,8,6,6,4,6,5,10,9,5,6,6,5,8,6,6,2,6,10,7,7,6,5,8,5,3,10,6,11,9,3,8,5,10,6,6,5,9,7,8,7,6,8,5,10,8,5,10,6,9,5,7,3,8,4,5,12,8,9,2,8,5,9,5,7,5,5,9,7,6,14,7,9,7,6,14,10,4,7,4,3,12,7,5,10,4,12,5,6,5,7,2,12,7,3,6,6,1,8,10,5,10,8,7,6,11,5,3,7,12,8,4,7,7,10,6,10,5,10,8,11,6,8,4,5,11,7,9,9,4,14,3,7,3,9,4,6,11,7,6,7,11,8,7,11,5,12,6,9,7,3,8,16,9,6,12,6,11,9,12,13,3,2,9,10,8,13,10,5,7.395,13.1913402868294,1.59865971317064
5,7,4,10,6,12,6,8,11,5,7,8,7,8,14,9,4,6,6,5,12,5,3,9,9,5,10,9,6,1,13,6,13,7,5,6,4,7,8,8,10,17,4,10,5,7,4,11,8,4,3,12,2,8,6,9,5,4,5,4,6,10,6,4,4,6,4,6,7,3,8,12,10,8,10,10,6,8,9,12,8,4,5,10,10,9,5,11,5,8,8,8,6,6,3,7,8,8,6,7,8,8,5,3,5,4,16,13,5,6,4,7,9,9,6,8,11,5,4,8,9,9,6,9,6,5,5,7,8,10,3,2,10,12,2,10,10,10,13,10,6,6,9,5,10,9,6,4,4,9,11,12,7,7,11,12,3,13,8,3,8,3,6,8,8,7,7,11,3,11,5,8,7,7,10,6,9,0,7,9,12,6,5,6,7,3,5,9,10,9,5,12,10,8,10,9,7,5,4,12,7,6,8,9,6,5,8,6,3,7,9,10,11,7,10,9,6,7,8,7,11,10,7,8,7,8,7,4,8,6,6,12,6,10,17,5,8,10,6,6,8,11,8,13,12,10,4,4,8,5,11,6,13,5,8,7,7,4,3,4,4,10,6,8,5,13,13,4,11,7,6,8,3,9,5,8,7,7,7,11,2,8,9,8,7,8,9,8,11,6,9,7,11,9,4,3,6,5,3,4,10,12,7,10,9,14,6,8,10,6,6,9,9,8,5,6,6,9,5,8,11,2,8,9,6,11,9,10,5,5,9,10,11,17,4,14,2,5,8,6,1,8,11,1,4,7,5,5,6,7,7,6,10,3,8,7,5,6,10,7,7,6,3,11,6,11,7,7,5,9,8,3,7,9,5,8,5,7,6,2,7,13,6,8,9,9,4,7,4,10,7,9,8,7,2,3,13,2,13,4,8,7,12,4,4,4,9,5,4,8,9,6,11,9,5,11,7,6,8,9,6,9,8,2,7,7,12,6,7,2,8,8,6,8,9,6,9,4,6,5,6,6,6,12,10,2,7,5,9,12,6,8,5,6,9,5,7,7,9,10,5,6,10,5,4,4,5,12,5,6,9,3,6,4,7,5,9,4,5,7,7,7,6,7,9,5,9,4,6,6,3,9,12,7,1,5,11,6,4,9,10,5,6,14,6,10,6,13,9,5,3,8,7,10,5,9,7,9,5,10,12,5,13,13,8,3,15,6,9,7,6,11,11,10,5,8,10,8,4,11,13,8,9,9,12,7,7,6,4,10,9,5,3,5,9,2,7,6,7,7,11,11,4,7,9,6,6,8,6,7,4,4,7,13,7,5,6,5,1,7,10,5,7,4,11,13,6,5,8,9,5,8,3,6,9,9,7,7,4,8,7,5,7,6,5,13,6,3,13,9,14,11,8,5,7,9,6,7,9,7,10,5,13,6,12,7,12,5,4,9,7,9,6,8,10,8,5,10,5,5,7,6,8,11,3,9,8,5,9,6,6,7,6,4,12,6,11,8,4,3,12,13,5,8,8,6,9,8,7,4,8,1,8,11,6,7,7,6,6,4,8,10,8,6,11,10,9,10,5,1,11,8,2,11,5,5,4,6,5,9,9,6,11,8,12,10,6,3,2,7,12,11,7,5,5,7,6,3,13,8,11,8,14,4,3,4,6,9,9,3,8,5,7,8,5,5,8,4,6,5,7,5,9,7,8,6,6,3,11,6,11,4,16,10,13,9,7,3,8,6,3,3,6,8,7,4,9,9,2,12,7,7,8,9,4,2,7,11,10,13,10,5,6,7,6,9,7,6,6,12,3,4,10,9,8,10,11,9,12,4,5,5,9,12,8,4,8,6,4,8,9,6,4,9,7,7,10,9,5,6,6,7,9,7,7,8,8,6,3,5,6,6,6,6,5,10,7,7,5,8,6,10,7,12,4,6,4,9,2,9,6,4,10,5,4,5,7,10,3,8,4,5,4,15,6,11,4,7,14,7,7,5,4,7,5,6,6,8,9,5,8,10,10,1,5,2,9,13,7,13,3,12,5,6,8,7,12,6,5,4,7,6,7,6,9,8,4,11,3,5,5,8,11,9,3,9,8,7,3,7,8,7,11,8,5,7,11,5,8,8,9,5,3,12,11,8,6,5,9,10,10,5,9,8,11,8,8,10,6,5,5,7,9,10,6,10,8,7,6,9,9,9,7,8,3,4,11,6,4,10,4,4,4,3,8,6,3,7,10,10,10,7,6,8,8,7,7,6,9,2,11,7,11,6,6,6,7,6,4,9,7.27,12.7506166549868,1.78938334501315
7,2,7,7,6,9,6,6,8,7,9,5,5,9,9,10,12,2,3,5,1,7,5,5,3,3,8,11,12,4,4,13,16,6,6,9,7,5,3,7,6,6,3,5,7,8,10,2,6,6,9,8,9,5,9,6,7,3,5,4,5,11,2,7,9,6,5,9,6,3,6,8,12,7,6,9,7,6,9,7,6,5,5,11,4,7,9,9,10,13,7,7,6,7,6,8,6,5,10,7,7,13,5,4,3,6,6,4,8,6,9,6,3,7,11,6,7,4,7,4,11,9,6,8,5,4,8,7,4,14,4,5,9,11,11,4,2,6,10,6,6,11,6,7,10,9,6,8,6,9,12,6,6,13,7,14,7,9,4,6,5,8,8,5,9,6,5,10,9,11,13,4,4,8,10,7,4,3,7,6,9,4,6,9,9,5,8,3,10,6,7,8,7,8,4,10,2,6,8,8,10,8,6,4,7,11,4,10,8,6,4,13,10,9,12,5,4,6,9,4,6,9,5,4,4,10,3,4,9,6,12,10,9,4,9,5,6,11,4,5,5,8,5,6,5,8,7,5,3,4,3,6,4,4,3,13,9,6,8,6,2,5,10,4,7,12,7,6,8,6,6,9,7,7,7,7,8,8,8,10,11,7,3,10,9,9,4,12,9,7,8,2,4,11,6,7,12,10,5,7,10,11,7,11,10,4,4,6,7,12,1,13,7,4,8,7,7,3,8,13,7,8,5,4,11,15,5,10,5,8,4,13,6,6,6,4,12,5,6,5,7,7,6,9,7,11,8,9,5,9,8,8,8,6,5,5,11,8,2,9,10,17,5,9,5,5,5,10,5,6,6,6,8,4,10,7,7,6,5,7,5,9,6,9,8,9,5,5,8,7,5,9,4,7,10,7,8,6,10,7,4,12,8,5,7,5,9,8,8,11,5,9,15,3,9,12,9,7,8,9,6,4,8,5,11,10,14,11,8,8,7,3,9,5,5,9,6,6,8,3,9,11,6,6,9,10,5,8,10,6,10,8,7,11,7,8,7,7,4,10,7,11,4,5,9,7,3,6,9,9,7,12,5,6,8,6,9,5,10,9,6,10,7,9,7,5,4,6,5,6,13,7,7,2,8,5,5,6,5,4,9,4,5,6,5,6,11,5,10,16,8,7,7,7,7,8,4,7,6,12,3,8,12,8,7,5,7,6,8,9,7,3,9,15,4,3,9,3,8,3,7,11,11,8,7,14,9,8,8,7,3,5,10,5,7,5,6,6,4,5,8,12,6,9,4,4,7,3,15,9,4,7,3,5,6,5,6,6,9,8,12,5,6,6,8,6,11,6,4,12,5,4,12,6,13,9,7,13,6,4,3,6,11,7,10,8,7,4,8,6,15,9,11,5,9,6,5,3,5,9,9,3,11,6,8,11,10,9,5,13,6,11,9,7,8,3,12,7,9,10,5,13,8,11,5,10,6,10,5,8,7,7,4,7,4,12,3,2,6,10,8,6,11,2,6,14,9,5,5,5,7,2,3,14,8,8,6,6,7,6,8,1,8,7,10,8,16,16,6,4,4,5,3,5,4,7,4,8,6,3,8,9,9,4,2,10,8,4,5,10,3,2,7,5,5,7,13,5,12,6,6,11,3,9,6,7,12,5,9,6,5,3,11,4,8,9,4,9,6,9,8,13,7,6,8,4,8,6,5,4,6,8,12,10,5,4,7,6,8,5,7,5,8,10,6,9,6,11,10,7,6,10,3,10,14,11,1,10,4,9,15,4,9,7,2,14,8,6,5,9,9,10,12,9,10,9,13,8,7,10,9,7,9,9,7,12,8,7,3,17,5,3,8,7,3,8,6,10,8,4,7,12,9,8,8,3,8,8,3,6,7,5,5,8,9,8,8,5,12,10,10,10,11,10,8,8,4,9,5,4,7,7,6,4,5,8,7,8,13,5,9,6,6,4,8,8,6,7,10,9,13,7,7,16,8,5,10,11,6,4,4,7,9,5,6,8,3,6,6,2,3,11,6,4,6,9,5,11,7,9,10,4,9,8,4,7,7,5,5,10,10,6,6,6,3,3,3,4,8,10,9,9,8,10,13,6,12,6,10,8,7,6,8,5,9,10,8,9,9,9,9,10,8,9,6,9,8,5,4,7,6,6,12,7,7,6,5,3,7,8,5,6,7,4,8,4,9,5,10,10,12,11,8,7,8,5,7,8,6,9,10,7,7,12,4,2,4,7,4,4,3,15,7,8,1,6,3,8,6,10,7.221,12.717401626996,1.72459837300396
8,4,9,6,4,9,8,9,5,7,7,8,7,14,8,5,13,8,8,5,5,8,9,4,7,8,8,10,4,5,7,7,5,6,6,2,4,6,7,13,3,9,5,7,2,10,3,8,2,3,6,9,6,3,8,6,8,10,4,7,6,11,4,4,8,4,5,11,4,6,6,17,9,7,6,8,7,3,6,9,9,8,7,7,9,7,5,6,2,8,7,1,10,3,9,3,5,1,8,6,10,8,6,7,8,4,9,9,5,8,3,6,4,7,8,5,9,5,11,4,9,9,7,4,7,11,6,6,11,8,6,7,4,15,3,7,16,11,8,7,9,8,6,5,11,9,5,11,10,7,8,11,6,15,5,10,6,9,11,5,9,6,11,7,1,10,12,10,7,9,7,5,10,8,13,13,6,7,8,10,8,4,9,11,11,5,8,6,6,3,8,7,11,9,4,5,11,7,7,9,5,6,8,5,7,4,7,1,3,6,8,9,3,13,5,10,11,3,8,6,4,7,10,11,6,7,8,11,10,1,8,7,7,8,10,4,7,6,7,3,9,11,4,10,9,9,8,3,7,9,12,6,11,9,6,10,4,2,6,7,5,7,8,2,2,9,4,4,8,6,8,12,6,7,8,9,5,11,4,8,12,11,13,6,5,10,9,4,11,3,6,3,8,11,1,9,7,6,7,5,4,11,4,6,12,7,8,7,13,7,4,7,9,10,7,7,5,9,5,3,11,11,10,7,8,7,6,11,9,11,6,9,6,7,5,6,7,10,8,9,7,6,8,9,4,7,8,7,4,6,8,5,6,3,9,7,6,9,4,10,3,3,4,6,1,4,6,5,7,9,7,6,8,8,4,5,10,6,5,12,1,9,9,3,13,10,10,9,6,5,3,10,4,7,5,7,9,7,10,9,6,9,6,4,3,5,7,5,5,9,8,5,13,8,9,14,4,7,7,6,7,6,7,3,9,12,6,12,2,8,3,12,10,9,14,6,11,8,5,4,5,6,8,16,6,3,7,11,5,13,10,8,3,3,4,8,4,10,7,16,4,11,7,8,6,9,7,4,4,4,7,7,4,9,5,6,13,10,7,7,6,14,8,14,7,9,6,6,8,6,7,9,8,3,9,6,7,8,14,5,13,10,8,3,3,11,7,7,8,8,7,7,5,11,4,8,8,6,6,6,9,2,8,3,5,9,6,10,10,12,9,5,9,4,8,4,11,10,10,6,9,5,9,5,4,8,6,4,4,4,1,3,5,4,7,3,14,10,8,3,9,6,5,7,11,6,6,8,3,7,4,6,6,10,7,5,6,4,4,10,9,6,5,8,6,5,9,5,12,10,11,4,9,8,5,9,4,7,2,9,8,3,7,4,6,7,9,7,8,9,9,9,12,8,10,10,8,6,7,3,5,5,7,7,2,5,8,6,3,3,6,8,8,8,8,4,11,7,12,5,12,11,7,11,9,17,8,9,8,14,5,6,11,7,8,5,3,7,6,8,7,7,6,5,7,5,11,5,3,7,8,2,11,7,0,10,10,3,8,4,7,7,4,9,5,8,8,7,5,6,5,8,5,6,5,8,7,4,4,10,8,8,6,14,5,7,5,5,4,4,8,7,7,7,6,3,8,9,7,13,6,8,5,5,6,6,11,6,4,7,12,3,4,10,5,10,8,4,7,4,8,8,9,8,5,5,6,6,3,7,8,10,15,7,12,9,6,8,7,3,6,7,5,7,7,8,8,3,10,8,7,13,5,7,4,5,6,6,6,2,9,10,5,9,9,17,3,9,7,1,2,5,8,6,9,8,4,7,5,6,10,4,7,8,10,9,8,11,9,8,10,3,2,10,4,8,5,12,7,6,13,10,8,9,7,5,12,11,2,7,11,4,10,5,8,12,9,10,5,8,8,9,5,9,7,7,3,14,11,7,6,6,6,8,4,4,10,6,6,6,6,4,8,5,3,9,7,7,11,6,7,11,8,13,7,13,6,7,6,6,4,8,15,3,8,11,4,10,12,12,13,4,5,5,6,12,8,6,5,10,5,11,9,9,9,5,5,7,1,8,5,8,11,11,6,5,7,9,6,7,6,8,4,12,4,4,8,6,11,4,8,8,8,12,7,10,3,13,10,7,9,8,5,10,11,4,5,11,10,6,10,9,9,7,7,7,13,8,8,9,5,10,12,2,5,3,8,5,4,10,6,8,6,7,4,10,5,4,8,8,7,4,5,10,6,2,6,5,4,14,7,10,2,7,10,5,6,5,8,5,7.173,12.7045895035727,1.64141049642727
15,4,6,7,11,7,9,8,5,6,5,6,6,6,7,6,13,5,8,3,7,5,4,7,5,5,2,5,10,6,16,5,8,8,8,11,10,9,7,4,5,12,8,11,6,6,5,6,7,4,10,7,11,8,4,8,3,7,6,9,8,7,7,4,7,9,7,8,8,6,8,8,6,9,12,8,6,6,9,8,12,4,6,6,9,9,7,7,9,13,7,6,9,4,8,5,3,7,4,3,8,4,8,4,7,7,5,7,8,6,5,7,3,7,10,6,12,3,4,7,7,4,6,5,10,5,7,10,8,11,12,5,8,16,4,10,9,7,7,7,6,4,11,5,11,11,10,5,3,9,7,5,5,7,10,11,5,5,10,4,2,6,10,1,9,8,11,6,8,12,7,8,9,7,8,3,5,9,8,9,5,9,6,8,7,6,10,7,6,14,4,11,8,5,11,6,6,10,5,7,10,9,7,14,12,7,7,5,5,15,4,3,8,4,12,8,10,5,9,3,4,9,7,9,4,7,7,13,12,4,11,10,6,7,9,2,6,8,2,7,15,7,7,9,3,6,3,6,11,7,8,5,9,6,6,11,5,4,11,9,7,8,15,8,7,12,11,6,9,6,14,7,4,6,9,6,7,10,2,10,5,11,3,12,7,10,11,14,7,9,8,8,8,8,6,7,8,8,9,5,6,7,3,22,8,7,10,6,10,9,6,10,3,7,11,6,12,9,9,10,9,9,4,5,7,8,8,6,4,10,3,6,4,9,3,4,11,10,11,14,11,2,6,9,9,7,8,5,12,10,6,8,5,7,4,9,8,3,6,12,2,8,7,4,3,3,6,6,3,7,6,2,7,5,10,12,10,5,9,8,10,10,11,8,11,8,10,4,2,5,7,5,8,9,9,9,8,4,7,5,4,10,7,7,11,7,3,7,4,9,9,3,4,10,9,13,8,8,8,5,6,9,10,1,11,7,11,8,5,4,11,4,8,2,3,8,3,6,9,7,5,3,3,9,7,6,7,10,7,11,10,3,9,6,11,5,3,18,4,6,9,10,10,11,8,6,3,12,9,8,10,3,4,7,10,7,10,5,5,5,8,11,7,10,10,5,7,4,4,6,9,6,7,7,7,7,5,4,8,8,7,10,5,7,6,9,6,8,5,7,9,9,4,9,8,3,7,10,4,14,8,4,7,4,12,6,8,8,10,11,4,12,5,7,8,4,9,7,8,9,10,11,6,13,9,10,4,7,3,11,4,7,6,6,4,12,5,6,10,9,5,6,3,11,10,4,8,8,4,17,3,6,6,12,6,6,10,3,2,9,3,6,10,11,15,5,8,5,5,6,5,3,15,9,9,7,8,6,5,3,4,8,3,6,9,8,10,10,11,6,10,7,11,8,8,6,14,7,6,6,15,4,7,2,3,8,14,5,8,8,5,11,9,11,6,11,6,11,6,8,5,9,4,12,4,9,7,8,8,11,5,8,8,8,7,8,3,8,3,9,9,13,7,6,3,8,4,12,5,8,4,7,11,8,9,4,8,8,9,9,6,6,5,7,13,10,9,19,9,6,3,12,5,7,7,5,5,10,2,9,6,7,6,6,6,14,5,10,8,4,8,6,3,6,7,4,7,3,9,4,4,13,14,13,6,6,11,7,6,10,4,3,3,6,11,9,8,4,6,1,15,10,4,10,6,4,12,6,9,3,8,8,16,7,10,11,11,5,8,8,3,4,7,12,4,4,7,13,4,10,11,9,7,5,5,7,7,3,5,16,3,8,2,4,5,11,7,6,3,5,2,4,5,9,13,9,9,7,6,15,9,6,6,5,9,5,5,8,4,7,6,3,4,5,5,7,11,8,8,6,10,4,5,6,8,12,8,8,6,6,4,5,4,5,5,6,10,15,6,8,8,6,10,9,6,8,2,7,9,11,8,3,11,3,2,11,9,7,8,8,7,14,5,3,8,10,10,9,2,12,10,7,10,3,8,8,4,17,5,6,5,9,1,3,11,8,13,7,11,12,4,10,7,13,11,10,5,10,8,7,11,3,8,12,8,4,8,7,6,8,5,7,9,3,5,7,2,7,6,7,7,4,4,8,10,2,7,6,9,7,5,2,3,5,9,5,8,4,6,7,8,8,7,11,8,12,14,7,3,7,8,10,9,12,7,7,7,9,5,12,5,10,5,12,5,7,11,7,6,11,5,9,6,3,4,9,7,7,11,8,6,6,6,4,4,7,7,10,10,14,7,6,7,2,7,5,5,7,10,4,7.334,13.1473881646035,1.52061183539647
10,10,6,5,3,9,7,6,5,6,10,9,7,9,10,10,10,4,3,7,2,6,10,11,9,9,6,7,4,4,6,5,10,9,13,13,3,6,9,6,5,13,8,7,3,11,4,6,6,6,7,5,6,4,7,15,8,10,9,4,5,7,6,12,7,17,8,7,7,7,7,4,10,6,11,8,5,7,2,14,16,9,8,10,9,5,9,8,14,7,6,7,7,4,6,3,7,5,4,6,13,9,0,4,7,9,5,7,7,10,9,3,6,6,12,4,16,4,2,4,8,7,12,7,3,7,4,4,7,9,8,7,7,10,5,9,10,10,9,7,10,8,10,10,12,6,5,5,10,9,5,11,4,4,9,13,16,6,9,5,7,10,7,5,7,9,11,10,7,13,7,6,10,7,5,7,3,5,6,6,9,6,9,5,5,4,13,6,10,8,8,12,11,14,14,9,2,7,8,7,4,5,8,5,5,8,5,9,7,8,7,7,4,6,12,4,10,1,3,7,5,6,8,6,5,7,4,8,5,10,7,12,8,8,5,6,11,9,4,6,10,6,4,6,6,7,7,6,5,4,9,8,4,7,5,8,9,8,10,2,1,10,7,9,4,13,9,6,6,7,11,10,9,14,9,7,10,2,6,12,9,15,5,9,13,9,6,6,11,9,9,5,10,11,8,5,6,6,6,8,7,5,9,10,9,6,9,5,14,7,7,5,5,11,9,7,10,7,6,4,12,6,5,5,10,12,5,9,9,3,6,6,10,9,2,6,4,9,3,13,4,8,9,5,9,10,11,4,2,6,8,6,7,6,9,7,12,6,7,7,3,12,9,7,8,6,5,10,5,11,10,3,9,7,4,9,8,6,9,5,6,12,5,7,6,7,4,1,4,10,7,9,0,4,11,5,8,6,11,10,7,7,7,3,1,6,6,4,2,6,7,7,6,8,10,9,8,7,8,10,4,6,12,3,9,11,12,5,4,4,7,12,5,1,9,3,8,5,3,6,4,5,9,5,4,9,5,4,6,5,9,12,5,8,6,5,9,8,8,8,4,11,9,6,5,4,4,8,6,13,10,7,8,6,5,5,5,6,8,5,7,14,8,6,7,3,5,7,6,4,7,13,6,8,8,4,5,8,9,6,8,3,6,8,2,7,10,4,15,11,5,5,7,3,8,10,4,6,7,8,6,9,5,12,6,8,11,4,8,12,10,10,6,8,4,4,7,7,7,2,11,9,8,11,4,10,13,10,10,3,12,10,11,7,1,13,5,11,4,2,5,7,6,6,3,4,11,3,7,11,4,3,7,11,6,4,7,11,3,7,13,7,10,5,10,4,3,5,10,9,12,6,7,6,2,8,7,7,7,7,11,8,8,6,6,6,10,6,8,13,9,11,8,6,12,8,9,1,10,6,8,7,12,6,9,7,7,2,8,7,4,9,6,9,10,10,7,7,7,6,8,8,8,7,7,11,7,6,9,6,5,5,4,7,9,7,7,10,5,8,10,6,7,3,5,10,6,4,4,7,8,5,10,7,6,8,4,9,8,4,12,6,6,15,10,5,4,9,3,5,6,9,7,6,9,9,7,5,4,10,9,12,6,5,4,6,11,2,2,6,7,5,7,6,7,9,7,4,9,7,3,6,12,4,4,6,6,8,8,8,9,2,9,5,2,10,4,4,10,9,9,9,8,10,7,8,4,5,7,10,8,11,11,3,9,9,8,3,10,4,8,7,5,8,5,8,5,13,7,4,8,7,7,5,11,6,7,11,6,12,11,10,9,8,7,10,7,4,4,8,6,7,6,10,7,7,4,5,9,3,5,5,9,6,9,6,4,4,2,10,4,8,4,2,5,10,12,7,7,8,5,10,11,4,2,7,7,7,2,8,6,7,10,15,2,6,6,5,5,7,5,6,5,11,7,4,5,4,5,5,7,6,15,2,5,13,12,4,2,5,5,7,3,4,7,8,8,2,6,9,11,13,4,13,3,6,6,6,5,5,6,6,6,1,7,11,5,11,9,7,3,9,6,5,15,5,6,16,7,5,6,5,6,7,4,11,8,11,6,13,8,6,10,9,7,8,8,10,7,8,3,9,7,10,5,8,10,3,10,12,8,3,2,4,12,6,2,7,8,7,11,8,7,6,10,11,10,8,7,5,11,10,3,10,4,8,3,4,10,5,7,7,8,10,4,4,8,6,9,10,8,6,5,3,7,9,5,9,10,8,9,2,3,8,3,4,8,10,8,7,10,10,2,7,5,7,6,12,6,13,7.172,12.7580132518326,1.5859867481674
6,3,4,5,5,8,6,8,3,7,7,3,8,6,7,6,13,4,8,4,2,5,7,6,4,4,8,3,12,3,5,7,11,3,4,13,7,6,4,7,11,7,6,12,8,10,7,9,4,5,15,7,6,6,10,4,5,6,1,4,5,7,5,7,6,6,6,2,2,4,13,8,5,3,5,9,3,2,10,12,6,7,7,11,7,9,9,9,8,10,10,6,3,1,6,5,4,9,6,8,9,7,5,4,8,3,9,12,5,5,8,4,11,10,8,3,5,6,6,5,6,8,9,4,5,6,5,5,7,14,5,8,8,10,4,8,6,4,16,4,3,7,5,5,7,7,3,14,5,5,6,8,7,5,11,10,4,13,7,4,6,4,8,6,6,7,3,11,12,11,10,9,4,7,8,7,9,6,6,15,13,6,5,9,10,3,6,11,9,9,4,6,5,6,10,9,3,7,6,14,7,6,7,6,9,9,11,10,6,4,9,10,5,8,21,8,8,4,13,3,10,5,3,10,5,2,5,8,4,2,13,11,7,5,12,10,5,10,3,6,3,9,5,4,11,8,12,2,4,5,7,5,5,8,5,9,5,6,9,6,5,9,6,4,7,6,2,4,8,5,6,11,5,8,5,6,5,9,11,11,6,8,9,0,8,5,2,7,5,8,7,7,4,10,7,5,4,4,5,6,11,13,10,9,8,10,9,4,12,8,3,8,9,8,8,4,6,5,8,5,12,6,5,7,4,7,4,8,6,8,5,8,9,10,8,6,5,7,6,8,4,6,5,7,6,5,6,4,6,4,11,7,4,8,8,10,7,2,2,6,7,6,4,8,6,5,3,8,10,6,9,4,9,4,6,8,12,5,7,7,4,13,7,5,10,6,9,7,9,4,10,8,8,4,7,2,5,5,8,7,5,9,5,7,5,8,9,3,6,3,6,13,12,6,4,10,2,4,12,7,6,5,8,2,12,11,5,6,5,6,5,5,12,7,7,10,11,8,6,5,5,7,7,6,9,4,8,9,6,11,14,6,8,3,3,3,5,13,8,9,12,10,6,6,7,5,6,5,9,9,4,8,9,4,6,4,7,5,1,6,7,10,4,12,5,11,9,4,5,4,6,6,11,5,7,4,6,12,7,8,7,4,11,7,5,6,2,9,7,9,5,5,6,11,6,11,3,1,4,13,9,5,10,7,7,9,10,9,10,9,6,6,11,13,8,6,9,11,10,11,5,6,7,8,9,9,10,10,3,5,3,10,8,9,5,5,6,8,5,2,12,4,5,6,9,5,6,6,8,4,4,8,5,9,13,4,5,4,6,7,8,2,11,6,7,8,6,4,8,7,7,7,4,7,6,7,9,6,12,5,9,8,5,8,11,9,11,5,9,5,13,9,11,2,5,5,2,4,5,5,7,3,13,5,6,5,11,8,3,8,4,13,5,6,8,6,11,5,11,7,5,8,3,5,9,11,3,6,8,11,9,6,3,3,12,8,3,5,2,6,11,3,10,7,5,9,8,5,3,5,7,4,6,12,8,8,7,7,4,13,8,6,6,8,5,4,3,10,2,3,5,5,8,5,7,6,9,6,10,7,6,5,4,15,3,16,9,4,4,8,6,5,12,8,5,4,9,6,7,9,7,5,4,6,7,2,9,10,5,5,7,4,5,6,7,6,12,1,4,7,8,7,10,6,2,3,4,6,6,7,12,7,13,7,13,7,10,6,7,5,1,5,10,8,5,7,6,6,12,15,5,6,3,9,7,4,8,7,5,9,7,6,6,8,5,13,2,6,6,5,5,6,11,6,6,9,5,11,8,5,6,11,4,12,5,6,7,7,3,7,7,10,8,9,2,5,6,7,10,10,6,3,5,15,10,8,7,6,5,8,2,2,7,7,5,11,7,6,5,9,6,10,6,8,5,5,5,10,2,9,5,8,5,5,6,7,9,7,6,4,5,9,7,5,5,12,7,5,11,6,3,4,5,11,9,8,7,5,5,10,4,7,8,3,7,6,5,11,14,12,3,7,5,7,7,7,6,8,7,6,1,8,7,6,3,1,8,13,7,8,6,8,10,3,7,9,6,6,7,5,7,7,5,7,8,7,8,11,7,6,10,3,11,9,8,6,8,7,6,6,8,8,5,8,2,9,3,7,6,8,8,7,6,7,10,9,9,4,8,8,6,8,8,5,5,6,8,5,4,11,5,6,8,4,6,6,6,3,6,8,5,4,7,10,7,10,8,6,5,9,7,7,9,2,6,11,8,5,8,3,6.851,12.2779230446112,1.42407695538878
10,6,8,4,5,10,7,12,7,3,9,6,7,8,7,7,13,2,7,7,8,4,11,6,7,7,7,8,10,4,6,8,6,7,9,3,10,9,9,10,5,14,6,9,6,6,6,6,7,5,9,4,7,8,7,11,6,7,3,9,5,7,9,8,7,6,5,9,4,4,8,11,8,6,4,13,9,6,6,9,6,8,6,9,6,8,7,5,6,14,11,6,7,3,7,11,4,6,1,5,10,4,4,5,3,8,9,5,5,9,6,5,6,6,5,6,4,5,6,3,9,5,3,6,7,5,5,8,5,7,6,6,10,12,5,7,2,7,5,8,13,9,7,5,14,7,6,2,5,7,4,7,6,3,6,13,5,8,11,7,7,8,3,4,8,7,11,9,2,8,4,6,6,5,7,8,5,5,7,10,9,5,8,9,9,3,13,8,7,6,10,3,5,8,4,7,5,10,8,8,5,10,8,3,3,9,4,6,4,9,6,5,11,5,11,6,6,5,4,3,7,4,5,4,5,6,4,5,9,8,6,8,5,7,9,9,3,10,4,6,5,8,10,5,10,7,5,1,10,3,7,3,6,11,7,9,6,4,9,8,10,13,5,6,7,6,5,2,12,4,5,9,7,12,10,5,7,8,7,14,2,5,5,7,10,9,11,6,13,5,8,7,5,12,5,5,7,7,2,6,10,5,5,13,5,7,5,5,8,6,5,4,8,6,4,8,4,6,7,11,10,6,6,12,7,4,7,10,2,12,8,7,9,5,5,5,9,4,7,9,7,6,6,4,3,10,6,5,8,10,7,5,8,6,7,9,8,8,5,7,6,7,3,10,5,2,4,5,5,5,8,5,4,6,7,5,8,7,5,4,7,9,5,2,10,10,10,8,6,4,8,10,10,7,8,5,7,4,5,10,7,11,8,6,5,8,11,5,3,10,9,4,10,5,16,5,5,8,8,9,5,0,6,7,6,8,7,13,6,5,4,4,5,8,8,1,5,8,5,4,6,9,10,6,10,6,12,12,6,11,8,4,8,6,5,7,3,7,4,7,4,6,9,9,7,5,6,5,10,8,11,10,9,6,9,5,7,3,6,11,9,1,6,7,6,5,3,10,6,5,6,2,9,3,7,6,2,6,7,8,8,3,3,8,5,6,7,6,8,11,8,9,5,4,6,8,8,5,7,9,7,2,8,3,2,5,6,8,7,8,4,7,8,8,5,6,7,4,10,2,7,8,9,6,12,6,7,9,4,5,4,5,8,9,7,4,3,6,5,9,3,7,4,8,5,4,6,4,6,6,4,6,4,7,10,7,6,3,5,11,10,4,5,8,6,3,6,6,7,8,10,3,11,5,6,2,7,5,5,4,6,9,6,12,7,14,6,6,7,8,8,10,10,6,6,6,6,9,8,6,7,3,7,4,11,6,11,6,2,7,8,2,9,8,7,10,8,11,7,6,12,8,6,9,6,10,11,7,8,4,11,5,6,3,13,7,8,4,10,5,4,6,8,2,8,7,7,8,4,9,1,4,5,12,5,6,6,5,6,9,10,9,3,5,6,5,7,13,6,3,7,8,6,5,8,5,7,7,3,11,8,3,7,5,4,10,9,8,7,6,9,4,4,6,2,3,8,5,2,5,10,6,6,6,5,6,11,7,7,8,7,9,7,13,4,4,10,9,12,6,6,4,9,4,4,7,5,10,2,8,15,4,11,7,9,9,8,1,7,10,12,6,9,5,5,7,10,13,5,4,9,8,4,3,7,6,5,3,5,8,10,7,3,9,8,12,9,4,9,6,6,3,5,9,8,7,9,9,8,13,5,6,8,2,12,6,9,10,6,7,6,5,12,6,4,6,7,7,9,2,6,13,7,4,4,7,8,8,2,4,12,2,5,10,8,4,5,10,6,12,9,10,11,7,6,4,4,10,7,9,10,4,9,4,7,11,8,9,4,5,5,10,6,4,2,4,7,3,8,9,5,4,8,13,7,10,7,5,3,5,7,3,9,3,4,7,3,13,5,12,8,4,6,5,5,6,4,4,5,8,6,3,14,9,3,9,6,6,2,12,12,9,15,6,4,10,5,6,9,1,3,9,3,8,8,5,8,6,9,7,7,7,8,6,7,5,11,5,5,5,8,11,8,5,10,7,11,3,8,4,13,5,8,4,8,8,3,6,4,11,7,6,4,6,2,4,8,7,7,8,7,4,6,10,5,10,8,13,5,6,8,7,10,10,6,4,6,7,5,8,7,7,3,8,5,4,6,11,3,7,6.768,11.9176474238719,1.61835257612814
7,6,6,6,13,5,12,7,5,3,7,11,5,5,5,8,9,3,9,4,7,7,8,5,5,5,9,10,15,1,5,9,14,4,8,6,6,3,2,9,2,9,5,7,3,11,5,5,5,4,7,4,6,8,4,4,4,2,7,6,9,5,3,5,7,6,5,8,3,8,7,7,11,12,6,0,6,5,10,3,11,5,9,5,6,8,6,8,5,15,6,7,11,4,8,5,3,6,6,6,8,5,9,1,7,9,5,6,7,4,5,7,7,8,13,2,5,6,9,5,7,9,6,5,14,6,7,6,10,13,7,7,5,8,1,6,5,8,10,7,10,6,8,9,5,4,6,9,9,6,7,6,6,12,9,9,11,6,4,6,4,8,3,6,12,13,5,16,8,9,14,7,7,7,8,6,7,7,2,6,6,6,2,8,5,6,12,4,16,14,6,5,8,6,5,12,6,7,9,7,5,7,4,6,6,9,9,8,4,10,6,7,10,8,9,6,5,6,11,3,7,0,7,3,3,3,7,10,10,5,8,8,5,7,7,5,4,5,5,7,8,9,4,5,12,5,4,8,4,4,12,6,8,11,6,7,8,7,8,6,10,7,5,7,4,7,10,4,3,9,7,10,6,8,8,7,9,7,5,7,7,7,3,6,7,5,1,8,15,5,12,3,6,8,5,5,4,5,7,13,5,9,5,8,9,4,5,11,7,7,6,3,3,5,6,6,5,11,6,9,7,4,8,8,3,7,7,8,6,8,8,8,10,8,6,3,8,13,7,6,9,7,2,9,3,10,3,7,12,8,8,5,7,2,3,9,8,8,5,6,6,4,6,2,8,4,4,3,6,1,6,3,6,6,8,8,5,2,9,9,5,7,2,11,13,9,7,8,6,4,7,5,3,6,4,7,5,7,5,4,7,2,10,13,7,3,8,6,4,12,11,5,12,12,9,6,4,10,5,4,7,10,10,7,11,16,12,6,4,6,13,7,8,3,4,6,8,12,6,7,9,3,3,4,3,2,4,9,5,13,11,6,2,5,7,9,6,8,7,15,9,9,9,10,8,7,6,1,5,12,5,3,5,9,5,9,7,7,4,6,5,15,8,1,5,4,10,3,6,2,11,8,9,4,6,1,9,7,6,3,10,7,8,5,6,6,9,7,6,7,13,4,7,7,3,5,8,2,8,10,4,4,7,6,12,9,8,7,3,8,6,7,6,11,4,6,6,6,8,8,8,2,6,5,6,9,4,6,3,7,9,6,5,6,8,9,9,7,7,4,6,9,3,7,11,4,5,4,8,10,1,5,12,12,6,4,3,8,4,7,8,7,7,4,5,13,12,4,8,9,5,4,8,11,9,7,8,9,6,5,6,10,10,7,3,7,6,2,9,12,7,7,12,8,5,5,6,3,5,5,12,10,14,8,5,8,15,6,6,7,3,10,6,5,4,6,6,4,6,7,5,6,3,6,5,7,3,9,6,6,1,7,8,5,6,4,4,3,5,4,6,8,10,9,5,9,5,6,6,3,12,8,6,7,9,5,11,5,6,9,7,7,6,11,6,11,4,10,10,6,8,9,2,8,7,8,9,5,5,9,10,8,8,6,7,14,7,8,3,11,5,6,4,7,5,3,7,4,7,6,8,11,7,4,3,7,6,6,10,9,6,5,4,11,6,6,8,9,5,5,8,11,3,9,2,4,10,2,4,5,9,5,10,6,8,5,6,3,6,4,5,3,5,7,6,8,6,8,7,4,8,13,5,4,4,4,4,12,5,10,7,6,10,2,10,6,7,5,6,5,7,9,8,6,10,4,10,10,3,7,9,9,8,7,4,4,8,7,7,5,10,7,6,11,6,6,9,9,11,6,6,5,6,6,6,5,6,4,5,7,6,6,4,12,10,9,9,6,6,8,5,5,14,15,9,9,4,9,9,10,10,8,8,3,2,6,5,8,9,8,5,5,10,6,4,8,9,8,10,7,10,8,5,3,13,7,7,5,7,7,6,4,14,8,9,8,8,10,7,6,4,5,8,9,5,3,7,5,8,7,5,9,7,4,8,8,10,8,7,8,9,9,9,6,9,5,4,3,6,9,5,7,4,11,1,8,11,7,8,4,6,10,11,3,12,6,3,10,7,2,13,7,8,8,10,5,10,7,4,5,5,10,7,4,5,2,8,8,3,7,4,9,7,2,3,4,8,9,6,10,5,4,8,1,10,12,2,9,8,8,9,1,8,11,7,5,4,7,8,5,10,10,8,8,8,4,10,4,10,10,6.811,12.2096761257099,1.41232387429009
4,5,9,6,10,9,6,5,6,7,2,6,6,6,5,5,5,4,11,1,2,5,8,5,5,5,10,6,10,4,2,5,7,10,11,7,5,1,6,10,8,10,6,9,5,5,6,3,5,8,7,6,4,2,7,4,7,5,8,6,11,5,5,9,4,5,5,9,4,7,8,12,9,9,5,5,6,6,6,2,8,8,6,8,3,7,10,4,2,5,5,7,9,4,6,4,6,4,1,2,12,5,6,3,11,9,10,3,6,7,6,3,2,6,9,6,13,4,5,2,6,5,7,3,10,3,4,7,9,17,7,3,7,9,3,7,7,6,7,8,9,7,2,3,13,7,13,3,4,8,10,7,8,7,8,12,13,4,10,6,12,7,7,3,6,11,5,9,5,5,7,7,8,6,8,6,9,7,7,11,7,7,6,8,4,6,7,8,8,4,4,5,8,6,7,7,7,3,8,4,9,8,9,6,11,4,10,11,8,12,8,3,4,5,13,3,10,7,6,1,6,5,6,9,9,5,3,8,6,4,12,10,5,7,7,10,6,6,5,4,7,4,8,5,4,6,3,5,8,8,4,7,2,7,7,6,5,6,6,7,5,4,11,6,5,11,10,4,5,3,6,8,10,11,9,7,6,8,9,5,5,8,4,6,5,11,1,9,8,8,3,10,7,14,3,3,6,4,8,9,7,7,9,13,7,9,8,6,9,6,5,9,9,7,12,7,8,8,4,3,11,7,3,7,3,5,7,9,4,8,6,7,7,6,6,6,9,4,4,11,9,2,6,7,5,8,9,3,3,5,7,2,4,6,4,6,6,2,7,6,5,9,8,7,4,5,7,3,4,5,3,5,4,12,9,9,10,9,5,6,6,12,3,11,10,4,9,6,5,8,7,8,3,3,7,7,8,8,9,5,4,3,7,1,7,7,8,7,8,7,6,11,7,6,6,5,6,9,10,2,2,7,11,2,7,4,7,10,7,4,8,8,10,6,12,8,7,6,7,1,2,4,16,5,11,6,7,8,7,10,10,13,5,5,5,4,3,8,10,9,8,2,10,9,3,6,4,6,9,7,7,7,5,10,4,4,5,7,2,6,4,13,5,5,6,8,9,8,6,5,11,10,6,6,4,7,8,6,4,5,6,11,10,2,3,6,3,10,12,11,7,4,5,6,2,10,8,5,7,9,2,2,8,6,6,5,8,10,5,7,6,8,16,7,5,4,8,6,6,7,4,4,6,8,11,7,9,6,6,6,7,3,10,11,5,8,4,2,10,5,5,5,6,9,4,5,8,7,2,11,1,10,7,10,4,5,1,7,8,5,9,8,14,6,4,8,4,2,9,11,9,3,11,5,6,6,7,7,8,7,6,4,4,6,0,4,7,9,7,4,8,5,9,10,7,5,12,5,10,5,5,5,10,7,4,8,6,5,2,8,6,7,10,7,8,11,7,7,8,6,7,19,4,5,5,11,6,4,5,12,7,9,4,3,7,4,6,2,11,5,4,6,6,5,9,10,5,8,4,6,8,11,13,5,6,9,4,9,4,0,8,5,6,13,6,8,3,12,3,5,6,4,6,6,6,5,7,9,1,7,3,5,4,7,8,11,6,9,3,7,7,6,6,4,7,2,8,4,5,6,6,3,8,4,6,6,6,5,8,7,7,6,7,4,7,9,7,6,10,6,6,4,8,8,10,5,6,6,6,4,8,5,6,8,5,9,9,6,12,9,7,6,10,5,2,3,8,10,7,6,6,8,6,5,3,5,1,6,7,8,7,11,6,3,0,12,7,7,8,10,6,6,2,10,8,5,6,9,10,3,5,7,3,3,10,6,12,6,2,5,6,4,6,4,6,4,5,7,8,5,5,10,7,5,8,3,6,10,4,5,3,7,2,6,5,10,9,9,6,9,5,7,7,6,9,4,6,9,5,5,3,3,10,1,4,9,9,9,2,2,8,4,5,4,5,2,10,6,4,7,4,14,7,8,8,5,2,11,7,2,4,5,1,4,1,6,8,9,9,6,5,12,8,10,6,9,5,7,6,12,8,8,6,10,7,6,8,5,5,14,7,6,7,12,5,6,6,5,8,6,6,8,7,8,5,3,9,4,9,9,6,7,6,7,6,9,8,5,11,3,4,9,10,3,5,8,7,5,10,4,3,5,3,5,7,6,6,4,6,8,6,7,5,5,3,4,6,3,5,12,3,2,9,2,6,5,7,8,2,4,7,6,7,9,4,11,6,8,4,7,8,6,8,6,10,9,6,7,10,3,6.509,11.7429890974545,1.2750109025455
10,10,12,5,5,10,5,3,9,8,9,1,7,2,9,10,11,4,4,4,2,7,7,6,3,8,3,6,9,6,9,4,9,6,8,10,6,14,5,6,8,8,7,9,4,8,5,3,6,6,8,4,7,7,5,11,5,8,7,1,4,4,5,7,9,4,5,2,7,10,9,10,7,5,7,6,4,4,3,7,10,2,8,10,8,6,6,9,8,6,7,7,8,3,7,4,6,7,6,5,8,5,5,3,8,6,6,4,5,3,7,5,9,4,9,5,9,3,8,4,5,5,3,6,7,8,7,12,5,12,3,3,5,12,6,4,4,7,11,8,1,8,5,8,8,5,13,9,8,7,8,7,2,6,7,9,10,5,11,6,4,8,5,3,5,5,9,16,10,11,5,9,2,9,9,4,7,8,12,4,9,11,5,8,7,6,6,8,11,11,3,9,8,9,10,5,3,2,6,10,0,6,6,11,6,11,3,3,5,1,6,7,7,3,9,6,3,4,7,5,6,8,4,5,3,4,7,4,7,5,6,1,3,4,7,6,8,9,4,11,4,3,8,4,10,1,8,6,5,4,6,8,9,9,6,12,8,5,7,4,4,12,9,6,7,10,9,7,6,6,4,7,4,7,5,8,7,9,9,18,7,5,7,9,7,6,7,5,6,6,8,7,7,5,4,6,4,6,7,6,8,8,3,7,8,9,5,4,6,5,4,5,7,8,8,9,7,7,9,7,6,4,9,6,7,4,7,9,8,6,4,2,8,4,4,6,11,7,3,6,14,5,5,7,6,6,5,5,6,3,6,1,6,2,9,7,10,8,4,10,2,5,7,4,7,5,7,3,6,9,5,6,7,6,7,6,5,8,9,9,3,8,7,5,6,4,8,12,4,2,7,10,5,6,7,4,2,3,8,5,8,3,6,5,7,8,13,8,6,8,7,7,5,11,14,12,2,8,9,7,6,2,4,2,14,9,10,3,2,4,7,4,7,1,7,10,3,8,4,5,8,8,4,8,5,4,5,8,5,6,10,1,6,3,7,2,5,12,8,14,7,3,7,5,4,2,5,2,9,9,12,3,6,6,8,9,6,3,2,4,9,13,4,4,8,8,7,12,7,3,5,5,2,8,9,2,7,7,9,5,8,9,8,12,6,4,5,4,4,8,3,4,8,8,6,4,8,7,3,9,9,4,4,8,6,6,8,4,4,7,9,3,9,9,6,3,11,4,11,5,6,3,9,9,5,7,11,6,4,5,7,7,9,7,10,3,8,9,11,9,6,5,3,7,4,4,9,4,5,8,5,11,7,8,3,4,8,4,3,9,14,5,7,8,10,7,5,3,5,10,11,3,7,8,9,6,10,4,8,6,11,11,4,8,9,10,6,7,4,7,4,7,6,4,3,8,7,5,5,5,8,6,5,4,6,2,9,5,3,4,5,5,4,5,5,12,7,6,5,5,7,8,5,9,6,4,4,4,7,8,4,3,8,6,7,12,6,8,9,7,7,6,7,7,5,5,5,4,7,7,3,5,6,8,10,6,2,7,8,13,7,8,3,6,1,10,8,6,4,5,5,13,4,8,6,4,7,5,2,7,8,8,4,8,4,6,5,8,8,5,12,6,6,3,1,5,5,5,4,7,5,5,4,6,9,4,11,4,5,5,5,6,8,4,3,8,11,4,9,8,12,7,6,7,7,7,10,4,7,10,11,6,14,4,10,4,14,2,6,4,5,7,8,1,4,3,8,7,8,9,6,11,10,5,3,6,5,8,9,6,7,7,7,6,2,12,6,3,4,8,6,9,6,14,9,6,6,8,6,6,4,4,5,6,8,5,7,7,3,5,10,9,6,11,3,5,4,6,8,5,3,7,3,6,5,7,9,7,8,9,7,4,3,9,1,2,4,13,5,8,9,6,8,7,7,10,8,10,5,10,9,1,9,4,4,3,10,7,4,8,9,8,5,3,6,12,4,4,9,7,10,5,12,6,7,9,8,3,6,4,11,7,5,13,12,12,6,4,9,9,9,7,7,7,9,3,6,3,7,5,4,5,16,5,3,10,9,9,5,10,8,5,10,4,9,7,4,10,8,6,6,5,7,10,3,3,1,8,6,15,4,3,3,12,11,5,4,2,5,9,11,6,8,6,5,5,3,7,4,5,4,11,2,8,3,5,6,3,9,6,4,8,8,9,1,5,2,8,8,9,8,5,4,8,4,9,6,10,11,8,3,4,4,8,2,7,9,5,8,5,6,6,4,4,5,7,4,9,3,11,6.473,11.7542932063588,1.19170679364119
7,1,6,4,11,6,4,8,4,8,5,6,7,3,6,2,13,5,5,4,4,6,5,5,3,3,12,4,2,7,5,4,4,5,8,13,7,5,3,7,5,6,4,9,10,10,4,8,8,8,6,5,5,5,6,10,7,8,4,5,5,6,8,4,3,6,2,4,3,9,8,3,4,2,7,6,6,9,2,11,5,7,9,4,6,3,2,11,3,9,7,3,6,7,4,7,6,9,3,5,7,5,2,10,7,2,10,6,6,8,8,8,5,4,9,3,6,2,5,8,6,7,3,7,5,1,7,4,7,2,8,7,10,8,4,5,10,6,8,2,11,3,2,7,4,10,6,9,2,11,4,8,6,7,3,5,5,6,11,3,7,7,3,5,5,6,7,6,4,5,4,10,6,4,8,8,6,5,7,7,9,7,6,8,7,2,9,3,7,13,7,7,4,7,8,7,5,3,7,9,7,2,10,6,4,5,8,8,8,6,8,7,9,2,11,7,5,4,9,4,6,2,6,7,8,8,5,3,6,9,10,5,2,9,9,7,5,6,5,11,3,13,6,7,10,2,4,3,7,7,8,5,6,6,2,5,4,9,7,4,6,9,8,6,9,7,9,8,9,5,4,11,6,8,9,7,4,6,5,7,3,11,3,5,6,4,3,7,6,8,4,7,6,12,2,3,6,8,7,6,9,5,7,8,6,7,6,4,7,8,2,2,7,4,8,5,8,10,11,3,8,2,3,10,5,9,8,8,6,5,2,8,11,8,3,5,4,11,3,5,8,7,5,7,4,9,5,7,7,5,7,5,4,3,12,13,12,4,6,6,6,8,3,8,3,3,5,4,7,8,3,5,2,5,11,8,9,8,4,9,7,7,7,8,9,4,15,5,4,9,6,9,7,4,3,6,7,8,6,5,12,7,6,6,6,2,8,2,4,6,10,4,7,7,7,9,3,8,13,4,5,8,8,3,8,10,5,11,7,5,9,7,3,5,6,5,7,6,5,6,7,12,3,3,4,3,7,8,9,8,7,5,8,5,3,4,8,8,5,6,4,8,8,7,7,9,5,9,13,9,7,5,7,5,10,4,5,3,9,5,4,9,6,4,4,5,7,8,3,7,8,7,14,8,3,9,7,3,11,6,13,6,0,10,0,2,3,7,8,5,2,9,5,4,6,4,6,2,5,11,3,9,8,7,7,4,2,2,6,7,10,8,15,7,6,6,10,4,3,3,8,5,10,6,3,6,7,10,7,5,8,8,8,8,9,8,4,6,7,3,4,3,7,12,6,8,10,2,4,8,8,5,7,5,8,3,6,9,8,6,10,6,6,7,7,7,4,5,11,10,5,5,7,2,11,6,10,5,5,8,10,6,6,4,5,9,4,2,8,6,7,7,5,4,6,4,7,4,11,4,9,2,11,7,4,12,4,9,8,5,9,13,4,3,8,10,4,5,10,11,5,8,4,5,4,3,3,6,7,6,9,4,6,6,6,3,5,7,5,2,9,6,10,5,7,10,8,3,2,8,3,4,11,8,8,7,3,4,10,4,13,7,4,9,5,5,3,8,6,5,7,6,7,8,8,4,9,8,5,8,9,4,3,8,1,8,13,3,2,3,7,2,11,8,5,7,7,2,6,6,6,15,6,2,4,3,5,8,2,10,12,10,3,11,4,13,11,7,5,4,8,5,5,7,3,7,15,6,5,7,9,7,7,2,7,6,7,2,6,4,10,9,8,7,5,10,7,4,5,3,8,2,5,3,8,7,4,6,6,14,4,7,4,5,9,12,10,3,6,4,4,8,4,7,5,8,3,5,2,2,2,8,15,10,8,4,5,7,3,8,3,5,2,4,9,9,6,4,7,12,7,10,8,3,6,5,7,6,5,7,7,6,5,6,4,7,11,8,9,9,6,8,5,6,7,5,9,5,4,13,7,9,9,8,7,5,9,15,3,6,9,5,3,3,3,4,12,8,7,7,8,6,5,11,5,3,4,12,2,5,4,3,9,4,7,10,7,8,2,13,5,8,6,12,7,1,6,8,5,6,5,4,10,5,8,7,10,7,2,12,10,8,8,8,3,8,6,6,6,3,3,5,2,5,5,4,6,3,5,4,5,9,6,13,6,5,7,3,4,5,5,9,11,3,7,2,6,3,4,4,10,7,6,5,5,9,10,6,10,4,3,8,6,5,5,5,7,9,5,5,5,5,7,5,6,5,8,5,3,3,8,7,5,7,7,8,6,8,2,5,11,4,10,2,8,3,8,10,2,10,6.305,11.5478186987448,1.06218130125522
7,4,7,8,3,4,9,5,9,1,6,8,4,3,7,2,6,5,9,2,5,7,10,4,5,2,7,8,4,4,6,3,6,7,5,9,4,3,6,6,3,6,9,6,6,5,6,4,6,4,12,7,7,7,5,4,6,3,2,11,8,7,7,6,2,7,9,7,2,6,9,7,5,6,6,7,8,5,5,3,1,10,2,3,10,6,4,6,5,11,6,7,9,9,12,4,5,8,1,5,8,7,5,8,8,12,4,8,6,3,8,5,2,8,9,10,8,6,6,3,6,8,5,5,7,7,5,5,13,8,9,4,4,12,3,4,4,6,7,6,6,6,7,9,4,10,5,6,4,12,4,3,4,2,7,13,9,8,5,7,13,8,5,6,2,5,6,9,10,5,8,6,2,4,5,5,11,3,6,12,9,7,4,8,8,6,6,8,7,6,3,3,8,7,4,6,5,7,3,4,6,8,10,7,5,6,7,4,9,4,12,3,9,6,9,6,8,5,7,3,7,7,5,11,2,2,6,7,7,3,4,7,8,6,8,11,6,7,6,7,5,5,9,7,9,6,4,3,1,5,4,6,3,12,10,8,5,8,8,7,7,9,7,7,7,12,4,6,7,4,4,13,11,1,8,2,10,10,2,14,5,5,9,7,7,2,4,6,5,6,8,8,3,11,5,2,2,9,9,9,10,8,10,15,6,7,5,3,5,2,2,5,6,11,9,4,7,12,7,7,6,5,5,10,6,5,6,10,7,10,2,8,5,5,6,4,11,6,6,6,11,3,4,6,7,5,3,5,5,6,7,4,7,7,4,9,2,4,4,2,7,7,5,6,10,5,5,5,8,5,5,4,6,11,6,10,4,4,3,4,3,4,7,6,6,4,4,8,5,9,7,12,7,1,9,11,5,4,10,4,5,6,6,9,5,6,5,8,5,9,6,5,7,5,7,10,8,5,1,8,2,2,7,2,8,11,5,11,6,6,6,3,8,2,4,3,6,7,6,5,12,7,8,2,1,10,7,10,3,6,8,4,7,7,3,9,7,8,5,7,6,8,5,9,8,4,7,3,10,6,12,5,8,8,6,3,3,10,4,3,6,6,2,9,9,5,6,3,4,3,10,6,3,4,4,6,6,7,7,9,5,4,9,3,9,4,6,8,11,7,7,8,8,10,5,2,4,6,7,7,4,0,7,6,8,9,4,5,5,7,5,5,4,11,6,7,12,5,7,4,5,3,4,8,5,4,5,11,5,8,5,5,11,3,5,9,4,7,12,4,1,3,9,3,6,4,1,8,6,6,4,9,6,7,8,3,4,4,10,5,4,5,12,5,7,5,4,7,10,6,9,1,9,14,8,6,4,4,4,8,6,8,6,9,2,7,11,3,6,2,9,6,11,10,4,6,8,4,5,6,9,7,14,7,6,3,7,4,2,6,3,7,11,7,8,9,8,5,8,5,7,13,3,11,6,9,4,7,6,7,3,8,8,4,5,4,5,4,6,2,11,9,3,9,7,10,9,5,4,7,11,3,6,5,8,8,6,2,6,6,7,6,8,10,5,3,7,10,7,7,10,11,5,7,6,7,7,6,4,6,5,3,5,6,5,10,8,7,4,10,8,6,9,3,5,5,11,4,5,10,8,4,10,0,5,5,8,10,9,11,14,5,6,9,4,3,11,7,6,6,7,8,16,5,8,10,6,4,2,6,11,9,8,7,5,5,4,5,8,3,1,6,7,3,3,11,9,6,3,5,9,4,5,4,10,1,6,7,5,9,9,4,3,6,2,7,7,6,10,10,6,5,9,8,9,8,7,7,3,4,6,2,4,7,11,8,9,11,1,3,5,3,7,10,9,9,5,8,2,3,5,5,6,9,2,4,6,9,4,5,4,4,6,2,6,6,5,4,6,5,13,5,11,12,5,5,4,7,7,6,7,4,9,1,8,8,5,7,9,9,6,12,10,4,12,5,7,9,9,7,5,6,5,8,9,7,7,7,6,4,2,5,4,5,10,7,7,11,11,10,7,10,7,4,5,5,9,9,6,5,2,4,10,6,5,4,7,5,2,10,5,6,11,5,6,8,8,4,5,5,3,7,6,10,7,7,11,5,6,12,4,4,6,2,7,6,6,7,7,5,7,7,11,4,3,6,8,4,5,5,7,9,8,11,7,8,7,6,2,5,6,7,5,2,2,5,8,6,4,5,4,3,11,10,5,11,4,8,5,8,10,6,8,7,6,5,3,6,4,7,6,6,4,9,5,4,5,8,7,8,6.308,11.4490377869771,1.16696221302286
8,9,7,4,7,6,8,7,8,9,5,6,10,5,6,4,7,3,7,3,3,10,10,6,5,6,10,7,5,4,8,9,2,2,7,7,7,8,11,6,5,7,6,8,6,8,5,3,10,10,2,5,5,6,8,7,2,2,6,4,14,3,3,4,5,1,5,4,7,3,12,6,4,10,6,4,3,5,6,5,9,3,11,13,6,9,6,5,6,8,15,6,4,4,6,7,3,4,5,6,11,7,4,6,6,4,2,6,7,7,9,6,10,4,4,4,9,4,4,5,4,7,4,8,11,5,13,4,9,10,8,3,4,7,7,13,7,12,7,6,4,4,5,9,7,5,4,8,6,5,7,7,3,12,11,12,8,8,5,6,9,6,7,5,4,7,5,10,8,6,6,9,4,5,6,11,8,4,9,8,3,7,7,17,3,6,2,4,9,6,8,1,6,10,5,13,1,5,4,6,1,6,10,4,4,8,4,5,6,5,10,6,7,7,9,6,6,4,9,3,8,7,5,5,7,7,6,9,4,5,7,6,7,7,6,7,4,3,1,4,6,7,9,11,3,2,7,8,5,6,8,4,3,5,5,6,15,4,9,7,7,7,5,8,3,12,8,7,11,3,5,6,6,10,4,0,11,10,8,6,3,7,7,7,6,11,5,7,10,8,6,6,7,9,5,9,6,6,6,17,17,8,4,11,6,8,7,7,5,6,7,3,10,8,5,9,7,9,8,7,9,7,5,5,7,6,9,10,8,13,9,7,5,9,2,3,4,5,4,9,11,5,6,4,4,12,3,3,8,2,11,5,4,6,6,5,6,6,10,7,6,5,3,5,6,3,5,7,4,4,9,1,3,5,5,5,2,5,10,2,11,2,2,6,9,6,9,5,8,5,6,10,5,5,4,3,6,5,6,3,7,6,8,6,5,10,12,5,7,4,11,6,8,10,8,9,6,3,8,6,3,2,8,8,9,8,12,8,5,2,6,5,9,4,8,2,7,4,6,3,6,6,6,4,5,5,6,12,5,9,8,2,4,2,8,10,2,6,8,4,8,8,7,7,5,5,5,11,6,5,5,6,1,6,6,5,6,4,5,6,5,5,4,4,3,6,6,6,5,5,6,3,4,7,2,2,6,5,4,5,3,6,9,4,5,7,2,5,4,8,4,3,6,6,8,3,5,2,5,10,8,5,5,8,5,8,7,9,4,4,4,3,9,12,2,3,10,2,7,4,2,3,4,3,5,8,4,3,5,5,7,8,7,8,8,3,4,7,2,9,7,6,4,4,9,9,8,3,5,1,7,13,10,12,8,6,5,8,12,2,9,7,8,7,5,8,5,1,5,6,12,1,9,4,10,8,7,4,4,3,6,6,4,5,8,2,6,6,11,11,9,8,10,4,5,5,8,2,6,3,8,3,8,8,7,6,9,8,8,7,8,3,10,4,3,8,7,3,5,9,7,4,7,3,6,9,6,4,8,7,7,4,4,5,8,6,6,4,12,6,7,6,2,7,11,5,9,10,7,1,11,7,4,4,6,11,2,7,5,4,5,9,4,10,4,5,3,7,6,3,8,3,8,6,1,4,11,5,5,3,5,5,7,9,9,6,6,9,6,9,8,5,5,4,5,7,9,3,5,9,4,8,6,2,7,4,7,7,3,1,6,7,7,6,7,7,6,8,8,4,7,11,6,3,4,3,12,5,2,8,13,7,4,6,6,7,14,5,8,9,8,3,11,2,3,2,8,9,4,7,6,8,7,4,1,6,7,9,8,12,5,2,5,0,13,12,7,4,0,6,7,6,7,2,8,11,4,5,5,8,8,5,6,6,5,8,5,6,2,2,5,7,7,5,9,6,7,5,7,3,3,9,5,3,7,7,6,9,5,7,8,6,4,8,4,4,3,8,5,7,8,8,9,5,9,5,3,5,5,9,6,6,6,4,3,12,4,10,4,8,5,8,6,1,1,4,12,10,10,9,3,7,4,6,3,11,7,9,6,2,5,6,12,4,5,5,8,7,7,8,7,7,7,6,4,5,6,9,4,9,9,4,10,5,10,5,11,8,9,17,10,8,12,3,9,7,2,5,7,4,5,6,4,14,7,4,7,8,3,9,3,7,8,8,4,6,9,1,6,4,14,5,5,8,4,8,8,6,7,7,6,7,5,6,5,5,10,8,7,6,6,2,7,6,6,1,4,3,6,8,9,10,6,3,7,5,4,9,3,4,5,6,5,4,4,4,5,5,5,8,9,4,8,4,10,7,3,3,10,8,6.244,11.5082249350276,0.979775064972366
6,1,12,3,5,5,9,3,7,4,6,8,5,6,9,8,11,5,6,7,1,5,9,4,8,2,2,6,4,8,7,3,6,8,9,11,5,9,9,4,6,7,7,7,5,3,4,6,1,7,9,5,8,7,3,5,2,4,7,5,7,5,9,6,5,6,6,5,6,4,4,5,6,7,4,3,7,4,5,3,6,4,11,9,4,10,3,8,8,3,7,11,6,2,4,8,6,6,2,4,10,3,7,8,6,6,9,8,7,5,9,8,7,3,8,4,7,4,10,6,7,5,3,6,7,5,6,10,7,6,2,2,7,8,6,8,8,4,5,11,6,13,8,4,8,7,12,6,3,6,7,4,13,9,5,9,4,2,4,8,7,8,5,6,6,11,5,9,7,3,6,10,2,7,3,5,11,10,3,11,7,10,1,7,6,7,10,7,6,7,4,4,6,11,8,7,8,3,2,6,12,8,4,4,11,5,7,8,5,5,8,2,8,9,8,6,5,6,7,4,6,5,4,4,3,2,2,6,7,5,7,6,7,8,11,4,6,4,6,8,0,5,10,5,10,4,10,6,8,5,4,8,8,4,6,5,5,6,8,5,11,11,1,8,9,9,6,5,6,2,2,6,8,8,7,7,5,8,6,6,8,5,6,6,4,9,2,7,4,8,10,2,6,9,1,6,4,3,2,9,5,5,2,9,6,6,7,3,8,8,6,4,6,5,6,8,11,4,8,5,4,8,4,8,4,10,7,7,6,7,4,2,9,7,5,3,11,5,3,6,6,5,8,8,5,8,4,9,8,5,5,5,8,3,6,11,10,8,2,10,7,12,9,3,3,3,7,4,8,5,5,5,8,3,11,7,6,4,1,9,3,8,4,0,8,3,10,6,4,8,1,7,6,7,7,8,7,4,4,4,8,4,5,7,3,4,8,7,7,8,6,9,4,6,12,5,3,10,13,7,3,3,7,4,7,7,6,4,4,4,6,8,5,6,6,6,6,9,10,5,7,7,5,7,7,5,6,6,5,5,9,5,3,6,9,9,4,9,7,6,5,6,7,10,6,5,7,5,11,7,4,5,6,6,11,4,6,4,6,11,2,11,4,1,4,7,6,5,5,10,10,4,3,4,5,9,7,7,6,6,6,5,8,7,2,5,7,4,6,4,12,4,5,5,3,4,7,4,5,7,4,5,5,7,5,6,9,3,4,5,9,3,6,4,10,10,7,5,5,11,2,8,7,7,6,8,4,9,2,1,7,6,5,4,11,4,5,3,10,12,7,6,3,11,4,7,11,5,5,8,5,7,13,1,7,4,9,7,7,8,7,7,13,7,5,7,9,4,4,10,4,3,5,11,8,11,3,9,5,7,11,7,8,7,3,6,3,4,4,4,6,1,4,5,4,7,3,3,4,2,5,5,5,9,8,1,5,6,3,6,5,8,4,6,7,5,4,5,5,9,2,9,7,5,4,11,8,7,10,7,6,6,7,5,3,6,4,5,8,5,7,5,5,6,8,6,9,5,3,8,12,6,8,5,5,3,7,7,5,10,3,4,2,3,3,4,4,6,5,4,8,9,4,4,3,6,8,9,2,4,6,11,4,11,8,10,2,8,4,9,9,5,8,8,5,9,8,5,9,3,7,6,10,4,8,3,4,2,4,11,5,6,3,6,4,6,8,8,6,9,3,7,8,7,6,8,11,8,4,5,8,4,11,6,8,5,10,2,5,5,7,7,10,6,4,7,7,6,3,7,4,12,9,5,5,6,7,9,3,8,3,6,4,5,3,10,5,4,12,5,5,4,7,6,6,7,4,12,11,10,9,7,4,5,10,5,8,3,6,6,5,2,6,5,8,2,2,5,10,9,4,9,6,10,7,4,6,9,5,6,5,4,3,6,6,5,4,9,3,8,3,5,8,10,7,3,8,6,3,10,6,6,5,7,7,2,4,5,9,6,5,7,6,4,2,9,8,3,2,4,10,9,9,11,5,8,8,9,6,8,8,3,8,7,5,8,5,7,5,9,6,7,6,10,5,7,6,2,5,4,6,9,10,7,4,2,11,9,4,6,12,7,6,9,10,6,5,2,6,6,6,9,3,6,3,4,7,6,7,5,2,3,5,7,7,4,7,3,5,7,8,5,9,8,1,6,10,3,6,4,5,5,5,6,7,7,5,5,7,5,5,4,4,5,2,7,4,3,2,3,11,5,9,5,9,4,5,6,6,9,8,5,7,7,10,7,5,11,4,3,10,5,5,4,5,6,6,5,9,7,6.128,10.9607796333564,1.29522036664359
8,6,5,5,10,8,8,5,7,5,4,7,7,5,9,8,7,4,10,5,3,6,9,4,6,5,6,8,8,4,7,9,5,8,8,7,7,7,4,7,5,5,8,5,5,8,3,5,8,7,7,9,8,13,5,4,2,4,6,9,5,8,8,1,6,7,10,4,4,12,5,8,10,8,3,3,5,5,6,4,4,6,5,7,7,11,3,11,4,8,6,7,10,3,4,5,8,3,4,10,7,6,2,5,8,5,7,9,5,5,8,8,7,5,8,5,12,4,8,4,9,2,7,3,12,8,4,9,7,2,1,6,5,5,2,5,4,6,11,8,1,7,6,4,7,10,9,2,6,7,5,1,5,8,7,4,4,8,8,2,14,6,9,7,1,6,4,9,5,4,4,8,10,6,6,5,6,1,5,2,11,5,5,6,8,0,6,6,12,6,2,4,7,8,12,3,11,8,6,7,2,8,13,5,5,11,6,7,10,3,6,5,9,5,10,6,6,6,6,6,5,9,4,2,6,4,1,2,2,3,7,4,7,6,4,6,2,7,1,7,5,6,9,4,10,5,1,3,3,7,2,8,6,7,5,9,6,9,8,8,4,6,6,11,7,11,8,3,6,7,3,10,7,6,7,9,4,4,7,4,6,5,7,7,4,6,3,5,5,6,8,5,8,10,11,3,6,9,9,7,8,5,5,6,7,8,3,5,4,8,6,4,13,4,12,5,9,4,5,5,4,3,4,9,6,2,6,12,5,6,6,6,13,4,8,5,9,9,3,6,6,3,4,7,5,8,5,4,6,5,6,5,4,6,11,9,12,7,4,10,4,12,8,6,9,4,8,2,5,5,3,6,3,9,5,9,8,7,7,12,5,10,4,7,9,6,7,5,5,4,4,8,5,5,5,5,3,5,6,4,9,5,3,4,9,4,10,3,6,12,12,7,8,5,9,7,1,6,5,8,8,5,7,5,9,9,5,6,11,3,5,4,8,4,7,5,7,7,5,10,4,10,6,2,5,3,9,9,7,7,5,2,5,8,5,5,4,8,10,8,2,4,5,9,6,3,5,9,6,8,7,8,11,13,5,6,9,2,4,6,4,7,4,6,1,6,10,6,3,7,7,10,11,3,10,7,11,5,10,7,5,6,5,7,7,4,5,3,6,5,6,3,8,7,10,7,6,7,4,7,9,3,3,5,11,6,4,5,3,7,5,5,8,5,5,2,4,3,9,7,8,3,6,9,7,6,5,5,8,3,4,7,11,5,6,4,5,10,7,5,2,8,7,4,7,7,7,6,5,5,3,7,7,4,7,4,7,6,8,5,14,5,7,6,8,4,12,5,4,10,7,1,9,6,6,5,8,7,9,10,7,9,5,7,7,8,7,6,5,7,6,8,3,6,9,6,7,7,8,0,11,11,7,9,7,3,5,6,5,6,4,4,7,7,7,9,8,8,4,5,7,6,4,2,6,7,2,4,2,9,6,3,12,10,8,9,4,5,2,9,6,8,2,5,13,5,7,5,3,3,7,3,5,7,5,8,5,5,6,5,8,5,3,6,6,5,6,10,4,7,5,8,5,3,8,4,6,5,1,8,5,6,6,5,7,8,8,6,5,8,10,6,6,6,6,12,8,3,5,9,3,8,10,9,4,4,7,5,1,4,4,5,4,9,5,5,6,6,5,4,7,4,9,6,9,8,11,3,4,6,8,8,7,2,7,3,7,4,3,5,8,5,2,8,1,4,7,6,3,7,14,8,3,8,5,9,2,7,8,12,2,6,3,7,5,8,3,5,7,6,4,14,3,7,7,5,6,5,7,9,3,5,6,11,7,10,3,7,2,2,9,6,6,6,7,10,8,5,7,5,4,5,2,7,4,5,8,5,7,10,5,8,3,9,4,9,8,6,4,9,4,4,5,9,1,3,8,6,2,4,8,8,13,7,6,4,8,6,6,8,4,9,9,1,3,6,4,9,9,9,10,5,8,9,9,7,9,5,7,8,6,2,7,10,5,9,3,3,3,9,5,5,4,6,7,1,5,10,3,1,5,7,4,3,4,4,6,7,2,13,8,7,2,9,3,9,5,8,9,3,7,10,7,12,3,6,9,5,11,10,3,7,7,6,3,2,6,1,6,8,5,6,11,3,8,4,4,5,6,12,8,7,5,4,6,5,11,5,3,5,5,9,5,8,4,2,3,6,4,7,4,4,5,10,4,5,6,6,6,3,6,7,1,9,6,7,10,10,9,5,11,3,7,9,5,4,7,7,1,8,6.16,11.141971806733,1.17802819326695
8,3,6,15,6,6,3,8,7,6,5,5,3,4,6,7,11,11,6,3,3,6,5,3,6,2,1,5,6,4,8,4,8,8,3,9,11,5,8,1,6,4,6,9,2,12,5,7,7,5,4,5,5,5,5,7,7,4,1,5,8,8,6,5,3,4,9,6,6,8,6,5,7,7,3,6,6,4,6,8,4,10,5,6,5,5,6,7,7,6,8,6,5,6,3,4,3,6,2,5,5,7,5,7,9,3,10,4,7,7,7,11,7,9,6,6,6,6,8,6,3,7,5,5,7,5,3,3,11,5,13,5,3,2,4,2,9,8,2,10,4,6,6,6,5,5,9,5,3,9,5,6,7,6,7,9,5,7,6,5,10,9,3,4,6,6,7,7,6,5,2,8,5,5,3,8,8,6,8,8,8,11,6,9,10,5,5,5,6,11,5,4,7,11,6,11,4,6,6,9,6,7,12,5,9,3,4,4,5,4,6,4,6,5,10,8,4,4,9,5,8,4,6,6,5,4,5,6,8,5,9,5,5,7,6,5,10,3,2,8,5,6,10,6,7,6,3,2,8,3,6,3,6,5,6,10,12,7,7,5,6,8,3,10,8,7,11,9,7,3,4,3,7,5,9,7,5,14,6,9,3,11,4,6,9,7,5,6,5,3,4,9,5,14,4,6,4,4,3,7,9,4,7,7,6,4,6,6,7,8,7,6,10,9,6,9,8,5,9,2,20,3,6,4,7,5,8,7,6,9,6,4,7,4,3,8,6,6,2,5,7,6,6,1,7,8,2,4,3,8,6,5,1,8,8,9,6,3,5,7,7,8,4,5,6,2,8,9,5,5,5,6,5,10,5,8,5,12,6,9,6,7,7,5,5,5,9,8,4,5,6,1,5,7,3,2,8,7,8,2,9,5,6,3,9,5,12,13,6,9,8,3,8,7,12,9,6,8,6,7,8,5,6,8,4,5,17,6,6,7,7,3,4,6,8,5,4,6,3,5,7,12,8,6,6,6,8,12,5,6,6,6,5,3,3,4,11,4,4,10,8,6,7,8,6,4,3,7,10,6,9,4,6,7,4,7,7,5,6,9,3,8,7,3,8,8,7,5,2,1,8,5,7,11,7,4,6,5,7,5,5,10,6,12,3,6,4,5,13,8,7,7,7,4,6,2,4,4,3,6,9,4,5,10,7,4,3,4,4,4,5,9,12,6,5,8,8,2,5,3,7,8,5,7,8,5,6,6,6,9,7,12,8,2,5,6,4,9,12,6,1,4,7,10,7,8,4,3,4,9,3,5,8,7,2,5,9,3,6,7,6,7,10,5,8,8,6,10,7,12,3,3,7,7,9,2,10,2,9,7,7,6,7,9,7,9,6,2,7,4,6,4,7,3,2,5,10,6,4,6,9,9,9,6,6,5,7,8,2,8,6,6,7,9,6,9,4,5,7,4,9,5,4,3,6,4,2,10,6,8,7,7,4,2,3,3,8,2,8,6,7,7,4,2,11,8,5,6,5,6,6,6,5,5,11,13,5,6,10,5,5,8,7,18,2,5,7,15,8,7,5,5,10,6,5,3,10,3,5,6,4,5,7,8,4,7,5,7,6,2,9,3,6,3,3,8,14,6,5,16,6,7,4,2,7,4,9,8,4,8,5,6,9,11,6,7,5,8,7,7,6,5,6,4,7,0,5,4,9,8,9,4,8,3,4,8,6,7,9,4,3,8,7,1,5,12,6,6,9,5,11,4,8,6,6,8,8,9,4,9,4,7,7,4,7,7,10,5,8,3,3,6,2,4,5,4,7,5,4,4,5,8,7,6,6,5,2,8,4,3,6,5,5,6,5,6,3,5,6,4,6,10,7,8,7,5,3,7,6,10,6,2,7,5,6,7,8,10,5,4,8,3,6,6,8,6,5,6,4,10,7,4,5,6,4,5,10,6,8,4,10,4,6,6,7,3,12,6,7,5,5,7,8,10,10,7,7,6,8,6,7,5,1,10,6,8,6,7,3,12,10,6,4,11,6,2,4,6,4,8,9,7,7,8,3,5,3,6,10,9,8,10,5,2,13,9,5,5,8,12,12,6,2,7,1,4,5,4,5,4,7,3,6,7,5,6,3,3,9,5,9,5,10,4,12,6,5,4,12,4,2,11,5,7,9,5,10,5,5,4,4,6,7,3,4,3,3,8,8,6,11,10,6,9,6,5,3,8,5,4,7,6,6,7,6,2,6,6,5,5,7,5,5,2,6,4,4,6,8,4,6.197,11.1788911454371,1.21510885456286
9,6,8,3,9,5,3,4,2,5,4,3,6,3,5,3,6,5,4,5,5,8,9,5,8,7,6,3,10,8,5,8,6,3,5,10,11,10,8,4,2,9,10,8,6,7,6,5,5,4,8,6,4,5,10,7,5,4,3,8,8,10,10,10,8,6,5,5,5,5,11,7,2,5,9,5,7,9,6,5,3,6,9,8,9,7,6,7,10,8,12,6,6,8,5,8,9,6,6,4,14,6,5,8,7,12,5,6,5,6,7,4,2,2,7,3,11,9,10,6,4,6,4,8,7,2,12,3,13,7,7,6,4,4,1,6,8,2,6,8,5,6,8,5,7,10,7,5,5,8,3,7,4,6,8,11,8,6,5,7,7,7,3,2,3,10,7,8,8,7,9,9,5,2,3,11,7,6,7,5,6,8,6,7,11,4,6,7,10,4,3,4,7,3,10,10,8,4,8,10,4,5,8,10,5,5,7,7,10,8,2,2,6,6,13,4,3,5,4,5,5,7,9,4,4,5,7,7,10,10,6,4,6,8,13,7,10,3,5,8,6,4,16,9,4,5,10,5,3,9,5,6,2,8,5,2,15,5,10,7,16,2,3,5,4,11,5,6,9,10,3,8,9,9,8,6,3,8,6,6,8,8,9,4,7,7,4,8,10,8,4,9,9,9,5,4,6,4,3,12,2,10,5,8,9,14,1,5,6,7,7,3,9,8,6,7,3,8,5,7,6,2,6,8,8,6,9,9,9,7,2,5,6,10,3,7,4,7,2,3,7,6,5,8,5,6,5,3,12,6,7,7,6,5,5,7,3,8,5,6,5,6,4,3,3,6,1,7,5,3,5,5,5,8,12,7,8,2,8,6,5,6,5,3,10,8,9,2,2,7,2,9,4,11,8,6,10,10,7,3,4,3,8,3,6,6,11,8,4,7,9,5,8,6,8,7,5,8,5,2,1,3,7,7,3,8,6,10,7,6,7,4,6,4,3,2,9,7,7,7,4,5,9,3,3,6,3,14,2,7,9,4,9,9,5,8,3,5,7,3,5,7,5,7,5,6,5,10,11,7,11,5,10,9,13,4,8,5,2,8,4,10,2,6,6,10,3,5,12,6,10,3,7,5,1,4,6,5,7,4,5,8,9,6,5,6,9,10,8,5,7,7,4,10,5,6,2,5,6,2,2,4,5,4,3,4,5,5,3,5,2,5,7,7,7,3,5,5,7,3,8,4,7,6,9,5,7,6,8,10,7,4,4,6,7,7,6,7,6,4,1,6,5,17,11,8,8,4,9,9,6,6,3,3,6,4,7,6,9,9,9,8,14,6,8,9,12,7,9,12,2,3,11,9,5,6,9,7,4,10,10,10,12,12,7,7,4,4,3,4,8,7,6,5,11,6,15,5,5,3,3,5,15,5,5,7,3,13,4,8,6,2,6,4,5,5,4,8,5,4,8,5,8,8,6,11,4,5,7,5,4,4,5,8,5,7,7,5,6,7,6,5,2,7,4,9,6,7,5,10,9,9,2,6,9,2,5,4,7,9,9,7,1,6,5,3,3,6,6,6,11,6,5,5,6,6,4,3,10,11,4,4,4,3,8,8,9,5,4,6,9,4,5,2,10,6,5,6,4,9,4,4,7,5,6,7,4,7,6,1,14,5,3,8,7,7,8,8,7,11,7,9,7,4,5,12,7,7,5,7,5,9,9,5,5,9,10,5,3,6,8,9,5,9,4,5,10,6,9,8,7,11,5,5,11,6,4,8,4,5,2,1,7,5,6,6,7,8,5,10,6,15,4,8,9,13,3,8,8,11,5,8,10,6,5,7,7,4,6,1,6,9,5,10,7,6,4,1,5,8,5,5,8,5,5,3,8,12,7,6,5,6,4,3,3,8,10,9,4,7,8,4,8,7,7,3,11,9,5,12,3,4,7,4,1,5,7,5,10,2,9,1,4,3,4,7,7,4,4,8,5,5,8,5,9,13,8,7,5,3,6,2,8,8,3,6,9,4,2,7,4,5,3,8,9,1,7,10,3,6,10,5,10,6,2,6,5,7,8,5,6,5,4,8,3,3,3,3,7,9,5,6,7,12,5,8,7,8,5,7,7,4,5,6,8,10,8,4,4,6,5,12,12,6,7,8,9,3,7,6,6,8,5,11,4,7,11,12,1,6,3,5,7,9,6,6,4,4,4,7,7,7,7,5,3,7,5,16,8,5,5,3,6,6,4,11,6,2,3,7,9,5,8,9,9,4,4,12,4,9,6.344,11.6072021545177,1.08079784548234
7,8,4,4,5,4,13,8,5,11,8,3,7,9,5,10,7,2,6,6,1,10,6,6,9,7,9,8,6,5,6,5,5,8,8,7,3,11,9,7,1,7,2,6,4,4,5,7,7,4,4,5,7,6,5,10,4,2,7,5,5,6,2,3,3,7,11,7,7,4,4,11,6,6,5,2,8,7,8,5,9,5,1,7,9,12,4,12,10,6,7,8,6,4,6,6,6,6,5,3,7,2,6,4,4,5,9,4,6,10,9,1,7,3,5,5,11,4,3,9,10,4,10,7,10,4,8,7,11,11,3,10,9,8,5,7,7,4,6,6,3,5,6,5,9,8,6,4,7,10,4,7,7,10,9,10,10,6,7,4,5,10,4,7,3,5,5,3,8,6,8,15,6,8,6,8,9,5,4,10,6,8,4,8,8,6,3,5,7,7,9,8,8,6,8,9,6,4,4,10,11,7,11,2,5,8,10,3,14,5,8,1,8,12,10,10,10,8,3,5,6,3,4,4,8,4,5,2,5,5,8,4,13,6,15,6,4,7,4,9,5,3,6,4,4,12,8,4,4,6,5,7,10,6,6,8,9,3,9,5,5,9,4,6,6,5,10,4,4,4,3,7,8,8,6,8,11,12,4,8,13,8,2,5,8,5,4,9,1,5,6,8,7,6,2,8,4,7,8,13,5,5,4,9,7,3,7,7,5,7,5,5,9,5,15,3,7,6,7,12,5,10,5,8,3,9,9,6,7,8,6,4,5,5,3,5,9,12,4,8,12,2,7,7,3,13,6,12,7,5,10,5,5,8,6,9,9,9,4,7,4,5,5,5,7,5,6,6,4,6,4,5,4,8,4,8,4,2,2,6,9,6,6,5,9,6,10,11,7,4,5,9,5,5,3,8,7,4,5,5,6,8,9,6,8,7,11,8,7,9,4,7,4,8,4,10,4,3,6,5,2,2,10,9,3,10,6,9,3,4,3,5,7,6,2,3,5,10,7,3,10,9,5,3,7,12,15,10,6,6,8,5,5,7,9,7,4,11,6,8,5,8,7,3,5,7,3,5,8,7,5,10,5,6,6,3,6,8,6,4,2,6,2,7,4,3,8,5,3,12,8,6,4,3,8,4,9,3,10,8,4,6,5,9,6,11,3,6,11,6,9,3,8,8,8,5,5,7,5,7,10,4,4,9,9,6,5,3,8,5,6,2,11,16,3,7,7,10,5,4,8,4,11,5,3,10,8,5,5,4,11,10,9,7,4,8,6,7,9,10,7,6,5,3,9,6,3,8,4,4,2,7,5,11,7,4,11,5,8,5,11,8,9,4,5,2,4,5,3,14,7,8,7,5,7,8,4,8,4,5,11,6,5,3,0,9,6,9,8,4,6,7,10,5,2,7,5,3,4,7,4,9,7,6,9,6,6,6,5,7,12,7,8,4,4,5,3,5,4,2,8,6,6,8,7,8,6,6,8,8,6,7,8,5,4,3,8,5,7,9,5,7,4,9,8,7,3,5,5,6,10,3,9,4,5,7,3,5,10,5,7,5,3,6,2,7,11,3,3,8,12,10,8,6,5,7,7,3,4,5,5,5,8,10,5,6,2,8,5,8,9,5,9,8,7,7,4,7,6,7,4,6,5,4,7,6,6,8,5,5,8,5,10,8,5,4,5,5,5,5,10,5,3,8,5,5,11,5,7,4,9,9,8,8,6,9,10,6,5,10,6,4,6,6,5,5,7,4,4,5,12,8,5,5,6,9,6,9,4,10,7,6,4,10,3,4,8,7,10,3,4,10,8,9,10,5,7,7,7,9,9,6,7,8,11,11,7,11,5,2,3,4,3,5,4,10,2,5,9,7,7,6,3,11,9,7,6,1,9,8,6,5,3,11,6,9,5,9,4,13,4,8,12,8,8,2,4,7,5,6,6,8,7,10,9,2,6,9,13,5,3,4,7,7,3,3,8,5,9,7,6,9,9,8,6,7,6,8,5,3,8,6,4,3,7,9,7,7,6,5,6,9,7,9,8,2,3,6,2,6,6,6,6,10,10,5,10,3,6,10,7,11,8,6,6,12,6,6,9,4,5,6,4,8,10,5,12,4,2,9,6,5,8,2,1,7,5,4,11,6,6,9,5,5,3,3,5,5,9,4,8,6,5,3,4,9,6,4,7,4,6,10,3,11,3,6,4,10,2,7,1,6,11,6,8,5,9,6,7,4,7,1,4,3,7,5,4,4,6,5,6,6,13,8,4,5,6,4,6,12,6.401,11.488299194218,1.31370080578197
5,6,3,4,5,9,8,5,5,6,2,8,5,4,8,9,10,6,4,3,1,4,6,7,3,2,3,9,9,8,8,7,8,4,10,11,8,10,9,6,9,4,6,9,5,4,6,8,6,3,8,6,6,9,6,6,3,7,5,7,6,7,5,6,3,2,3,9,5,4,6,7,7,5,6,2,4,4,4,9,8,7,11,12,3,5,8,6,4,13,11,4,8,3,8,7,5,4,11,7,12,8,5,6,8,4,8,6,9,5,4,7,5,15,7,7,4,6,7,9,5,5,4,4,9,6,6,10,3,10,7,8,9,4,6,7,6,2,5,6,4,8,9,6,7,10,13,4,6,9,11,3,9,5,5,11,6,10,3,5,9,2,10,7,6,7,3,3,6,3,5,9,5,4,6,4,4,4,7,4,9,12,5,12,8,4,7,11,4,4,4,7,8,10,6,9,4,8,5,13,11,3,7,1,4,5,4,8,13,8,10,6,6,6,6,6,6,4,5,6,3,11,1,4,5,3,6,15,7,9,7,4,9,13,11,8,6,6,5,5,5,7,5,7,13,6,2,6,4,5,5,6,4,5,5,9,8,9,6,10,3,12,7,7,11,6,12,8,8,4,3,8,8,6,3,8,7,8,3,9,7,7,3,10,6,6,4,4,4,9,6,7,8,15,0,5,3,5,3,7,8,3,2,10,11,9,5,9,7,7,9,3,5,4,4,12,9,3,7,3,7,5,5,9,2,8,7,8,5,10,5,8,7,6,2,5,7,9,4,6,9,4,3,9,6,8,4,7,8,1,7,5,3,3,5,9,3,6,8,5,8,7,5,8,6,4,15,4,6,8,2,6,4,9,4,8,8,8,9,3,8,7,7,7,7,1,8,8,2,5,3,5,1,1,6,4,6,6,5,6,8,6,10,4,8,5,8,8,5,15,5,9,5,8,9,5,3,6,6,8,3,4,7,9,5,9,9,8,5,3,4,8,8,3,7,5,5,5,9,3,7,4,4,5,5,5,5,15,10,5,9,6,9,2,5,5,4,6,8,7,3,5,7,7,3,3,3,7,13,7,9,9,4,8,11,4,7,3,6,5,4,4,7,2,2,7,9,3,4,9,9,9,3,10,6,7,13,5,7,7,8,4,6,6,4,6,7,3,8,7,5,3,8,4,7,5,10,7,3,9,10,8,6,8,4,6,8,3,6,5,8,4,3,2,2,8,10,5,5,3,4,9,5,7,10,9,8,4,4,3,8,7,15,2,5,8,5,9,2,7,3,6,6,4,10,9,4,9,5,4,6,4,11,8,8,5,6,5,8,5,4,5,7,6,11,8,7,3,6,13,5,5,5,12,9,6,5,4,5,8,5,9,7,8,12,7,8,12,6,3,6,10,8,5,7,6,9,5,8,3,10,12,7,3,13,6,6,7,6,9,4,7,10,5,8,13,2,8,4,5,11,9,12,7,6,4,4,6,1,6,6,2,8,11,4,4,3,6,9,6,5,11,7,3,11,4,3,5,6,6,13,6,4,4,7,12,5,2,10,6,0,10,5,4,3,4,6,4,6,7,6,6,14,6,7,6,3,11,3,6,4,4,9,6,8,10,10,4,6,4,7,4,9,5,7,11,8,2,2,12,6,7,4,4,2,5,6,7,6,7,8,5,5,6,11,13,8,8,4,8,8,8,8,2,4,7,12,12,8,11,5,5,12,4,6,6,6,7,9,10,10,4,7,6,3,11,13,5,3,9,6,8,9,3,8,5,7,10,3,14,6,6,1,10,8,10,5,4,5,3,5,13,4,5,8,6,7,6,5,6,13,14,1,7,6,10,3,9,3,6,11,9,8,6,7,5,1,2,9,7,5,6,4,5,6,8,4,5,5,4,5,5,7,7,3,5,5,10,7,7,9,5,4,5,7,1,8,6,4,5,10,8,5,5,4,3,5,2,9,6,2,9,5,2,6,6,3,5,5,8,10,5,6,7,7,8,11,5,7,6,7,6,7,8,10,7,7,7,4,11,4,3,4,10,7,5,5,15,6,11,9,8,5,7,3,6,13,4,6,10,9,5,8,9,9,7,10,3,10,8,5,12,8,10,5,4,5,5,8,7,5,7,6,4,7,8,4,8,7,7,6,8,10,6,7,1,3,7,4,8,6,5,6,12,1,9,10,5,8,7,5,8,5,3,2,4,4,7,5,7,9,6,7,6,8,5,7,5,4,7,7,6,7,7,2,7,9,9,9,4,18,7,8,6,8,8,5,8,9,6,6.443,11.7798770735795,1.10612292642051
10,7,7,8,8,3,9,6,5,9,7,6,5,8,6,8,7,6,8,4,5,11,9,4,5,8,4,2,5,12,5,4,8,7,11,6,12,4,8,7,3,5,8,7,2,7,4,5,10,13,3,4,4,4,7,5,2,5,5,4,5,7,9,10,7,6,5,4,4,5,8,7,8,5,6,9,4,4,5,8,6,4,7,7,3,9,6,5,7,8,7,10,5,5,2,9,7,2,1,12,5,6,6,5,7,4,4,4,10,4,9,2,6,8,7,4,3,4,7,8,3,9,7,7,9,9,2,7,8,4,6,10,7,7,4,3,5,6,5,6,5,4,1,11,8,15,6,3,6,7,4,4,7,4,5,6,4,8,9,6,11,6,8,8,5,4,5,8,4,8,4,12,7,7,2,10,7,5,13,8,12,7,6,7,7,5,10,10,11,6,3,9,9,11,2,5,7,4,4,13,2,6,6,5,8,7,4,10,8,5,7,4,8,9,6,5,4,8,6,10,3,10,6,7,6,6,2,4,3,4,5,9,8,3,12,4,6,4,2,6,5,5,10,9,1,8,8,6,4,7,12,9,6,5,7,8,5,7,6,5,1,7,6,7,5,13,3,5,6,9,3,6,6,3,7,7,10,9,4,9,7,10,3,3,8,7,6,4,6,5,5,11,7,9,12,5,9,3,11,7,5,9,4,8,6,9,3,6,4,8,11,5,5,8,8,4,6,3,5,3,6,3,6,6,4,13,8,8,9,5,2,3,2,6,5,10,8,9,7,8,8,3,9,5,2,9,5,7,10,2,2,7,9,5,3,3,10,5,7,8,3,7,8,6,9,3,7,6,8,5,4,1,1,9,6,3,5,4,8,11,7,6,6,6,5,3,9,5,6,11,4,10,10,6,7,4,5,8,6,4,7,2,3,1,7,6,9,6,6,4,15,13,5,8,6,8,2,4,4,4,6,5,10,9,5,6,12,4,9,4,3,8,8,4,3,11,3,7,7,8,11,7,8,2,6,5,5,8,5,7,3,5,4,3,9,3,5,9,7,9,2,8,6,4,7,4,4,7,12,12,5,6,8,10,0,8,7,4,4,4,2,6,8,5,10,7,8,7,5,9,11,4,7,8,8,8,4,5,5,8,6,5,4,8,3,5,8,6,10,9,7,8,8,4,4,8,3,6,3,10,6,7,3,6,5,9,6,7,4,8,3,4,13,11,5,5,10,4,3,5,7,7,8,9,6,5,4,7,9,6,7,9,3,7,8,4,5,9,11,4,2,6,5,7,6,7,4,7,4,7,6,3,9,2,5,4,10,5,14,13,8,5,12,7,7,7,7,3,5,5,12,6,3,3,4,5,12,11,4,2,6,4,2,12,7,6,7,4,7,11,7,9,2,4,5,13,4,5,5,6,6,6,12,6,7,7,7,3,4,5,8,6,4,7,2,5,7,6,4,13,7,4,5,5,5,9,7,7,3,9,2,9,6,7,5,6,7,3,8,7,3,8,6,10,9,9,9,5,8,9,6,7,5,10,7,4,5,8,8,8,6,6,6,3,6,4,9,6,11,4,9,3,4,4,2,6,6,5,5,6,7,13,5,5,5,7,5,7,6,2,11,9,5,7,4,5,9,7,4,7,6,5,6,5,7,2,2,3,3,5,5,7,7,7,5,6,14,12,7,2,9,6,6,4,8,4,3,2,7,6,6,6,7,5,6,7,14,3,6,3,0,8,7,8,2,6,2,4,7,8,6,11,2,6,4,2,2,7,7,7,4,2,3,8,9,8,6,7,7,8,5,10,7,4,9,5,3,5,5,9,5,2,6,6,7,12,10,5,11,2,7,8,6,12,6,9,5,2,7,6,6,4,5,10,5,6,7,5,9,10,7,3,4,6,3,5,8,8,5,9,4,10,2,6,7,7,11,5,5,6,6,4,5,7,2,7,5,5,7,6,12,3,10,3,1,6,6,8,8,6,7,7,7,10,4,6,9,6,7,5,4,2,7,6,5,7,6,9,6,9,10,6,10,10,7,5,8,11,10,7,6,7,7,7,5,7,7,4,9,8,5,10,7,8,4,9,4,5,13,8,7,4,8,9,5,8,9,7,7,10,10,3,4,6,6,2,4,6,8,5,5,5,3,7,5,7,4,5,7,9,5,2,6,9,10,6,8,2,6,3,8,6,6,3,3,6,4,8,8,7,8,6,8,9,7,7,8,10,6,4,5,5,8,5,7,10,3,13,5,6,9,5,9,8,7,3,3,4,5,8,6.306,11.3424628361877,1.26953716381226
12,1,8,12,11,7,4,9,4,2,8,6,5,5,10,9,14,7,11,8,5,0,7,11,11,5,7,6,8,5,5,6,8,6,11,10,6,14,7,8,7,4,4,10,13,4,8,5,7,6,6,5,8,10,2,5,7,3,6,8,5,2,6,4,10,9,7,6,5,6,5,4,5,7,8,5,4,6,9,1,6,6,3,7,7,5,6,5,11,8,7,7,6,5,6,5,2,7,5,12,9,10,6,7,10,11,5,0,5,10,8,6,8,3,7,5,8,4,8,12,8,5,9,4,9,10,5,7,8,8,8,9,5,6,7,8,5,10,7,10,8,7,4,3,2,10,9,6,5,8,6,9,7,6,15,8,5,6,8,12,9,3,4,8,3,7,6,7,2,5,9,4,7,8,6,6,5,3,7,4,9,3,2,4,10,6,5,10,12,6,9,5,6,9,5,6,7,6,7,6,8,10,10,5,8,6,2,7,6,11,5,5,10,6,9,6,3,6,7,4,7,5,7,2,6,4,5,6,5,5,5,7,12,12,12,4,11,8,2,4,8,4,8,8,5,6,5,8,7,3,6,5,6,8,10,6,4,4,10,7,11,5,12,7,6,4,9,5,8,8,6,8,9,6,9,11,5,8,3,5,6,8,1,7,8,3,3,6,6,6,4,6,8,4,3,3,11,7,6,3,4,6,8,10,7,6,1,3,6,7,4,6,12,5,14,8,13,7,5,4,13,6,5,8,10,9,7,8,7,5,7,7,6,2,5,8,7,5,3,12,5,1,6,5,9,12,8,5,8,2,4,4,3,3,7,8,7,7,5,6,5,5,6,7,3,8,3,2,5,3,5,6,6,7,7,7,1,4,5,8,5,8,6,5,10,10,7,4,7,5,5,7,2,5,4,6,3,6,4,6,7,6,11,5,4,5,11,7,5,6,11,4,6,11,9,10,5,5,4,6,5,5,8,9,4,11,6,3,9,7,6,6,3,5,5,4,8,7,4,3,6,6,11,6,1,5,8,8,7,8,6,8,8,4,10,5,7,8,6,11,8,4,4,11,5,7,6,5,11,6,8,6,9,9,4,2,7,7,2,11,3,6,2,6,1,5,6,7,5,7,6,4,3,3,5,3,9,2,4,5,7,8,6,9,7,6,3,8,6,6,6,5,8,6,9,2,9,4,4,11,5,6,4,8,1,7,6,5,4,8,9,3,11,10,8,9,7,7,5,4,10,6,8,6,7,6,8,6,6,11,7,5,6,7,4,4,10,8,6,6,2,4,6,5,6,9,10,6,8,5,3,3,8,1,8,3,8,5,9,7,9,9,9,7,5,6,9,8,9,7,3,9,6,9,8,3,7,6,3,3,4,7,7,3,6,10,9,8,8,10,6,11,6,3,9,9,9,5,4,8,10,5,9,8,3,9,2,6,3,7,9,8,8,4,6,7,2,4,9,5,4,11,4,5,3,6,2,6,7,4,4,9,8,3,9,4,8,6,13,8,8,3,5,5,5,5,5,4,5,3,12,5,6,7,10,11,6,6,8,12,8,5,8,7,7,5,8,9,8,6,7,6,7,6,3,5,6,8,0,8,7,8,11,7,8,6,10,8,7,5,7,2,6,7,3,7,2,0,4,4,4,5,7,6,4,5,9,9,8,6,12,11,8,8,7,5,6,5,8,7,9,3,6,5,5,7,9,11,5,7,9,5,4,8,5,10,9,5,6,8,12,12,8,7,4,7,6,5,4,3,10,10,3,2,3,6,7,7,7,7,6,7,2,7,7,8,11,11,14,2,6,7,7,7,13,8,8,4,4,6,12,11,12,4,8,15,7,4,4,4,3,6,8,10,5,6,11,3,6,8,7,5,7,2,7,4,8,7,12,9,4,2,5,7,3,8,7,4,6,3,4,3,5,3,9,6,6,8,7,6,9,3,11,8,8,5,5,9,7,6,8,4,2,4,10,8,6,6,7,3,4,4,5,7,6,4,4,9,6,9,6,7,9,7,8,14,5,8,8,9,9,11,9,5,7,0,5,8,5,2,11,4,9,8,6,4,5,12,9,5,8,10,8,7,6,11,6,5,11,9,9,8,5,10,7,13,6,4,5,10,9,8,6,4,9,6,7,2,8,3,8,9,5,3,7,5,7,3,7,9,4,5,1,8,5,9,11,8,2,6,6,11,2,7,1,6,3,5,6,5,8,6,6,11,8,7,5,5,8,3,4,1,4,6,6,4,5,3,7,8,8,5,9,6,7,10,4,9,2,7,6.482,11.5615366929095,1.40246330709046
7,9,4,10,5,13,6,8,1,5,11,4,3,4,5,3,10,5,6,6,6,13,6,6,8,6,2,6,11,7,6,4,9,10,3,7,10,9,5,11,5,7,2,7,6,9,11,8,5,3,6,7,9,7,8,8,3,3,2,10,9,5,5,7,7,5,6,4,4,4,6,8,4,8,6,5,4,4,11,11,7,4,6,5,4,10,4,6,7,7,4,3,6,10,4,13,3,2,4,7,12,5,4,5,12,2,12,1,6,9,5,6,6,9,7,5,11,4,6,6,3,6,6,8,4,4,6,7,19,8,2,5,3,10,5,6,5,7,7,6,3,5,5,8,6,11,16,2,10,8,7,6,7,8,11,8,12,7,2,7,7,4,1,5,9,3,4,4,4,7,9,5,9,4,6,11,7,7,15,6,5,6,6,7,11,5,7,4,8,6,5,4,10,4,8,7,6,6,8,9,9,5,14,10,5,4,5,7,11,3,7,5,13,4,12,7,7,7,6,4,9,9,8,5,2,4,8,4,11,6,7,3,8,8,10,4,5,5,6,4,2,3,12,8,10,6,8,6,5,7,3,2,5,5,5,9,9,7,5,5,11,7,3,8,2,13,6,10,10,4,8,8,9,8,8,10,10,9,5,3,12,7,3,2,2,10,4,12,7,3,5,6,9,3,8,3,6,7,7,6,2,4,5,8,3,1,2,11,7,12,10,3,9,5,9,7,6,5,5,12,8,6,8,6,3,8,8,8,8,3,7,9,7,7,5,5,6,7,4,12,10,2,5,4,6,10,2,3,8,8,6,8,4,7,5,7,8,7,1,7,5,10,3,5,6,4,13,8,8,10,2,4,4,11,12,6,4,8,6,6,5,3,5,2,8,8,6,3,7,12,7,5,4,5,8,7,6,3,9,2,11,7,7,0,6,9,9,5,1,11,8,11,6,5,6,3,8,3,9,8,4,6,9,8,4,6,7,8,5,10,3,3,7,10,4,9,7,6,7,6,11,11,8,7,3,8,7,7,3,8,8,4,2,10,10,8,5,5,8,10,7,6,7,5,4,8,6,7,9,7,10,8,6,8,12,6,9,7,3,3,7,12,0,7,4,6,4,4,5,3,11,4,10,4,4,9,12,6,7,6,4,7,10,7,6,8,4,6,12,4,7,8,6,7,5,10,1,7,10,7,8,8,8,7,5,5,2,4,6,6,7,2,8,6,4,5,8,3,4,5,12,6,8,6,4,9,9,12,9,7,11,6,10,8,5,7,7,10,10,6,1,3,4,6,10,5,3,8,6,2,5,2,7,7,8,2,12,6,11,4,12,8,4,6,12,10,7,6,6,13,7,4,4,5,6,11,2,4,3,8,8,6,5,5,5,7,7,8,7,4,7,9,7,4,6,3,6,7,6,5,4,10,4,9,9,4,7,6,13,10,10,4,6,6,5,4,1,8,4,3,7,6,8,9,4,7,7,9,4,13,7,11,11,7,4,5,8,7,9,7,7,5,6,5,4,7,2,7,6,5,12,9,7,6,4,4,6,5,7,10,4,8,9,7,6,5,8,6,2,9,15,4,12,6,1,6,16,7,10,13,4,3,7,7,7,8,7,7,5,4,4,7,10,1,3,4,5,9,2,10,5,3,7,4,2,7,4,6,2,5,12,4,12,5,7,6,2,8,2,5,14,5,6,3,3,7,13,6,7,10,5,4,10,2,7,9,10,8,7,2,9,10,6,5,2,10,6,7,11,4,5,5,6,5,8,6,6,9,6,9,5,9,4,5,6,6,8,10,7,6,2,6,7,8,3,8,7,7,4,9,9,4,8,7,7,6,2,11,9,5,8,5,5,16,5,4,9,2,7,9,6,7,8,6,4,5,5,7,4,6,4,2,15,6,6,9,3,10,9,8,5,6,8,8,6,7,7,7,6,5,8,3,11,2,9,8,9,7,5,6,3,3,8,3,2,7,6,3,9,8,6,11,10,5,9,11,7,3,9,3,4,3,3,4,7,5,9,5,6,12,5,6,5,6,7,2,10,8,4,9,6,3,7,7,7,9,11,3,2,7,5,4,8,8,8,9,6,5,9,2,9,7,3,8,3,4,6,8,5,12,8,2,9,3,5,9,4,3,11,8,7,12,7,7,7,4,8,3,11,3,3,4,7,7,7,5,9,10,4,5,6,8,6,9,4,6,8,11,9,11,6,2,6,9,5,3,6,10,6,6,8,7,5,4,5,7,4,9,2,8,12,3,8,4,7,6,3,5,7,6,6.512,11.9463782787801,1.07762172121991
6,8,8,5,7,5,6,2,6,3,3,11,6,7,5,8,6,5,10,5,6,6,10,11,7,9,2,8,15,7,10,8,6,6,3,10,7,5,9,7,3,7,7,8,9,8,7,10,7,5,4,6,4,11,8,8,7,7,3,3,5,8,2,10,7,5,8,8,6,8,8,7,3,5,8,1,9,3,2,11,9,9,8,8,5,8,6,5,10,3,9,12,8,5,6,9,7,0,5,5,8,7,6,4,7,5,8,9,9,4,3,1,7,9,6,1,6,5,7,5,8,5,7,6,7,4,8,6,9,9,4,7,6,5,10,6,10,8,3,6,3,6,9,5,7,10,11,7,4,5,6,5,2,5,8,10,10,5,7,11,5,3,4,9,5,7,9,6,9,7,8,11,3,6,6,10,8,4,2,5,13,9,8,7,10,4,7,9,7,10,1,7,8,9,7,9,7,12,6,10,8,9,6,4,6,9,5,2,8,9,7,4,10,9,11,4,11,12,2,7,8,0,4,6,8,3,5,3,9,7,8,8,14,7,11,9,7,8,3,10,4,6,6,8,12,13,8,6,7,10,4,7,12,3,4,9,9,4,6,4,11,9,4,8,9,4,7,2,7,10,3,5,7,13,10,5,6,7,9,4,13,4,6,10,8,10,4,7,9,4,13,4,4,10,3,3,4,8,4,7,2,5,3,12,6,4,5,6,4,7,7,5,5,5,5,8,8,3,7,4,5,7,4,6,9,6,10,11,9,12,4,8,4,6,4,5,8,13,10,7,7,4,3,9,6,7,8,9,15,6,8,6,6,5,6,8,9,6,6,9,4,6,7,4,4,4,8,7,6,4,3,12,7,12,5,3,6,3,7,3,10,4,9,7,8,3,7,4,9,5,5,2,7,0,4,4,5,2,7,6,8,5,8,3,8,8,9,6,6,7,5,5,1,7,11,10,4,12,3,9,1,4,7,6,5,6,6,3,8,7,2,6,5,6,7,2,4,4,16,8,8,10,10,4,9,7,7,11,4,5,4,3,6,4,6,4,5,6,8,11,4,7,3,1,6,4,7,11,11,7,9,4,4,3,10,4,9,10,6,9,3,5,5,7,8,5,6,3,10,11,11,12,7,6,6,9,6,5,9,7,9,7,8,11,8,6,5,9,4,7,10,3,4,13,5,8,3,5,6,5,5,10,6,9,4,5,10,2,4,10,6,5,13,10,6,4,7,6,3,4,7,4,7,7,8,10,17,6,11,6,10,9,7,7,7,4,10,9,7,4,7,3,10,3,15,9,10,8,12,3,4,9,6,7,5,1,9,6,8,5,7,12,15,6,6,7,5,8,5,8,1,10,8,9,3,5,2,9,1,7,7,7,9,6,10,6,10,6,15,5,4,6,7,3,5,9,7,6,10,3,11,6,7,7,5,5,10,8,6,13,8,6,9,5,5,5,7,5,5,9,2,12,6,4,6,3,6,13,9,9,7,7,10,4,8,2,3,5,7,6,4,3,11,7,6,7,2,4,7,6,7,8,5,5,11,15,6,7,5,8,8,4,5,6,8,8,10,7,7,5,14,9,10,5,5,9,6,3,5,7,8,7,8,5,9,11,10,11,4,5,10,4,6,7,4,9,4,6,3,4,4,4,8,7,5,6,7,6,8,6,9,6,10,8,4,8,9,8,5,7,10,6,4,3,5,4,9,6,8,5,3,8,5,2,6,13,11,10,7,8,5,5,11,0,5,2,4,4,3,5,4,8,6,6,4,3,11,11,9,3,5,1,2,8,7,5,8,2,5,2,4,8,1,3,6,7,6,3,7,9,7,9,9,12,9,8,4,3,5,1,2,11,4,8,9,15,6,8,6,8,6,3,5,3,3,5,5,6,12,6,9,6,4,4,5,4,2,9,10,11,3,7,3,5,12,3,13,7,7,7,7,7,4,6,8,7,3,7,9,6,4,7,4,5,6,3,7,4,9,9,7,8,8,6,4,12,8,7,3,4,5,5,8,7,9,9,6,6,7,7,7,6,3,14,5,3,5,6,6,10,10,9,5,8,3,6,8,3,7,5,6,7,7,8,9,14,9,6,17,3,7,9,6,5,4,9,8,7,6,5,11,3,9,9,12,6,4,9,5,4,8,8,6,3,4,6,4,4,4,11,2,7,6,6,5,8,3,3,12,8,4,3,5,6,0,6,5,6,7,12,6,5,9,6,6,9,15,7,9,7,7,3,9,9,6,7,13,9,3,3,9,6,10,10,6,5,8,4,7,8,6.641,12.1058135317994,1.17618646820065
4,8,4,10,6,3,7,7,7,6,9,3,10,5,8,9,8,5,10,4,5,9,2,9,8,5,4,5,2,7,8,4,4,8,5,8,9,6,9,4,6,2,4,9,5,11,7,4,5,3,2,7,4,6,7,7,6,5,7,10,6,7,9,6,6,4,5,4,2,4,8,4,8,12,7,8,5,8,3,7,7,5,7,7,4,8,2,6,7,9,7,7,5,5,5,8,7,6,4,11,5,4,6,3,6,9,5,5,5,7,6,4,1,8,7,3,7,7,6,6,5,5,6,3,11,9,6,5,12,5,6,5,8,9,5,6,7,4,3,8,5,6,4,8,9,14,12,7,7,5,8,7,6,4,13,9,9,4,7,9,7,5,8,7,8,2,4,9,2,5,8,10,7,3,7,5,5,5,11,8,5,12,8,5,14,7,10,8,5,6,8,5,17,8,8,9,4,9,4,11,6,7,4,5,5,3,8,7,10,9,5,6,6,8,9,8,9,5,4,3,7,9,6,3,5,6,6,7,7,13,11,3,13,13,6,3,4,7,4,2,12,4,7,6,6,2,8,5,6,8,6,5,5,9,8,11,5,5,7,9,4,7,5,4,6,12,6,8,5,6,6,10,5,4,6,7,11,9,6,4,3,7,2,7,10,6,9,13,7,6,1,10,8,9,4,6,4,7,9,4,7,4,4,8,8,6,3,6,4,5,6,7,8,9,12,8,15,5,5,7,6,7,5,8,9,8,6,6,10,11,6,2,8,5,7,7,8,7,5,10,6,5,7,8,6,8,4,11,11,7,6,7,7,5,5,6,5,7,10,10,7,6,7,5,11,2,10,7,9,5,5,6,2,3,4,7,3,10,5,4,5,5,5,4,10,9,7,7,4,9,5,13,3,6,8,6,8,11,8,5,10,8,10,3,7,6,12,2,8,4,7,9,3,6,1,6,4,2,10,8,6,6,2,7,3,2,9,4,8,3,3,7,7,7,10,9,4,10,4,2,8,3,4,9,6,6,7,9,12,6,7,5,6,8,6,11,3,8,5,11,7,6,7,6,5,3,3,7,8,10,5,2,6,6,3,4,7,8,5,5,8,2,8,9,8,3,7,6,3,8,8,9,6,8,4,9,8,5,6,5,1,6,6,9,9,5,6,9,8,6,4,9,5,10,2,7,6,5,2,6,4,11,6,5,7,10,5,5,7,5,3,4,8,6,5,10,10,6,6,3,7,5,3,7,10,6,10,10,7,6,8,5,8,4,7,4,6,7,9,9,6,11,7,5,3,5,4,5,4,4,7,7,6,10,9,5,9,2,9,6,10,12,10,6,8,5,8,7,2,7,4,7,5,7,4,6,7,10,7,4,8,5,8,6,7,7,4,6,11,6,6,11,14,4,5,6,8,6,5,6,7,6,6,3,7,8,5,10,9,6,8,7,7,4,3,10,4,5,5,5,8,8,7,4,6,6,5,12,6,10,7,8,5,3,8,8,3,10,7,5,8,11,8,10,11,5,6,6,6,8,12,5,10,5,11,10,7,10,6,8,9,6,6,6,4,2,5,4,13,6,8,3,8,2,5,11,6,5,6,4,5,6,8,9,6,12,9,5,6,6,7,9,9,5,7,7,1,6,3,9,7,3,7,7,3,8,4,10,7,6,6,6,8,12,7,3,7,7,3,8,3,9,7,6,7,4,9,10,6,7,6,5,11,9,5,5,13,1,7,4,7,7,9,11,3,7,7,7,6,6,7,7,6,7,7,1,7,12,6,6,8,5,5,8,5,8,5,3,12,9,3,6,6,6,9,11,4,5,5,3,7,5,8,7,8,7,9,10,5,6,5,3,6,12,10,8,10,4,6,4,4,3,6,10,4,6,8,11,5,4,6,3,10,2,4,6,3,9,5,5,7,3,3,7,7,6,9,10,6,4,7,1,8,11,6,7,7,4,8,4,7,5,3,7,9,11,5,5,11,3,12,8,5,8,2,10,9,3,10,3,5,2,5,8,5,9,4,11,7,11,11,5,4,8,5,8,7,4,9,4,8,12,3,5,2,2,11,9,9,8,5,11,6,7,5,12,5,8,13,6,3,6,4,9,4,6,7,5,4,10,10,8,6,6,5,5,6,9,8,3,7,8,8,5,4,7,5,5,8,7,5,2,11,9,8,6,10,8,4,10,9,4,8,5,2,7,5,4,5,6,8,6,11,8,3,8,8,6,5,9,4,4,9,5,7,8,5,9,1,3,10,8,5,5,5,6,5,6,10,5,6.546,11.4936923544248,1.59830764557517
7,13,4,7,4,8,7,14,11,5,8,5,6,3,4,8,12,4,7,4,6,10,11,11,8,2,5,5,6,5,8,6,10,6,5,8,8,6,8,5,9,7,9,4,4,4,7,3,5,3,5,6,4,11,7,10,3,6,4,4,3,8,11,3,4,5,8,5,7,9,5,9,6,6,5,4,6,6,4,4,5,6,8,4,4,5,10,4,5,6,3,4,8,8,6,8,6,7,2,4,12,5,4,10,6,8,7,3,6,10,7,6,8,3,14,4,7,4,2,9,6,6,6,11,6,12,4,11,6,12,8,7,4,5,6,4,6,7,5,10,3,7,5,8,7,9,2,4,8,6,5,5,9,7,8,5,14,5,5,8,5,7,8,7,3,7,11,7,5,10,6,6,10,5,2,7,3,5,6,6,8,8,10,4,8,3,9,6,10,10,5,10,10,11,8,8,4,5,10,9,8,5,9,5,4,7,11,7,10,7,6,5,6,7,11,6,4,7,4,4,4,5,4,4,6,6,7,4,5,7,3,10,11,8,5,10,7,12,7,8,1,6,10,6,3,8,5,7,7,4,5,11,10,10,8,8,9,10,5,10,7,7,6,5,7,9,11,5,9,8,2,3,6,4,6,6,4,4,8,9,8,8,5,7,13,7,5,8,2,6,10,9,5,13,6,5,11,1,8,5,4,6,4,15,3,6,1,7,4,5,6,5,9,6,10,1,9,5,1,5,3,3,3,4,4,6,10,8,12,6,5,3,5,6,5,8,4,7,8,4,7,8,6,3,4,5,2,3,4,5,5,5,4,3,8,9,9,8,6,7,3,10,4,7,2,4,9,4,7,4,6,6,6,10,7,10,7,6,6,6,3,5,8,4,1,7,6,7,8,7,5,8,6,6,6,1,3,4,11,5,10,6,8,6,8,6,6,5,7,6,12,15,4,6,11,8,3,2,5,5,5,7,6,7,8,5,6,4,8,5,5,6,8,3,6,5,9,6,6,6,9,8,7,6,4,4,5,6,3,8,9,4,7,9,4,7,7,13,7,7,5,9,4,9,5,9,9,6,9,5,4,4,3,7,6,8,6,12,7,9,6,4,5,5,9,8,5,7,4,12,6,3,2,5,2,7,4,3,1,6,9,4,5,10,7,13,9,4,9,7,7,10,3,7,13,10,3,2,7,5,6,8,4,3,4,10,3,2,3,9,2,3,10,10,5,3,7,4,4,5,10,5,7,11,5,7,7,8,8,6,8,7,5,6,2,8,10,9,4,7,6,4,7,8,4,9,6,9,9,3,6,4,9,4,6,6,7,9,8,9,6,9,12,7,6,8,6,3,9,12,9,6,4,7,4,7,9,9,8,9,4,4,2,4,9,7,4,4,6,8,4,6,11,11,11,7,2,4,4,9,4,9,7,4,6,9,5,4,10,6,13,11,8,5,8,6,7,3,8,6,5,6,4,5,5,5,5,5,8,8,8,7,8,5,10,2,5,2,16,3,6,5,9,9,4,11,0,5,6,7,6,3,6,4,8,11,4,7,2,4,10,10,11,8,7,6,8,7,6,2,7,6,9,6,6,6,7,7,6,7,6,6,7,6,7,7,9,5,3,8,4,10,8,2,8,4,5,4,5,8,6,4,9,5,8,6,9,4,9,7,10,7,5,9,9,6,9,9,7,9,7,6,5,9,5,7,5,7,8,7,12,8,7,7,3,7,8,1,8,7,8,7,5,3,0,6,5,7,6,5,11,8,4,7,4,4,11,7,8,10,7,7,4,6,3,4,7,11,5,2,5,4,7,5,10,7,4,3,5,11,6,9,5,6,6,8,6,6,5,4,6,14,5,5,12,8,6,7,8,3,5,11,1,8,5,5,10,9,8,9,9,2,6,2,2,10,8,4,3,5,6,3,4,4,9,10,11,7,4,4,9,6,9,6,4,7,3,3,7,6,3,5,6,7,6,10,9,4,6,6,5,7,11,10,9,9,3,6,8,7,8,4,4,7,6,8,6,4,6,4,8,4,10,6,4,2,4,7,5,7,4,8,10,12,11,9,11,3,5,8,7,8,4,8,8,10,4,8,11,9,9,8,5,9,5,4,13,5,5,9,7,7,2,7,11,11,8,4,6,7,7,5,8,7,7,7,11,9,8,5,3,5,3,5,5,12,3,4,6,3,3,5,8,3,5,6,8,7,3,6,4,4,7,8,4,2,4,8,8,8,5,11,8,8,6,5,5,9,5,5,8,5,7,4,6,6,7,8,9,7,6.455,11.461447570611,1.44855242938895
12,15,8,4,5,5,8,11,8,4,2,6,5,4,6,6,5,5,10,3,7,4,8,13,5,8,9,6,9,4,6,7,8,4,12,8,6,6,7,7,11,9,4,7,11,12,3,8,7,6,1,7,5,13,5,9,6,5,1,5,8,7,7,6,5,6,8,3,6,6,7,5,3,6,10,5,5,6,6,7,9,5,5,7,3,8,3,8,4,4,7,7,4,6,9,6,4,11,7,4,8,9,6,4,7,6,11,11,7,13,4,8,7,9,6,4,10,7,4,4,4,8,9,5,2,8,2,10,6,7,7,6,3,2,8,3,8,5,12,8,7,5,3,8,5,10,9,4,4,5,10,5,7,3,3,8,8,12,2,8,3,4,4,7,5,1,1,4,3,8,9,7,6,5,3,14,8,7,6,9,10,9,2,3,9,8,8,4,7,8,9,9,10,5,9,7,6,5,7,9,8,6,3,8,8,6,4,4,14,7,1,4,4,5,8,6,7,7,3,5,7,7,11,7,7,7,8,4,6,5,5,5,10,10,9,3,7,3,6,4,3,3,3,4,11,8,4,5,1,2,4,2,2,2,6,7,7,7,4,6,9,9,5,10,4,6,12,5,3,7,3,10,6,4,6,7,6,10,4,7,6,8,6,6,10,2,4,10,9,5,7,6,8,7,6,8,7,6,7,9,10,6,10,9,8,2,7,8,5,9,6,6,8,6,5,2,10,8,6,7,6,8,5,6,8,8,8,5,7,6,7,4,6,4,6,9,5,3,3,7,10,3,6,8,8,14,10,10,7,4,5,6,7,4,6,5,4,6,9,6,5,5,3,3,7,4,10,5,9,4,5,9,7,12,9,8,8,9,13,5,10,5,6,12,12,6,6,3,8,5,3,3,11,2,7,11,5,4,8,4,4,4,7,4,3,4,17,5,3,10,9,14,7,11,8,9,3,10,8,6,3,3,5,8,4,5,7,8,4,6,6,7,5,8,5,8,5,4,10,9,10,11,5,3,5,1,6,6,4,7,3,8,6,6,5,0,5,5,6,16,6,1,4,7,9,7,9,3,9,8,8,7,7,3,9,4,8,3,4,7,6,8,3,6,5,6,7,4,3,7,12,9,6,4,6,0,8,5,6,5,9,7,7,5,11,6,11,8,2,8,8,4,7,7,5,3,8,0,4,8,6,3,4,8,3,6,6,4,6,7,4,6,17,7,4,3,12,9,1,8,8,10,3,3,7,7,3,7,15,9,4,12,7,4,12,3,8,6,6,1,6,6,8,8,10,7,7,13,2,5,4,7,7,3,6,2,14,2,0,6,11,9,5,1,9,9,7,5,9,6,8,3,8,5,6,2,9,10,3,11,3,4,7,5,15,8,3,8,5,8,12,5,9,2,10,8,6,2,2,8,4,5,5,6,6,10,7,5,5,9,9,3,8,4,9,9,10,6,3,7,8,6,6,4,4,9,12,7,6,7,4,8,4,8,5,4,9,9,13,3,4,10,10,7,4,10,4,6,5,8,7,7,6,5,11,6,6,6,10,11,7,5,8,7,8,3,5,5,6,5,8,5,5,9,7,6,7,4,8,9,6,4,8,4,5,6,9,6,9,5,8,5,9,5,4,6,4,7,8,7,8,7,4,6,4,8,3,14,8,2,5,6,11,10,3,3,6,5,1,5,7,12,4,5,9,7,8,6,9,9,5,6,7,2,4,3,14,9,4,8,4,11,6,4,3,8,4,1,2,7,3,6,5,5,9,7,3,8,8,8,7,8,4,4,6,8,12,9,11,6,4,8,6,5,6,8,6,5,5,3,8,3,9,10,4,7,9,8,3,5,9,6,6,11,3,8,7,3,9,6,7,7,13,9,5,2,7,5,2,4,8,5,4,4,3,4,4,2,3,7,9,7,7,12,5,10,7,7,6,4,9,7,9,3,7,5,3,1,8,7,10,2,8,2,9,3,8,8,4,3,3,9,3,7,5,7,7,6,5,6,7,7,6,5,7,9,7,9,3,11,9,5,7,7,10,4,4,5,7,8,7,5,4,7,3,10,9,5,6,4,4,11,6,5,9,12,11,5,8,4,8,9,5,6,6,6,8,10,6,12,9,7,12,4,6,6,7,4,5,4,5,4,5,5,5,6,5,4,2,8,5,6,9,5,12,7,10,6,6,8,12,7,5,6,4,4,2,11,3,8,4,2,7,6,5,5,10,8,8,5,10,4,3,8,6,5,4,6,8,6,7,8,13,12,7,6,1,5,5,4,6.416,11.7298395309758,1.10216046902421
9,9,6,12,10,8,4,13,4,7,6,5,8,8,8,3,4,3,5,6,7,7,8,7,3,11,4,6,13,4,3,5,5,6,4,11,13,8,3,7,7,8,7,5,5,6,6,8,4,8,11,9,4,8,8,8,7,6,4,5,9,3,3,7,1,2,7,6,6,7,4,3,3,5,8,6,7,2,7,7,7,8,7,5,6,9,6,2,11,3,5,7,4,6,3,6,5,5,5,13,6,5,2,3,9,4,12,6,10,5,8,8,11,5,9,2,6,6,10,3,8,5,3,8,12,4,2,4,15,8,5,3,4,9,3,5,5,6,4,6,3,3,10,4,7,14,9,5,7,7,6,6,6,5,10,6,9,4,10,5,8,5,8,6,5,5,4,10,7,10,8,9,4,6,4,5,6,4,7,6,14,9,7,8,7,7,5,3,9,5,11,13,7,4,5,7,3,8,3,9,5,11,11,9,9,2,5,9,6,7,9,2,7,8,9,7,5,8,7,4,8,9,4,6,5,3,5,7,6,1,6,4,12,12,7,3,7,6,6,5,5,5,5,8,6,7,7,8,9,10,4,4,12,7,7,13,8,5,4,9,7,5,3,10,8,4,6,4,6,7,6,5,6,6,6,6,3,3,5,4,3,5,5,3,10,9,6,12,10,5,10,4,10,7,4,7,9,3,6,4,3,11,6,7,8,5,4,9,3,5,6,9,6,4,6,8,6,8,5,10,11,4,4,8,8,6,7,6,10,7,2,7,7,7,6,7,11,8,6,7,3,5,8,2,5,9,7,2,11,3,3,8,7,6,5,14,7,6,3,9,6,8,7,8,10,6,7,7,9,6,7,7,3,10,6,5,3,4,6,5,12,5,2,5,7,3,9,6,7,5,8,5,7,2,5,7,6,9,5,4,1,5,7,9,8,9,13,7,5,5,8,8,5,5,9,11,6,4,5,5,2,3,8,10,10,8,5,3,5,6,9,2,9,10,8,7,9,6,9,7,12,7,8,8,2,3,3,9,8,4,6,6,11,6,8,5,4,6,4,7,5,9,8,4,5,6,8,5,9,8,7,5,7,4,8,5,2,6,3,6,4,8,5,9,6,10,6,6,2,9,10,6,8,7,9,8,7,4,9,9,2,6,8,7,5,9,8,3,4,9,7,4,3,4,7,8,4,7,3,5,8,6,5,4,4,5,4,7,5,10,7,4,7,10,14,2,9,4,7,3,7,5,9,8,6,14,8,4,11,9,6,6,3,4,8,8,6,7,7,7,6,10,9,3,8,11,8,9,9,3,5,2,7,7,9,5,4,6,11,13,8,5,13,7,4,7,15,11,6,9,6,3,1,4,7,6,2,10,5,2,6,6,5,3,8,4,11,7,9,3,7,7,7,5,11,8,5,6,4,4,6,7,7,8,6,5,4,1,9,6,9,7,4,9,6,7,7,6,9,5,2,10,10,1,5,4,5,7,10,7,6,9,11,1,7,6,8,5,4,8,7,8,8,3,7,7,4,4,5,7,13,8,7,1,6,5,5,6,4,10,7,9,12,9,11,5,10,9,4,5,6,7,11,4,10,4,10,7,7,7,0,7,11,8,9,14,10,10,4,3,10,2,11,5,4,8,5,4,7,2,6,4,5,9,4,12,9,6,6,7,4,6,5,8,9,4,10,13,5,6,10,3,6,7,6,5,5,9,6,8,4,3,3,5,2,9,8,8,2,9,9,5,5,5,5,5,2,3,9,3,10,5,7,7,5,4,7,5,6,7,7,3,4,8,6,7,2,4,3,3,6,4,3,7,5,11,8,3,8,7,8,8,7,9,7,5,8,8,4,3,5,7,2,12,10,11,8,5,6,5,7,4,5,7,7,7,2,7,10,7,5,4,8,6,2,6,13,11,6,6,1,11,1,5,12,5,7,5,7,8,4,6,11,6,5,7,8,6,4,7,5,4,4,11,3,10,10,3,10,6,2,6,7,4,7,12,9,4,4,7,5,4,7,4,5,7,6,9,8,7,10,6,10,10,5,7,8,5,7,12,9,6,6,4,3,3,11,5,3,5,7,7,8,14,4,8,3,8,12,6,5,8,1,5,4,2,2,8,10,7,11,4,7,9,7,8,8,7,6,8,11,14,10,8,5,3,3,4,5,3,5,6,6,7,4,9,8,8,9,2,5,2,7,6,3,6,9,6,11,10,7,6,5,13,4,8,10,8,3,4,5,6,7,5,8,6,8,6,6,3,10,5,9,8,10,5,4,9,8,7,6.486,11.6586062775067,1.31339372249327
4,8,4,8,7,2,8,11,8,5,8,8,2,7,6,3,10,2,9,7,10,3,10,7,6,9,2,7,7,6,11,4,7,7,7,8,7,7,7,11,7,9,4,7,7,5,7,9,6,4,3,5,9,4,6,10,4,4,8,9,5,8,7,5,8,4,5,6,6,7,5,4,6,7,10,5,1,3,4,11,4,3,5,3,10,5,2,6,7,9,5,9,8,5,6,7,2,2,3,6,8,9,6,4,12,4,2,4,8,5,6,4,7,14,5,4,8,5,8,9,6,6,5,6,9,15,12,7,7,10,3,3,8,5,7,9,12,6,4,8,2,4,7,7,7,8,10,7,7,6,5,11,1,6,10,8,9,5,5,4,5,7,11,6,7,7,5,13,3,12,8,9,10,6,5,10,4,5,6,4,12,4,6,7,8,5,5,9,8,9,6,11,6,6,8,5,12,7,7,5,5,4,6,6,8,8,8,4,5,7,5,8,7,6,10,3,6,8,4,7,5,9,3,2,3,7,4,4,6,12,10,7,10,7,9,4,7,9,7,9,6,5,5,9,6,4,5,4,3,10,4,3,5,6,7,11,5,9,9,6,2,4,8,2,2,4,9,4,7,3,5,7,8,7,10,4,7,3,8,5,9,8,3,7,5,8,1,11,8,1,7,6,6,11,2,9,3,4,7,5,4,5,6,5,5,6,3,5,6,7,5,2,6,5,11,4,10,4,3,10,5,3,5,8,10,6,8,5,9,7,8,7,6,5,2,10,7,10,6,9,5,6,10,5,7,9,7,5,7,6,6,7,10,4,7,7,4,6,5,6,11,7,4,8,6,9,7,9,11,7,7,5,5,8,4,8,5,9,8,5,10,7,8,10,5,8,9,2,7,9,11,8,7,3,5,6,6,9,8,7,13,4,6,5,5,6,5,10,6,7,4,10,6,6,10,5,3,6,2,7,6,6,4,7,3,5,5,9,9,8,4,11,4,8,7,4,1,5,3,8,7,16,11,5,8,5,5,6,8,8,11,7,4,7,14,4,4,11,11,8,4,4,6,2,8,6,6,8,11,8,8,3,7,5,10,4,14,3,9,5,7,12,3,9,6,5,8,5,6,6,8,9,7,5,2,7,5,9,7,7,5,7,16,8,7,9,12,6,6,9,6,3,6,7,5,5,8,5,7,1,2,13,13,12,8,5,8,4,8,9,5,7,10,6,6,2,11,7,5,4,9,6,7,4,3,4,15,4,7,4,10,12,4,3,4,8,5,3,7,6,6,3,6,5,6,4,5,7,4,6,10,6,9,7,5,6,6,3,5,6,7,9,8,6,9,13,3,7,5,5,5,9,3,9,6,5,5,13,7,4,8,3,8,7,8,5,5,6,7,3,6,7,6,6,7,6,4,4,5,5,10,11,9,4,8,8,6,12,8,11,8,5,6,3,7,6,6,4,11,5,4,5,7,13,4,10,7,3,6,10,2,5,9,4,11,2,3,4,11,1,10,3,6,8,7,6,9,6,4,6,6,7,10,8,9,12,3,11,6,5,8,5,7,8,1,8,8,3,5,4,4,4,15,6,5,6,1,4,4,7,7,11,6,7,8,9,4,6,5,12,7,4,8,5,6,6,9,1,6,6,6,4,5,10,4,4,3,3,5,4,6,7,9,2,6,7,6,4,6,6,12,7,4,12,6,11,15,7,4,3,11,3,9,10,6,12,18,5,4,3,8,4,9,5,2,3,5,7,11,4,5,6,6,7,5,4,3,9,9,4,2,4,3,6,7,11,8,4,4,3,5,11,5,10,5,9,4,5,5,4,7,6,6,10,11,10,3,3,6,3,4,2,4,11,7,7,5,7,2,7,5,5,7,5,7,9,5,3,8,5,8,5,12,1,8,15,2,6,8,7,4,7,8,6,7,11,9,5,6,3,4,6,3,5,5,1,1,4,5,4,5,4,6,4,4,8,9,6,7,7,7,9,6,5,7,14,6,6,4,4,6,5,12,8,8,14,3,9,13,9,13,9,8,7,5,5,8,8,7,6,5,5,7,10,7,9,8,6,7,7,8,8,6,8,9,9,7,11,3,9,5,8,3,10,4,3,4,5,7,12,10,4,11,5,9,9,10,7,8,3,3,7,4,3,7,5,10,5,10,7,7,4,2,7,4,9,6,5,9,9,5,4,12,3,5,4,4,3,6,3,9,4,7,7,5,6,7,6,6,6,4,7,5,5,8,4,9,2,4,4,9,6,6,6,6,3,6,5,6,5,6.474,11.7231773203942,1.2248226796058
8,11,5,9,3,8,5,9,7,5,9,5,5,3,4,5,12,7,3,3,4,8,4,11,6,4,5,6,5,9,14,10,1,1,2,3,6,2,3,6,8,6,7,8,7,9,11,7,5,6,2,7,2,7,3,4,5,4,3,6,3,4,1,1,3,6,5,7,4,6,3,5,8,5,3,8,6,8,4,3,5,5,7,3,3,4,4,7,8,3,10,5,6,4,7,8,4,7,4,9,6,4,5,6,12,6,5,2,9,8,7,7,5,8,8,5,9,10,1,7,4,2,9,4,3,13,7,7,10,7,6,6,5,5,3,8,8,5,6,6,2,3,9,3,10,16,7,5,5,7,8,6,8,7,9,7,4,8,9,3,6,5,16,10,9,3,2,10,8,2,8,12,5,6,6,7,8,9,9,8,6,5,6,6,11,5,8,11,8,9,5,8,10,7,10,8,6,4,8,9,10,7,3,9,3,8,11,6,3,9,4,4,6,4,8,7,6,10,4,3,9,10,5,3,3,2,5,5,3,7,9,2,10,8,10,4,3,11,8,4,3,2,8,11,6,6,10,5,5,8,4,7,7,8,4,9,9,3,2,10,5,5,3,4,5,9,7,11,2,9,4,3,7,5,6,9,3,10,3,7,4,5,12,4,8,10,7,9,6,8,1,3,14,9,8,8,9,4,8,8,5,3,1,6,6,5,4,6,6,9,1,5,8,7,6,5,13,3,7,6,8,7,5,8,7,4,11,5,14,6,6,4,6,3,3,6,9,5,2,12,8,5,5,8,5,8,3,12,4,5,8,3,4,5,3,12,6,12,4,5,6,4,5,7,6,3,5,8,9,3,8,4,2,7,11,6,8,5,7,8,7,5,9,8,5,6,6,8,5,6,6,6,4,6,5,9,4,9,5,4,11,5,6,4,10,6,10,9,3,3,9,9,3,6,12,8,5,3,11,4,7,3,5,7,4,1,7,9,7,1,6,4,7,8,9,8,7,9,7,12,6,12,8,7,6,5,5,3,7,3,11,5,4,8,3,5,7,6,7,12,5,5,4,8,5,9,9,3,7,8,5,2,4,9,7,9,10,9,10,8,9,4,3,4,9,9,5,16,4,7,5,6,6,8,3,8,7,4,3,3,4,4,8,10,12,11,3,5,6,4,6,7,11,10,7,10,8,7,3,2,5,10,3,9,1,5,5,7,7,9,7,9,12,7,4,6,6,2,7,9,6,9,2,9,11,5,8,8,11,6,7,18,10,8,4,10,4,6,5,8,3,3,2,6,9,4,6,8,4,3,3,7,1,2,7,4,8,3,7,7,8,5,6,3,8,4,4,10,9,7,5,6,5,6,10,7,4,9,8,7,5,6,4,5,14,5,1,5,4,6,9,7,7,8,3,9,4,2,4,6,5,2,7,11,5,2,6,7,7,7,6,8,4,5,0,6,4,6,4,4,9,6,6,5,4,9,9,4,6,12,8,4,4,5,10,1,3,4,11,5,6,13,10,8,6,7,5,6,5,9,8,5,9,5,6,10,7,11,10,7,1,8,3,11,5,5,6,4,7,7,6,8,7,6,8,8,4,7,5,7,7,9,9,6,4,6,13,10,8,12,6,8,8,9,6,5,5,5,7,7,4,2,12,8,3,8,6,5,6,5,11,12,14,10,9,3,6,4,6,6,4,8,5,2,7,4,8,3,10,10,5,0,7,11,4,7,13,10,6,6,11,9,4,6,3,6,6,7,9,5,7,6,10,4,1,1,9,7,9,4,7,10,6,1,7,6,5,6,8,4,6,7,6,3,5,8,4,13,1,4,3,4,4,9,4,5,8,5,5,7,3,11,5,7,8,7,4,7,9,5,7,2,2,8,4,4,6,8,3,4,7,9,6,2,4,5,5,3,1,4,5,7,2,11,6,3,7,4,9,4,5,5,9,8,6,6,3,10,11,11,7,5,6,7,6,7,4,7,12,4,4,8,6,10,6,6,6,5,4,3,6,2,7,7,6,10,5,3,4,6,14,3,4,8,7,9,7,5,9,8,9,4,7,9,8,3,8,3,7,4,5,5,8,7,8,11,5,5,6,5,8,4,7,11,3,7,7,6,13,5,11,4,3,9,6,7,15,9,7,6,5,6,4,8,1,7,7,6,9,6,6,9,9,6,4,6,7,4,1,5,5,7,4,5,4,10,4,6,4,5,5,7,3,5,6,6,9,5,10,9,2,3,8,7,6,6,0,9,2,5,8,6,11,4,5,3,6,5,14,8,6.31,11.6796150146361,0.940384985363901
8,8,6,4,3,2,6,7,10,8,9,2,5,5,5,5,4,4,5,0,6,3,3,7,7,5,10,7,11,3,9,7,6,3,12,4,10,6,10,1,11,9,5,5,6,4,6,5,9,5,4,6,2,14,0,8,2,6,1,7,7,9,10,8,3,6,11,5,6,4,12,6,2,6,5,8,6,4,7,5,12,5,3,4,7,5,6,4,9,8,7,8,5,11,6,7,2,4,3,3,8,6,4,5,9,8,10,2,10,6,4,4,10,3,9,5,8,4,9,1,7,5,5,2,8,12,1,14,5,6,4,7,5,6,7,4,6,6,6,6,3,10,7,6,4,6,7,5,10,7,2,9,3,5,6,7,9,9,9,4,5,7,6,9,1,5,4,6,3,3,9,7,4,5,5,6,5,5,5,2,6,13,3,3,11,6,4,4,8,3,5,7,11,10,5,5,4,16,7,7,3,2,7,4,6,10,5,4,9,7,2,7,6,4,7,7,7,5,4,5,5,8,4,9,4,3,8,7,6,7,5,5,9,6,9,8,8,5,4,5,5,4,9,7,7,5,11,10,4,7,10,3,6,2,10,7,4,6,6,8,2,4,4,5,8,8,10,11,6,9,4,9,7,9,6,9,6,6,7,12,2,6,7,5,8,6,7,3,7,8,9,4,9,8,9,7,6,3,10,5,10,8,7,11,9,8,2,4,6,5,7,4,4,0,9,8,2,2,7,5,4,5,5,8,3,5,7,8,10,14,5,0,5,0,4,4,8,9,12,6,11,4,7,5,8,4,7,1,6,7,4,11,8,4,7,9,8,8,6,8,6,8,1,5,6,5,5,8,4,6,7,2,5,4,2,9,6,6,5,6,10,4,5,7,7,5,7,8,8,6,6,5,9,6,5,5,3,8,4,5,5,7,13,1,13,4,10,5,6,5,9,9,5,7,9,7,3,5,5,5,4,3,5,4,6,4,6,1,4,2,5,4,10,5,4,7,6,8,11,10,6,5,8,5,7,6,6,4,14,5,5,7,6,7,6,1,9,8,7,13,7,8,9,5,3,9,4,6,12,11,7,5,3,6,13,3,3,4,9,8,4,3,5,11,4,3,6,8,2,7,8,3,2,8,12,12,7,5,5,9,7,6,3,6,8,7,2,5,5,12,8,3,6,7,7,10,6,6,3,6,5,6,9,7,1,7,9,3,7,8,8,8,11,9,5,3,4,6,4,3,7,6,2,6,8,7,6,6,7,9,10,7,7,3,5,7,6,5,11,3,8,5,5,9,7,7,7,10,8,4,6,8,3,8,5,4,10,8,4,9,5,13,9,5,8,7,4,7,7,9,4,5,7,5,5,5,7,8,5,5,6,4,6,3,5,11,1,6,8,3,5,2,11,7,10,6,7,4,3,7,9,7,7,8,7,9,7,11,9,4,8,3,13,0,8,2,9,3,9,4,4,11,7,4,11,4,2,10,8,5,6,8,5,6,8,6,4,6,12,5,8,6,8,7,5,8,5,6,3,7,5,3,6,1,16,9,5,2,5,5,7,3,3,5,7,5,17,6,2,7,5,5,11,4,3,6,4,4,9,8,7,2,9,4,6,6,11,7,4,10,4,9,6,3,8,7,3,5,7,4,4,5,5,7,4,7,5,5,6,7,4,1,1,7,8,8,6,7,6,5,7,7,7,3,8,7,4,10,7,10,5,8,4,7,9,7,6,11,5,11,10,8,10,2,4,6,7,1,0,7,9,4,3,2,4,4,8,5,9,7,2,3,3,6,7,9,10,6,1,12,2,9,10,2,9,13,7,3,4,3,6,6,8,6,6,6,8,4,4,3,9,10,9,11,11,8,7,4,7,12,7,7,4,7,5,4,8,6,10,7,6,6,7,5,2,9,1,7,5,6,4,5,7,9,5,10,5,9,8,5,6,1,4,2,5,2,4,4,8,3,3,4,6,4,4,7,5,4,7,4,6,7,5,5,3,9,4,8,7,11,8,5,7,6,4,6,4,3,9,5,7,8,4,1,4,4,5,2,3,5,6,11,3,4,8,3,7,3,5,7,6,8,3,7,6,8,3,6,11,4,8,8,3,2,5,2,9,8,11,5,9,3,3,2,10,6,10,8,10,2,3,6,2,5,9,7,4,5,7,5,2,7,5,9,4,11,6,3,7,6,7,6,10,4,3,6,8,11,4,5,4,5,8,11,6,3,7,4,4,6,8,5,7,8,2,7,2,6,4,3,7,6,7,9,6,5,2,4,8,14,6.14,11.3851744389386,0.894825561061395
8,5,5,9,12,1,10,11,10,10,4,4,7,9,4,4,7,4,10,6,5,4,7,7,4,9,9,5,10,7,15,3,5,8,11,8,7,8,2,12,9,8,3,3,4,3,6,7,2,5,5,4,5,8,5,12,3,3,4,3,6,9,11,7,9,7,6,5,9,5,4,7,8,9,8,4,8,6,1,7,4,6,7,3,9,9,4,2,15,5,7,12,4,8,2,3,2,9,4,7,6,10,1,4,5,6,9,6,9,7,8,2,8,3,6,4,8,5,6,4,6,5,4,4,8,3,7,4,7,12,6,9,7,7,11,7,4,7,7,6,2,1,8,11,8,9,9,6,7,5,10,9,2,12,7,7,9,2,2,8,7,5,5,8,5,3,4,6,2,7,5,11,8,6,3,6,10,8,9,7,6,8,8,9,11,6,10,2,4,10,7,4,7,11,6,5,4,7,4,8,5,3,4,8,5,7,6,7,5,7,2,7,6,4,6,8,7,4,10,6,5,7,6,4,8,4,5,2,7,6,2,13,10,9,10,4,4,9,7,4,4,4,5,5,5,3,6,2,6,4,7,5,9,4,7,11,1,5,5,10,9,7,9,7,5,4,6,4,7,12,7,12,10,6,6,5,9,5,8,8,5,5,6,3,7,4,5,11,7,4,9,8,9,7,7,9,4,3,6,3,5,6,3,6,4,5,7,20,7,4,7,9,9,10,5,6,10,7,5,5,12,4,12,3,7,8,8,3,7,8,6,5,7,5,2,6,6,7,11,4,7,4,4,6,7,6,8,6,4,3,9,6,9,10,5,9,6,5,8,5,9,8,5,4,6,8,4,7,9,2,8,11,5,7,9,5,7,7,2,6,7,7,9,11,9,4,5,5,11,6,5,4,6,5,9,6,3,7,10,9,2,3,9,6,9,7,8,4,3,7,9,6,10,7,5,15,8,6,11,7,3,6,10,8,3,3,3,8,9,12,1,4,8,5,5,5,3,2,5,10,10,10,1,7,8,3,8,10,2,2,2,0,6,4,9,6,5,5,5,9,9,3,7,5,6,3,6,7,11,5,7,7,7,6,5,7,4,6,8,6,7,6,3,9,8,8,6,4,4,6,7,10,5,12,8,6,7,3,4,2,5,2,8,9,7,4,11,4,8,4,8,5,4,5,6,5,3,6,6,4,7,6,7,10,10,5,5,8,5,10,7,3,7,2,8,4,14,5,4,4,6,6,6,8,6,5,7,6,11,5,10,8,4,4,10,4,8,3,5,4,5,9,6,2,8,9,6,7,6,7,8,6,9,6,7,7,8,7,3,7,7,4,7,4,9,8,9,4,4,7,9,1,3,4,7,5,7,13,7,11,7,2,6,6,10,7,6,4,11,6,11,9,8,4,4,11,11,3,7,8,4,4,4,3,8,9,5,7,2,3,8,7,3,7,6,8,4,7,11,7,5,8,1,1,8,7,8,4,3,10,4,4,6,5,7,7,10,8,9,6,5,6,10,15,3,4,3,7,10,4,7,3,2,5,8,2,4,17,8,8,8,7,7,9,3,4,4,8,3,4,8,5,6,2,5,5,4,6,6,15,5,9,4,10,6,6,9,7,7,8,7,4,10,5,6,6,6,5,8,4,5,3,6,3,5,5,3,7,8,5,3,7,8,9,6,5,7,1,2,7,7,3,4,6,8,5,7,6,5,4,3,8,8,5,5,3,7,4,4,11,9,4,6,7,5,7,6,4,9,4,6,4,10,7,6,5,7,3,9,7,0,6,2,9,8,8,11,4,4,8,6,10,3,3,7,6,3,2,6,6,7,4,4,5,5,2,5,6,1,2,7,2,8,12,6,8,7,7,3,5,6,9,9,7,10,7,6,6,5,8,7,7,6,8,1,7,7,5,4,11,3,6,8,6,8,6,5,6,9,8,2,5,6,3,6,6,3,6,11,5,2,4,6,6,10,3,11,8,4,5,4,4,1,9,3,7,8,7,5,7,5,6,5,6,5,4,5,13,5,9,8,2,9,4,8,4,4,10,6,3,8,8,11,4,4,5,8,4,5,5,6,5,3,5,4,4,4,8,9,5,5,7,6,8,5,4,5,9,8,6,10,6,8,6,6,3,9,7,7,5,7,6,10,5,2,5,2,7,3,2,5,7,3,11,7,9,5,2,7,10,6,6,4,6,2,4,3,6,8,7,4,4,4,8,8,5,7,5,3,9,8,6,6,4,9,9,6,5,5,3,12,9,12,4,6,6,4,4,8,8,6.239,11.3472998633492,1.13070013665078
8,11,4,6,12,5,7,8,7,5,8,8,3,5,5,5,8,8,7,7,9,4,7,6,5,10,5,5,5,5,5,3,8,6,3,10,7,9,2,5,2,3,4,9,4,9,5,2,6,1,6,5,7,9,4,8,4,4,3,11,4,5,10,7,10,1,8,8,2,4,7,5,5,4,2,7,3,5,3,2,9,7,12,9,7,5,9,2,12,4,5,9,8,7,3,1,2,3,2,9,9,4,8,7,6,4,9,9,7,2,7,8,3,8,4,5,2,5,8,3,4,4,5,5,5,7,5,6,3,9,8,7,4,10,8,4,3,11,5,5,9,11,7,6,9,9,7,5,10,6,2,10,3,6,7,8,8,8,5,3,8,7,7,8,3,2,6,7,5,9,3,8,3,7,5,8,7,9,9,4,4,5,4,8,7,9,9,3,6,9,9,9,9,6,12,9,10,7,9,6,3,7,3,6,6,6,8,10,6,4,3,2,6,3,7,4,5,6,4,6,6,7,3,4,2,4,8,7,10,6,3,5,9,7,8,6,6,7,7,9,5,5,3,6,9,10,1,4,5,8,10,4,7,3,6,4,7,5,5,2,4,7,6,5,6,4,7,4,3,5,4,12,7,1,6,2,5,9,9,6,5,15,7,7,9,7,4,4,7,3,8,6,13,8,5,9,7,4,4,6,2,10,7,4,7,4,10,8,5,3,6,1,6,4,4,8,5,6,5,9,4,7,2,5,4,5,10,2,12,8,4,4,6,5,1,4,8,8,9,5,12,3,7,11,6,7,8,3,7,6,5,6,6,6,7,3,9,6,4,6,6,5,7,9,9,7,6,7,9,3,9,9,4,6,7,6,13,5,6,7,12,11,7,13,10,8,5,5,3,7,5,1,18,3,6,7,1,9,3,8,3,6,3,6,8,9,11,8,5,3,6,8,3,6,8,4,1,4,5,5,5,6,4,10,10,2,6,9,4,9,3,5,5,6,7,5,4,9,8,6,4,15,9,5,5,5,6,6,7,6,3,6,7,12,9,10,6,8,8,7,4,9,1,3,4,9,7,8,12,6,6,5,8,6,9,7,2,5,5,7,5,7,3,11,5,12,4,10,8,4,3,6,5,8,6,8,7,3,8,4,4,6,9,16,11,6,7,7,7,8,13,0,7,7,6,6,6,5,5,6,4,6,3,7,5,8,10,8,6,5,6,2,8,7,10,6,8,6,10,7,9,11,5,8,5,4,9,7,8,6,5,6,10,8,8,5,4,7,12,4,7,6,1,7,4,8,6,6,2,5,7,2,2,6,8,7,5,4,5,11,10,11,9,7,8,12,9,8,4,6,3,7,4,6,5,3,4,10,5,4,8,5,7,4,6,5,3,9,2,5,11,6,10,5,15,6,6,5,7,9,10,3,7,5,3,6,4,6,4,8,9,10,6,9,9,7,3,4,5,6,6,4,4,7,7,5,6,8,8,12,5,7,11,6,8,6,5,3,7,6,7,7,8,9,8,6,3,7,3,6,5,4,10,4,10,9,5,11,11,6,7,6,7,4,3,10,5,4,9,6,6,3,12,6,5,9,3,8,8,8,3,8,10,7,5,7,9,9,3,10,9,3,3,3,5,7,4,4,7,5,4,3,5,9,5,9,4,10,3,3,6,2,13,7,9,6,5,4,4,6,7,6,3,7,4,5,12,4,3,7,6,3,9,6,2,5,8,9,2,7,5,6,8,2,3,6,3,4,5,1,1,5,4,7,11,6,6,7,7,7,8,5,3,4,10,4,11,4,6,1,6,6,5,6,10,9,3,6,2,3,6,7,9,6,7,3,7,4,6,6,4,3,6,4,10,7,7,3,4,5,2,8,5,2,3,5,4,3,9,10,7,6,6,3,7,7,3,6,2,8,3,5,2,8,9,5,9,4,6,7,9,5,6,3,4,5,4,8,9,8,4,3,4,2,6,4,5,9,7,6,5,6,8,3,3,9,7,4,5,3,7,6,9,9,5,6,4,9,9,8,8,6,12,7,7,8,8,1,4,2,8,8,8,7,4,8,6,9,10,3,4,13,8,4,4,11,10,10,8,3,6,7,4,14,4,8,5,6,7,5,8,7,10,6,10,5,6,8,8,1,5,9,8,6,7,5,4,7,6,10,6,5,4,6,3,7,8,6,12,7,5,4,7,7,5,6,3,6,6,1,3,8,5,9,6,2,6,6,2,8,7,5,18,8,8,3,4,5,6,3,5,3,10,7,6,4,4,6,10,8,6.202,11.3213226522674,1.0826773477326
9,12,2,6,7,4,12,7,8,9,9,6,8,4,12,4,5,6,5,5,8,8,6,6,3,6,5,10,5,10,5,7,0,7,6,2,6,13,3,5,6,4,7,5,6,4,10,8,4,5,5,7,12,4,8,8,2,6,2,5,8,11,11,6,6,7,8,2,7,3,7,2,8,7,8,9,6,3,10,9,1,6,9,4,8,7,4,2,13,4,4,18,10,3,6,8,8,2,5,6,3,9,4,4,7,7,6,3,8,8,5,7,6,7,8,3,4,8,7,4,3,9,5,5,7,8,7,13,8,10,1,5,7,5,7,6,7,12,3,10,9,7,8,8,5,6,10,8,1,9,6,3,4,5,5,3,4,4,5,6,9,4,5,8,6,11,8,4,7,7,5,7,5,8,7,2,3,6,5,9,11,8,4,1,4,7,8,5,5,6,8,7,6,8,3,11,8,14,5,2,3,7,10,8,5,9,12,6,5,6,6,5,3,4,8,6,5,8,6,8,6,7,2,7,6,9,4,10,5,7,8,7,10,11,13,2,5,9,9,4,2,5,4,11,8,6,6,5,7,8,5,2,8,6,2,11,7,3,4,14,6,7,6,5,3,2,6,8,5,10,2,9,8,6,4,8,8,11,7,2,8,6,6,7,7,6,4,5,9,9,4,4,12,6,7,6,8,7,6,9,8,11,4,8,7,8,5,8,5,5,3,5,7,6,10,6,6,7,9,9,6,2,7,4,8,5,6,5,9,9,1,2,2,3,3,5,5,6,5,4,8,6,6,2,7,6,12,7,5,5,8,4,11,6,8,6,10,8,8,9,12,7,6,5,8,3,2,8,12,6,7,4,5,13,12,9,7,5,4,4,7,3,5,10,8,6,7,10,7,6,7,8,7,2,6,8,7,8,4,4,7,7,7,5,8,8,5,7,6,8,9,16,5,9,7,8,6,3,2,11,8,1,5,7,8,8,3,2,12,2,5,3,4,7,5,4,8,7,4,4,8,15,10,7,5,4,10,6,9,6,2,9,5,4,8,6,3,6,10,9,6,3,7,5,5,6,9,7,9,7,5,4,6,3,7,7,7,8,6,7,6,8,7,7,7,6,9,8,4,6,10,6,8,6,13,8,6,7,7,10,6,5,4,10,6,9,7,8,5,8,4,4,9,6,2,6,7,3,2,5,6,7,8,14,7,3,4,6,8,6,11,8,8,4,9,5,7,3,3,5,5,7,5,9,5,2,8,7,11,2,9,7,7,10,8,14,5,11,1,5,5,4,6,2,5,3,11,5,7,6,5,3,2,6,6,7,6,4,10,7,11,10,5,3,6,7,8,6,4,10,6,9,11,7,7,0,4,8,3,4,3,4,8,4,6,7,4,5,4,8,10,4,6,6,13,7,2,5,6,7,4,5,11,11,5,0,10,6,5,7,7,1,7,4,1,9,11,9,6,5,5,4,4,13,6,1,5,7,3,12,7,3,6,5,7,8,7,11,17,1,4,6,10,13,2,5,5,7,10,6,7,5,12,5,12,4,8,3,8,6,6,6,6,13,0,6,8,8,0,8,4,0,9,1,7,6,4,6,6,8,6,4,8,7,11,9,8,10,6,7,7,4,9,7,3,6,6,7,14,5,4,5,9,8,3,7,11,6,6,3,3,9,8,3,14,6,6,8,3,7,8,7,4,6,5,3,7,7,6,6,3,6,7,10,4,8,8,6,5,6,11,6,7,5,4,3,3,7,8,1,2,6,3,1,3,8,7,3,6,10,5,3,2,4,4,7,2,4,5,5,5,7,5,3,5,10,5,6,5,5,8,7,4,11,8,3,7,4,9,9,4,6,6,9,4,4,7,12,5,5,7,5,5,8,7,6,6,7,4,8,7,9,6,4,2,7,11,7,4,5,6,5,11,5,10,7,1,8,11,9,8,5,9,5,7,6,6,5,4,9,5,1,7,6,7,4,6,6,8,8,4,1,5,7,3,10,8,5,5,7,5,6,7,6,3,4,5,10,5,10,7,4,5,4,10,4,7,6,9,7,2,6,2,9,8,2,8,6,9,9,7,14,7,4,5,6,5,7,5,3,5,5,8,6,4,7,11,4,11,4,9,3,6,7,8,12,6,9,5,8,13,7,1,13,5,2,10,11,7,5,4,8,7,4,6,6,11,9,10,8,10,6,8,3,3,8,2,2,14,7,8,3,5,9,7,8,3,8,9,3,5,5,3,6,5,6,4,10,11,8,11,10,10,2,4,4,8,7,10,5,6.385,11.729086273452,1.04091372654799
7,7,4,6,6,7,7,6,6,9,7,4,5,3,3,5,9,1,3,4,2,4,7,9,12,12,6,6,4,3,9,8,8,6,5,8,5,6,5,11,9,6,4,5,8,5,10,8,11,7,6,12,4,11,3,10,3,4,6,5,4,5,9,6,7,4,7,7,3,4,6,6,7,8,6,5,6,5,6,5,9,4,3,5,7,3,4,5,9,11,9,7,4,7,7,8,9,8,1,6,10,5,5,7,5,4,3,3,12,8,6,7,9,6,12,7,1,0,3,5,5,5,3,4,7,12,6,6,6,11,6,6,7,6,9,12,5,10,6,5,2,7,8,2,11,8,3,5,8,7,6,9,1,2,9,7,8,5,4,7,6,5,8,8,4,4,5,10,6,5,4,10,5,3,3,8,8,9,13,4,8,6,7,10,14,8,3,10,12,8,6,8,8,5,6,7,11,9,11,4,10,4,4,3,10,5,3,7,6,8,1,4,3,6,4,6,6,5,13,1,9,4,6,5,6,5,9,8,7,7,4,4,8,10,8,5,7,6,6,6,6,5,5,8,4,6,6,8,4,3,5,4,9,9,6,10,6,6,6,12,8,4,3,4,9,5,2,3,6,12,3,13,7,7,6,5,6,9,8,6,4,6,7,3,6,7,7,7,11,11,5,6,7,10,7,5,2,7,7,4,3,7,5,6,7,8,1,7,7,10,5,2,6,8,1,4,6,4,10,4,7,5,5,2,7,5,7,9,9,5,4,8,8,6,2,6,5,5,4,8,10,6,7,2,7,11,7,4,6,4,3,5,7,4,4,8,3,5,6,6,5,5,3,8,3,7,8,5,8,3,8,3,6,6,9,5,3,5,5,3,6,6,3,6,5,6,7,8,6,7,14,6,5,2,8,10,7,7,7,6,12,4,10,7,7,4,9,9,9,9,7,4,6,10,8,2,6,5,12,4,6,4,9,5,6,6,6,4,5,7,1,2,7,4,8,7,7,3,5,10,10,13,10,3,5,6,6,4,8,1,6,3,9,4,5,9,6,7,4,5,8,4,7,6,5,7,8,6,10,6,7,7,7,6,5,8,6,5,10,3,10,5,1,6,11,4,3,9,7,2,5,6,4,8,4,7,9,5,8,3,6,4,9,6,9,10,2,4,4,8,3,5,5,3,7,9,6,5,11,1,2,8,4,6,2,7,6,6,4,5,2,16,8,5,11,7,6,6,6,8,3,6,3,4,9,9,11,3,5,3,9,14,6,7,11,5,4,4,9,10,7,2,7,5,8,6,6,4,9,4,7,5,7,6,5,5,7,3,2,4,4,7,3,3,7,13,11,5,5,11,5,7,1,7,7,4,9,11,7,9,5,7,5,5,4,3,8,8,6,13,9,13,9,5,7,9,6,7,6,0,10,4,4,12,8,5,5,5,6,5,5,4,7,9,5,5,14,3,3,6,4,5,5,8,4,10,5,8,1,9,4,5,8,3,9,1,3,1,7,4,5,7,10,7,6,7,3,1,8,7,9,3,4,3,5,6,10,5,5,4,4,5,3,4,8,9,8,4,6,7,8,3,9,7,7,4,2,9,3,6,6,8,4,5,8,5,7,6,4,13,3,6,8,7,8,6,6,6,6,4,8,5,8,2,0,1,5,7,6,7,7,6,12,9,11,3,7,5,7,4,8,4,9,8,4,5,5,6,4,9,5,10,10,9,5,6,11,9,5,5,13,10,8,2,3,7,6,4,5,5,4,3,5,4,12,1,7,5,4,5,6,4,4,4,10,11,8,5,5,5,8,4,5,4,3,11,4,13,5,5,7,10,7,4,6,7,7,5,11,5,1,4,5,9,2,8,7,3,6,4,6,3,5,8,8,6,9,5,8,2,5,9,5,7,5,9,6,4,2,8,7,3,5,4,3,4,4,7,5,6,4,2,9,7,8,5,7,9,7,11,5,5,8,8,6,11,5,9,3,10,4,5,2,10,6,10,6,7,6,10,7,7,7,6,3,7,8,4,12,3,8,7,6,8,7,2,9,3,10,4,6,7,6,12,7,7,10,6,4,5,7,5,9,3,5,5,4,9,8,4,5,4,6,10,5,6,5,6,6,8,8,6,10,1,2,8,14,6,10,2,7,3,1,11,7,7,5,3,6,9,6,5,5,6,4,9,9,4,7,5,9,6,8,7,5,9,10,10,6,8,9,4,6,5,3,6,7,10,7,9,4,8,8,6,6,3,4,6,6,4,9,5,11,8,9,8,0,7,8,3,6.219,11.3088836861306,1.12911631386939
4,7,8,6,17,4,10,8,8,1,4,6,5,6,5,4,6,5,4,4,5,5,7,5,9,11,9,4,13,4,9,4,4,9,7,9,6,7,5,6,4,9,1,6,5,6,9,5,3,8,6,7,7,5,6,5,1,5,7,5,4,10,6,7,3,8,5,7,8,6,8,7,5,6,5,8,5,9,0,7,4,2,12,1,8,9,4,4,12,6,6,9,7,6,11,3,4,6,3,8,11,6,2,7,11,3,4,5,4,8,7,4,4,8,1,4,9,5,7,2,2,7,4,8,6,6,4,9,5,5,12,7,7,6,5,5,10,8,7,2,5,5,6,1,5,5,11,3,12,3,8,12,9,7,5,7,4,10,7,3,8,8,5,10,6,2,4,2,5,5,10,5,4,8,9,6,5,8,11,4,6,6,6,13,9,10,7,3,3,8,9,5,4,7,8,4,10,9,7,6,8,5,6,2,2,2,8,7,3,8,3,4,5,3,3,5,7,7,6,4,6,9,2,6,2,10,3,9,10,8,6,5,8,7,6,2,5,7,6,4,4,6,3,10,10,7,14,6,6,6,8,5,3,2,11,5,5,7,4,12,5,12,5,4,5,6,8,2,5,8,8,5,9,8,7,10,4,4,5,3,4,8,14,4,8,3,7,4,4,4,5,3,6,7,7,4,4,6,5,11,3,9,9,7,4,5,7,10,1,9,3,7,11,8,5,10,14,4,7,10,11,5,6,4,4,3,9,4,6,6,5,4,8,3,2,4,6,5,6,5,9,2,4,2,6,2,4,4,2,11,1,7,14,3,5,5,2,9,4,8,6,9,11,5,6,8,6,9,10,7,4,9,12,10,5,4,7,3,6,7,9,4,4,6,4,3,6,7,5,6,8,4,10,8,8,8,4,4,6,7,3,2,8,5,2,2,10,6,9,9,9,12,6,2,8,13,6,6,1,7,7,9,8,3,8,7,6,11,10,6,5,8,3,6,4,3,7,5,5,5,4,13,5,11,6,6,7,5,6,4,6,8,5,4,7,2,5,5,8,14,8,3,4,9,4,10,7,5,3,6,9,5,7,9,5,6,7,10,6,6,1,1,7,6,10,6,7,7,9,7,9,3,5,11,8,8,9,5,4,4,4,2,5,13,6,10,9,5,7,9,9,12,8,6,7,12,1,8,5,3,4,6,3,7,4,5,9,4,3,6,8,2,7,4,14,1,5,8,3,2,7,5,9,8,6,9,8,8,9,4,6,6,7,6,3,10,7,3,2,6,6,6,5,7,6,5,7,4,5,9,12,9,4,6,2,7,5,6,5,14,5,7,4,6,8,6,6,4,5,8,7,4,4,10,6,4,8,7,3,8,7,8,5,4,4,7,3,5,6,5,9,9,3,5,7,8,5,3,4,2,5,6,2,10,8,4,6,6,6,7,8,6,5,6,10,5,9,3,4,5,7,7,6,12,3,6,5,8,5,8,7,6,6,3,6,7,3,2,9,5,10,8,7,4,4,4,7,7,4,4,8,6,8,5,9,8,3,7,4,12,7,4,8,7,4,6,9,6,10,3,6,8,7,7,4,7,5,3,9,11,6,5,6,5,11,6,15,13,5,8,10,14,8,8,4,3,4,3,7,6,3,7,7,5,4,7,5,10,4,6,5,7,6,2,7,13,6,6,7,3,7,4,7,4,4,4,6,5,2,6,3,8,10,7,7,7,10,14,6,10,9,6,6,4,0,7,9,6,6,2,4,5,7,8,4,3,5,6,6,8,5,4,6,5,11,4,6,10,4,5,7,10,5,2,9,5,9,6,5,4,5,9,10,9,9,3,5,4,4,6,9,8,7,6,6,5,6,6,7,5,4,5,6,7,4,6,4,8,6,5,8,11,4,2,5,3,2,2,7,6,4,7,4,8,9,2,2,7,6,7,6,7,4,2,10,8,4,6,9,6,2,5,2,7,6,3,8,3,13,5,2,4,5,6,5,6,4,10,4,4,9,6,5,7,6,3,4,7,9,7,8,11,8,8,6,7,7,2,5,5,7,9,6,5,9,5,10,3,8,6,7,10,9,6,8,11,5,0,9,7,6,11,3,9,6,5,5,6,7,15,7,5,6,5,7,5,8,7,4,4,3,5,4,3,4,7,7,6,4,13,4,8,5,11,3,7,5,6,9,10,11,6,7,8,3,6,1,2,12,3,4,5,8,11,7,3,7,6,3,6,6,5,4,8,7,3,2,6,4,4,3,7,7,5,7,8,4,7,11,8,6.183,11.3606988346971,1.00530116530293
2,9,5,3,3,1,11,10,4,5,5,2,5,5,10,9,13,4,10,6,7,5,7,11,6,10,6,7,11,7,8,7,8,0,7,5,8,12,4,13,5,6,5,5,9,5,10,7,5,4,6,6,4,5,9,7,5,2,1,4,10,7,9,8,8,7,8,7,3,7,7,7,4,5,4,7,4,8,5,3,8,11,7,1,8,2,9,3,8,6,11,6,1,6,1,6,3,5,5,4,9,4,6,7,10,3,9,6,9,7,5,8,8,4,6,9,8,6,9,3,4,6,10,4,7,1,4,10,6,7,6,5,6,7,10,5,9,6,6,7,2,4,8,3,4,6,6,4,1,4,4,11,2,5,6,9,8,2,5,7,9,5,2,4,3,5,2,10,5,4,4,7,6,9,4,11,3,7,6,4,6,8,2,3,8,7,6,6,1,6,10,11,4,5,6,7,2,8,2,2,3,2,4,9,4,8,5,6,7,5,3,2,8,8,2,5,10,4,4,3,6,7,1,7,10,9,6,4,5,5,5,10,5,7,8,6,2,4,7,7,6,5,3,7,4,6,8,11,5,8,6,4,6,4,7,7,4,3,2,10,5,11,4,8,9,3,8,9,5,11,3,14,9,4,6,8,9,1,7,2,4,6,7,4,5,5,2,7,7,3,8,8,10,5,3,12,2,2,7,4,8,9,5,9,4,6,7,10,6,5,6,9,9,9,2,8,2,8,8,11,15,6,6,3,7,3,7,8,10,5,3,6,7,3,2,6,4,16,6,3,9,2,6,8,1,13,8,5,6,1,7,4,7,3,6,4,6,4,6,12,5,8,8,5,6,4,4,12,8,6,10,4,2,6,13,1,5,8,5,9,9,6,1,10,12,6,5,5,5,7,6,5,2,5,5,3,3,4,7,12,2,3,7,11,6,7,8,6,8,5,5,5,0,6,4,2,8,6,9,9,10,6,6,9,9,7,9,4,6,3,2,4,8,6,3,5,7,3,7,10,9,11,10,0,9,4,5,7,6,7,3,6,3,3,6,4,5,8,6,6,8,10,5,8,4,3,6,8,8,4,9,6,7,9,7,6,7,4,6,5,6,8,1,8,3,12,3,4,14,7,5,8,5,1,7,3,8,3,5,8,6,4,4,12,4,5,5,5,3,7,7,6,2,8,2,7,5,5,5,4,4,4,7,4,6,11,7,4,7,6,5,7,7,5,6,3,7,4,7,9,6,5,4,5,3,5,8,4,8,3,7,8,6,6,6,9,4,5,3,7,5,12,5,6,5,2,4,5,5,6,10,1,4,7,9,8,6,10,7,7,7,9,4,4,8,7,6,5,6,8,5,3,12,6,8,1,4,3,7,10,6,4,3,3,12,3,6,4,4,5,6,9,10,5,6,7,6,5,6,2,5,3,5,9,12,6,4,5,4,3,6,2,6,3,4,6,9,3,8,6,2,6,3,3,6,4,6,11,8,7,5,12,8,3,6,6,7,8,10,4,9,6,6,6,8,3,6,3,5,5,4,3,3,5,8,8,3,11,5,10,5,5,9,7,2,5,5,10,5,8,6,2,11,3,1,10,3,7,4,12,1,9,6,13,6,6,7,11,8,7,5,2,9,8,8,5,4,8,9,7,3,4,3,6,4,6,4,7,6,6,10,5,6,7,9,9,4,5,8,5,6,7,3,5,6,3,10,7,4,8,3,7,6,8,4,3,7,3,6,6,6,3,4,5,7,6,8,7,4,8,6,3,6,4,3,5,9,2,5,1,4,8,5,7,11,8,7,3,6,6,3,5,4,7,6,3,4,8,3,4,5,5,6,4,4,5,6,7,4,8,4,9,8,5,10,7,2,3,7,6,10,2,4,5,5,7,11,4,0,3,7,6,2,10,5,6,4,7,3,8,1,7,2,7,7,10,9,8,7,6,2,4,6,5,9,4,3,5,9,6,5,5,5,1,7,3,6,6,6,6,5,6,4,6,1,7,7,4,4,8,4,9,4,8,4,4,3,5,5,5,8,5,6,6,8,6,4,6,4,6,7,8,5,6,5,3,7,5,9,6,8,4,6,5,4,10,10,6,4,5,7,5,12,6,8,2,4,11,6,8,6,5,6,5,6,4,5,3,8,4,5,8,9,2,6,5,5,6,5,7,4,8,11,5,6,14,6,11,7,8,6,4,5,4,3,5,8,8,11,7,5,8,3,6,8,6,7,7,2,5,8,5,3,4,9,5,4,11,5,2,11,5,4,5,5,6,5,7,9,5,5.95,10.9899493935842,0.910050606415796
11,6,6,3,5,6,8,7,8,3,8,3,4,7,7,7,9,3,7,5,6,3,4,8,4,9,4,6,9,10,9,3,6,8,10,6,8,7,6,4,4,10,6,7,9,7,6,7,1,3,9,3,3,6,8,12,2,6,4,5,6,12,7,5,5,5,8,7,6,2,10,3,9,6,5,6,6,5,9,8,7,5,10,8,4,6,3,3,10,2,5,7,10,8,8,9,4,6,2,10,13,10,6,5,7,6,10,3,7,10,7,8,6,15,9,4,5,6,5,2,9,5,10,3,2,8,8,7,8,16,2,11,8,8,6,7,2,3,10,5,3,9,8,5,7,10,10,7,9,4,2,7,3,4,10,5,6,3,5,11,6,6,4,8,5,5,7,4,7,6,5,11,7,9,4,11,7,6,9,4,5,3,4,13,5,10,4,8,10,10,7,6,11,4,7,9,7,15,6,7,8,3,4,6,9,3,13,4,8,8,6,8,4,5,7,6,2,4,6,8,5,10,6,4,10,4,9,7,3,9,6,8,12,7,11,3,7,9,8,10,7,7,8,3,8,10,6,4,8,8,3,3,9,4,9,7,4,1,6,8,0,3,8,6,5,4,2,8,4,6,3,4,7,8,9,5,4,5,4,4,6,6,3,4,11,8,6,9,9,5,8,6,12,7,8,3,5,3,6,4,7,4,2,6,8,4,7,4,9,8,6,6,8,5,5,4,7,7,4,14,7,3,5,5,6,3,4,7,15,2,2,6,7,6,2,6,6,5,4,5,5,5,6,3,7,4,2,7,3,4,4,7,6,10,6,4,9,8,6,5,5,2,6,5,12,5,4,12,8,3,9,7,5,10,7,8,6,6,7,1,7,7,4,6,5,8,6,8,8,5,8,5,11,4,8,5,3,7,2,7,9,7,7,1,12,3,5,4,8,4,4,12,1,10,4,6,9,3,6,5,5,4,8,2,6,6,4,7,2,5,5,4,7,4,2,6,3,8,7,7,10,9,10,10,4,5,8,2,4,7,10,3,8,6,6,8,5,8,4,9,5,5,2,2,5,8,7,8,8,4,3,4,7,5,8,7,7,7,6,4,5,4,7,6,8,10,10,11,5,7,6,9,5,4,9,7,7,5,2,3,4,8,7,7,5,10,6,7,5,6,7,3,9,3,7,7,6,4,9,10,5,6,2,12,6,6,7,4,10,5,9,5,11,4,5,5,3,2,3,5,10,2,7,5,4,8,5,8,5,7,10,6,12,11,11,6,4,4,6,10,3,5,6,3,4,5,5,7,8,5,7,4,4,6,9,5,9,8,4,8,11,3,6,5,4,11,7,4,7,9,7,4,4,5,9,1,6,9,6,4,12,6,3,2,5,3,4,3,2,3,9,11,12,4,8,7,12,7,5,5,2,7,7,1,6,5,9,5,4,1,8,4,4,2,7,9,5,4,9,3,6,2,7,8,4,8,7,5,2,7,4,9,4,5,6,6,6,4,8,4,12,9,7,6,1,7,4,11,9,3,7,6,4,4,9,8,6,7,5,9,10,7,5,6,5,7,9,4,3,6,5,5,10,4,4,6,5,12,6,11,6,4,5,4,4,5,12,7,5,9,11,6,9,6,8,6,5,5,11,6,3,3,5,9,4,6,5,4,7,6,5,5,10,5,7,3,3,6,5,6,9,4,1,6,4,4,11,4,4,9,4,6,8,6,4,12,9,7,6,8,1,5,4,5,7,5,5,2,5,4,8,7,6,9,7,1,5,4,14,1,8,5,8,3,3,4,7,7,8,7,7,4,5,5,15,7,5,3,3,5,9,5,7,8,8,9,7,8,2,5,3,7,4,12,5,6,8,7,7,6,7,4,4,5,7,3,4,5,6,5,5,8,8,8,7,6,6,6,7,3,4,8,2,10,4,9,3,9,10,2,4,6,5,3,4,1,10,8,10,9,6,6,7,9,5,6,11,11,9,3,4,8,6,9,7,13,7,2,7,5,2,13,12,3,1,6,8,7,6,8,7,5,8,7,5,2,8,6,4,2,11,5,7,2,10,6,6,3,6,5,8,7,7,6,4,10,3,8,8,2,7,0,2,11,4,7,3,9,6,7,5,2,10,3,13,3,6,7,2,7,4,8,4,9,2,3,5,7,5,5,9,6,9,7,2,5,10,6,9,3,7,4,3,7,9,10,7,7,7,10,6,3,4,7,7,6,7,3,5,8,11,8,9,5,6,3,3,7,1,7,10,11,6,6,9,3,7,6,11,4,6.195,11.3613469396374,1.0286530603626
7,9,9,10,5,3,3,5,5,9,4,3,5,3,7,4,5,4,2,3,8,5,7,10,5,4,8,5,7,8,7,7,4,6,7,6,7,7,3,6,4,3,3,4,8,4,10,9,3,6,6,10,2,6,2,7,9,6,6,4,6,7,8,10,6,5,10,6,7,5,13,3,6,4,4,11,6,6,8,7,1,5,5,4,5,5,8,6,6,5,4,7,7,9,12,1,5,4,4,10,10,10,8,3,7,7,8,7,11,8,8,8,5,3,1,6,6,5,6,3,5,4,2,6,7,4,5,0,7,8,8,3,9,10,6,8,6,7,11,7,7,5,4,6,9,10,5,7,4,8,2,4,5,6,7,5,6,4,2,2,8,3,8,8,8,6,1,4,6,7,4,7,5,6,6,10,7,4,10,9,9,13,7,3,4,3,6,7,9,8,3,9,8,5,5,4,6,9,6,2,9,4,7,4,5,6,9,4,5,6,4,11,3,2,8,6,6,7,8,2,6,6,4,4,6,9,7,9,3,6,8,4,9,6,8,3,3,7,5,9,4,6,8,7,4,5,1,4,1,11,4,2,7,5,11,10,8,5,4,8,5,2,7,4,4,3,2,10,2,11,5,8,6,6,8,9,8,5,7,4,10,8,12,2,7,6,8,3,9,3,7,3,8,8,9,9,7,7,4,8,6,6,3,7,2,7,3,7,6,10,4,4,7,1,8,7,7,10,2,3,3,4,5,7,5,6,7,5,7,3,7,6,4,8,0,6,5,5,3,2,8,8,1,4,4,7,9,5,6,6,3,4,8,8,7,6,7,5,7,6,8,6,7,3,7,5,3,4,3,4,7,1,5,5,11,3,6,5,8,2,3,2,7,6,8,3,8,5,11,3,13,8,15,3,9,10,3,12,4,4,2,5,6,6,6,7,11,6,5,3,4,12,5,7,7,5,11,5,3,7,7,8,7,4,2,13,1,5,5,6,0,2,4,5,3,4,8,7,10,6,6,10,10,4,5,4,4,5,14,5,4,4,5,5,5,4,6,3,6,3,11,7,8,8,4,6,4,4,12,4,10,8,6,8,10,5,6,6,10,5,4,4,7,6,2,4,2,4,8,2,4,5,5,7,9,8,8,8,7,4,6,8,8,9,12,8,5,4,4,9,1,9,3,4,5,8,11,5,3,6,5,6,5,7,2,8,6,6,8,5,3,2,9,12,4,10,7,8,5,5,5,8,1,10,6,2,5,2,13,9,8,10,4,8,4,9,8,7,5,2,4,8,7,5,3,3,4,3,5,3,10,5,4,12,6,4,7,3,7,5,10,8,5,6,4,8,12,9,4,7,7,9,5,5,2,2,7,12,3,6,9,4,5,7,10,5,7,6,5,4,9,10,9,5,13,8,7,5,7,6,2,0,6,8,6,2,6,7,8,2,4,4,4,3,6,8,14,5,1,7,4,6,4,5,6,5,3,9,5,13,5,6,6,5,6,10,3,5,10,2,3,7,6,4,7,5,4,6,2,6,6,4,4,8,8,8,7,5,8,2,4,4,7,4,3,5,7,8,3,5,7,1,10,6,4,7,2,7,8,6,5,7,6,8,9,6,6,12,6,9,8,3,4,3,7,7,4,1,14,6,7,3,4,7,10,8,10,9,7,6,2,5,2,3,11,5,5,2,10,6,7,4,8,5,6,10,9,3,6,3,8,5,8,10,5,3,6,4,6,8,8,6,9,6,9,3,7,7,4,5,4,5,4,2,8,4,6,3,4,0,5,1,7,5,3,4,8,5,6,11,9,4,7,4,5,6,6,4,9,9,7,7,11,10,13,4,10,7,5,5,5,5,5,4,6,4,5,4,5,3,6,3,9,6,8,6,8,3,7,1,6,8,5,3,6,9,4,1,1,13,3,6,2,5,8,7,7,8,5,9,3,8,5,7,9,4,5,8,7,9,7,7,8,6,5,3,5,6,4,7,3,6,6,10,6,7,5,7,1,4,4,5,6,10,3,3,8,4,10,3,10,5,4,8,7,5,8,1,7,3,9,6,4,7,5,3,6,3,3,8,11,10,10,7,6,3,4,9,6,8,10,13,4,8,3,5,13,2,6,7,7,3,11,6,5,4,5,3,2,7,6,7,6,6,7,6,4,3,8,4,1,3,8,5,6,2,5,4,9,2,6,9,7,2,5,5,7,7,13,5,3,2,4,5,2,8,7,9,13,3,3,6,2,6,4,4,2,2,6,3,9,10,7,4,10,3,0,3,4,5,5.929,11.0740839432592,0.783916056740851
5,5,10,4,9,6,8,5,8,5,8,5,4,5,6,4,4,5,5,6,4,7,9,3,6,10,7,6,8,9,4,3,8,6,6,8,10,4,10,9,6,6,6,4,7,8,12,5,7,13,5,11,12,1,4,10,5,7,5,2,4,11,15,9,10,8,4,6,1,3,6,11,8,6,2,8,6,5,5,5,5,7,3,3,3,7,1,4,8,4,11,7,7,6,2,5,9,6,3,2,7,6,8,5,5,2,3,6,10,9,5,7,10,3,5,9,5,5,8,5,2,7,1,3,6,5,9,6,8,4,9,8,10,2,7,12,7,7,6,2,3,3,8,7,7,8,4,6,3,5,4,6,4,2,3,5,6,7,10,5,2,2,5,9,4,2,4,7,1,8,4,9,4,8,6,4,6,5,12,4,4,6,7,5,8,2,4,7,5,9,7,7,9,8,8,3,3,8,3,2,2,4,6,4,3,4,8,5,8,6,4,7,6,8,2,3,4,4,6,3,8,11,5,8,8,7,2,2,11,10,3,6,5,6,6,4,9,9,9,7,3,6,4,6,3,3,12,4,2,8,4,4,8,9,3,13,9,5,7,8,1,6,1,9,5,6,6,6,6,9,5,5,7,4,5,6,8,4,3,6,7,11,9,6,5,6,1,5,8,6,8,4,3,6,7,7,4,7,6,9,4,8,7,5,3,3,13,9,5,7,8,3,6,9,7,7,6,8,9,7,9,5,6,7,7,5,10,4,9,4,2,10,6,4,2,6,8,8,1,5,11,3,7,3,2,2,7,9,6,5,2,5,5,6,5,7,4,5,7,6,4,8,10,7,5,7,0,4,6,7,8,6,12,6,9,4,5,6,8,10,6,6,6,4,7,7,5,7,7,3,6,5,5,1,6,4,2,9,10,8,7,6,4,7,4,5,6,13,8,3,8,9,3,10,1,7,4,5,6,8,4,5,6,6,8,6,4,8,3,3,7,10,6,10,7,7,3,4,7,6,7,11,9,5,1,11,9,7,5,4,1,5,4,3,6,2,6,6,7,10,2,2,0,5,1,8,6,10,8,7,4,6,8,4,4,5,4,4,4,4,7,7,3,5,5,4,9,5,7,6,10,7,8,5,6,5,5,3,9,5,10,5,6,12,3,9,7,6,5,3,3,6,6,5,4,10,6,2,9,4,3,7,7,7,6,8,6,6,6,2,6,8,10,3,11,6,7,4,3,10,9,5,5,6,6,4,9,2,5,4,4,3,8,5,7,9,2,7,7,10,8,6,4,6,7,4,9,4,6,9,2,7,2,4,6,5,7,7,5,10,9,2,3,4,7,4,13,4,8,2,4,10,2,5,6,7,7,9,2,12,8,11,4,6,11,7,8,5,5,9,10,10,8,3,3,7,8,5,7,4,7,5,2,9,4,6,2,4,8,3,3,6,13,6,3,5,12,4,5,5,2,3,6,5,7,2,6,9,8,10,8,1,6,9,9,8,10,7,7,2,9,1,7,7,7,6,6,4,6,6,5,3,4,4,7,7,10,7,9,16,10,5,7,9,6,2,5,6,4,3,9,4,12,5,5,7,5,7,7,14,6,6,7,9,6,4,7,4,9,7,5,4,5,7,3,4,3,4,8,6,8,8,8,5,7,12,7,8,7,5,5,7,8,3,5,4,10,4,9,4,6,2,4,8,7,7,7,4,1,6,5,3,5,5,5,5,9,11,5,7,7,6,8,2,3,7,5,6,2,9,2,4,3,2,4,6,10,2,8,4,3,7,4,4,9,10,3,3,7,6,6,5,5,4,7,9,7,11,2,4,11,7,9,10,7,5,6,4,9,7,2,5,3,9,4,6,4,9,4,7,7,5,4,7,8,6,10,8,6,8,6,7,4,4,8,7,4,3,6,10,4,6,4,5,5,10,1,4,11,3,3,3,3,9,6,4,5,8,11,6,6,8,6,4,7,6,4,1,4,10,2,3,8,7,1,8,3,3,9,14,1,5,4,6,5,0,5,6,13,10,3,5,4,7,5,5,7,5,6,1,3,4,1,9,7,7,6,5,5,6,1,11,6,6,6,2,8,5,2,5,6,10,7,9,3,5,5,5,8,4,7,5,9,5,2,6,6,5,7,1,4,3,5,4,8,7,5,11,3,9,6,5,11,7,3,8,3,5,7,9,2,4,5,3,2,2,2,6,10,2,5,6,10,9,7,3,3,6,6,7,11,8,5,4,6,4,6,9,8,2,9,4,8,8,7,7,4,7,18,4,5.952,11.0797662720273,0.824233727972722
6,5,9,3,3,6,11,4,5,3,9,5,7,8,13,5,2,4,3,8,6,1,7,11,3,10,11,11,9,5,5,9,6,5,7,9,5,4,3,5,6,5,4,6,4,5,3,9,3,2,5,5,8,6,6,7,5,4,3,10,8,8,12,3,5,2,11,4,5,4,4,3,11,8,4,7,3,10,5,8,5,6,7,6,6,3,5,3,9,4,3,5,4,3,2,8,7,6,4,4,6,5,9,6,5,3,6,4,8,3,2,6,6,8,11,2,1,2,6,6,2,9,5,8,2,9,6,7,4,12,6,5,11,5,10,6,4,6,4,10,9,7,5,7,4,7,7,4,11,5,5,9,4,8,12,5,7,3,3,4,6,4,10,15,6,2,6,2,6,3,3,3,7,9,7,5,3,8,10,3,9,2,8,5,8,9,1,6,8,6,7,8,6,4,4,4,8,2,6,1,7,3,7,5,2,6,3,12,5,8,4,2,6,2,4,7,9,6,3,6,6,6,7,5,10,8,6,3,7,9,9,4,9,4,5,7,5,3,4,4,6,3,6,6,9,4,9,10,7,10,4,2,4,4,6,9,3,6,5,8,3,7,5,7,6,5,6,5,6,7,4,4,8,6,6,7,9,9,3,7,4,4,7,2,6,5,1,8,9,6,8,6,11,10,10,5,6,5,8,3,2,10,3,7,9,2,6,10,4,6,5,5,10,7,3,6,6,5,8,4,5,5,9,4,2,2,6,6,2,0,4,12,8,6,3,6,4,6,4,7,6,5,5,2,3,6,9,2,3,5,0,11,4,7,9,3,4,6,4,5,4,5,6,4,4,5,1,5,4,3,8,6,6,10,11,3,2,5,8,6,5,3,7,4,4,9,11,10,5,7,6,8,7,10,13,2,7,3,6,5,3,4,6,6,3,8,2,4,7,11,12,7,4,7,4,4,6,7,6,7,6,5,8,4,6,2,9,0,8,5,9,2,6,5,6,6,8,6,5,5,8,9,4,7,5,3,10,3,7,4,9,5,2,7,5,3,4,4,3,4,9,7,6,9,5,3,5,6,9,4,5,3,2,4,13,5,6,10,6,5,2,4,3,8,3,8,8,9,5,6,11,8,7,6,6,7,10,4,3,5,7,6,4,11,6,0,4,4,6,5,4,5,4,5,5,7,4,3,7,6,4,12,9,9,4,3,6,7,7,5,3,10,8,2,4,7,7,5,10,5,5,8,3,6,2,11,8,3,9,5,9,8,8,11,2,8,6,5,8,3,5,7,5,7,6,5,5,5,11,5,9,9,3,3,6,7,7,8,9,9,4,2,4,1,7,10,6,9,7,4,9,6,11,3,6,5,8,10,3,4,8,2,5,4,2,6,7,5,4,7,8,6,6,3,6,7,10,6,11,8,6,6,10,10,5,10,2,8,3,4,7,6,11,5,6,5,8,6,7,7,7,3,8,10,6,6,8,7,3,2,4,7,8,0,10,6,4,4,4,7,1,4,5,3,7,4,4,1,11,6,9,7,5,6,7,8,2,8,7,5,3,7,10,4,3,5,7,12,5,4,8,3,5,3,4,5,5,4,6,7,6,6,4,5,8,8,8,16,3,5,7,6,8,7,5,3,4,3,6,4,3,2,3,4,7,11,2,6,5,7,7,10,8,8,9,5,3,6,2,3,7,8,7,5,7,3,7,3,8,6,5,10,7,9,4,6,4,11,5,5,4,6,7,4,3,10,6,6,5,5,5,5,8,5,8,2,8,5,7,7,4,2,5,5,5,3,5,6,4,9,6,3,10,7,10,7,2,5,4,3,9,3,5,6,0,5,3,3,5,8,4,10,2,3,6,9,4,7,2,4,6,3,4,3,6,4,4,6,8,6,4,6,6,2,5,4,5,6,7,2,4,5,5,7,5,8,4,7,8,6,4,5,5,6,7,3,2,5,6,7,5,7,4,5,4,6,9,8,8,11,4,5,5,7,6,4,7,5,4,11,4,5,8,6,9,6,5,3,1,5,9,10,6,7,5,2,7,5,5,3,7,6,7,6,5,9,6,7,8,6,8,5,14,7,8,5,6,8,5,4,8,6,5,4,7,2,2,9,3,6,5,9,2,3,9,2,6,4,12,4,9,6,5,6,2,5,4,7,5,6,8,4,8,9,9,4,11,2,8,6,9,7,3,2,4,4,6,8,11,6,2,3,7,6,6,8,7,5,7,3,3,6,8,5,9,5,6,6,7,8,11,8,12,3,3,3,7,2,8,4,5.826,10.7463519367604,0.905648063239628
8,5,10,5,8,3,7,5,5,6,5,8,7,5,5,5,4,5,7,5,4,5,5,11,10,9,5,4,8,6,7,6,4,6,7,7,4,11,10,8,6,7,1,4,9,4,10,4,4,3,6,4,6,3,5,8,4,7,5,4,7,7,13,9,7,6,8,7,7,1,10,4,5,5,6,9,6,10,7,4,7,4,5,3,6,4,10,3,5,10,5,8,7,3,8,4,4,5,3,7,5,9,6,1,12,7,9,7,5,8,8,6,3,10,3,11,8,6,3,1,10,7,11,9,13,3,5,7,11,10,4,7,9,9,7,9,8,6,11,5,3,6,7,7,1,5,8,6,2,1,9,10,7,7,5,7,4,3,4,8,5,8,3,9,4,3,8,10,4,13,4,7,11,9,5,10,4,10,4,6,3,4,2,9,6,11,7,6,5,2,9,7,6,3,7,10,5,3,4,2,7,3,7,1,4,5,13,4,9,11,7,4,6,7,4,3,5,3,7,5,7,7,1,6,4,3,10,11,1,12,2,9,9,5,3,5,6,8,6,7,0,4,9,8,5,6,3,13,1,15,4,4,5,6,9,6,5,5,5,8,4,6,2,3,5,2,7,5,3,10,8,10,12,9,5,4,8,3,5,3,5,8,5,8,5,8,7,10,9,5,9,5,10,6,4,10,9,4,6,5,8,6,4,5,7,7,9,5,6,8,4,6,6,6,7,8,3,8,6,9,8,4,5,1,5,4,7,5,6,3,9,7,3,4,3,5,5,5,6,6,4,7,5,5,8,2,4,7,10,8,4,7,10,5,10,5,4,2,3,4,1,2,7,3,7,7,4,6,10,10,10,2,1,7,5,6,4,4,7,1,7,3,2,12,0,9,5,8,4,5,6,7,6,9,4,8,10,7,5,8,4,2,5,4,10,8,3,6,5,5,9,6,10,7,2,5,6,4,6,9,11,4,6,4,3,6,5,7,8,5,3,3,8,6,9,6,4,5,10,3,6,10,6,6,6,3,4,9,4,5,4,5,9,3,5,6,4,6,1,8,7,7,4,2,6,10,11,4,6,8,6,8,3,8,9,5,6,6,6,7,6,6,6,8,6,10,0,10,6,4,7,9,4,3,8,9,8,5,4,3,5,8,7,10,3,11,5,5,3,5,5,2,8,5,5,10,8,5,4,5,6,5,8,9,4,8,6,11,3,4,8,7,9,3,2,4,4,6,8,4,6,6,6,5,7,10,3,9,5,10,5,7,4,9,3,6,3,3,10,9,4,4,1,12,6,9,9,6,8,8,5,7,6,5,2,9,7,9,6,6,7,4,4,4,8,5,9,8,10,7,7,9,2,2,5,1,7,8,2,9,6,3,4,3,3,7,7,4,5,2,10,9,8,6,5,6,8,3,7,5,5,3,6,7,8,4,3,9,3,7,4,7,6,6,6,6,8,6,5,4,3,10,2,5,3,4,10,12,3,8,8,7,3,8,5,9,6,5,4,5,3,4,6,3,4,3,7,9,8,5,6,6,9,2,4,5,3,8,7,10,8,5,14,3,4,6,8,13,4,7,4,6,11,4,3,9,6,8,5,11,7,8,7,5,2,8,12,9,4,5,3,6,3,3,1,6,5,6,9,5,3,0,8,5,7,2,5,5,7,1,4,4,5,4,8,7,1,5,11,6,5,8,5,6,7,7,3,4,3,5,5,8,7,7,7,2,9,5,2,4,2,7,9,1,4,5,7,10,3,5,7,2,12,6,6,4,10,8,9,6,2,6,4,5,11,4,8,5,6,9,5,7,6,0,7,6,4,5,7,6,9,8,8,6,4,2,6,2,6,4,5,7,10,9,3,4,4,10,12,4,4,5,5,6,8,10,7,3,9,7,5,7,7,3,3,3,3,3,5,7,7,8,4,7,7,8,2,5,8,5,8,6,4,6,9,5,3,6,7,9,3,3,3,4,7,2,8,5,8,6,2,8,9,1,6,6,4,5,6,6,8,10,9,7,4,4,3,4,10,5,5,2,8,9,3,7,6,3,8,6,7,4,6,6,8,4,4,8,2,2,9,5,5,5,3,5,7,11,2,3,5,7,4,8,2,6,5,3,7,11,5,3,4,8,6,1,7,8,6,3,8,5,1,2,6,6,3,7,7,4,4,6,6,10,2,1,11,7,9,5,5,6,4,6,6,9,8,12,6,3,4,1,4,6,2,3,6,4,10,10,4,6,8,1,9,6,8,3,3,5,13,7,6,8,8,5,7,5,9,4,5.938,10.9804879945097,0.895512005490278
6,6,10,8,5,9,10,8,7,9,7,6,3,5,7,8,5,4,6,4,4,5,6,3,8,11,4,4,6,5,5,5,3,3,8,13,6,7,4,9,6,7,7,6,9,5,6,7,2,5,0,7,7,4,5,4,5,4,3,5,5,8,7,9,4,3,11,6,7,5,10,6,7,5,8,4,1,5,8,4,4,6,5,4,3,6,8,10,7,8,1,7,4,3,8,5,6,6,7,7,7,3,2,4,10,3,6,4,5,13,6,6,4,7,7,7,5,3,4,6,1,10,3,4,5,7,6,7,2,8,2,5,7,7,10,5,4,4,8,4,7,7,6,9,9,8,9,3,3,2,6,8,5,4,9,4,1,5,2,8,3,6,12,4,4,6,7,5,6,9,6,13,7,9,7,6,6,6,9,5,10,9,8,6,3,10,2,7,4,4,9,6,11,7,2,2,3,3,5,1,5,3,7,5,6,5,11,4,9,4,8,6,7,9,4,7,8,8,9,3,11,4,3,7,5,9,5,7,9,4,5,5,8,6,9,4,4,8,3,8,2,7,4,9,9,2,8,3,7,9,5,2,10,6,6,6,5,5,3,8,5,4,5,9,3,3,8,5,4,11,7,10,6,7,4,1,7,5,7,4,5,6,7,4,14,3,1,4,10,2,5,3,8,9,7,4,1,7,2,6,5,14,5,4,3,2,7,7,4,7,4,3,5,7,10,6,4,6,6,8,11,10,7,7,10,5,6,13,5,2,6,8,10,9,4,3,8,6,1,5,1,7,4,4,5,9,4,6,8,3,10,8,9,6,4,4,8,6,5,8,1,4,5,5,9,10,6,2,4,4,6,5,6,4,8,8,4,8,7,3,7,11,5,7,11,6,9,10,4,9,5,8,4,2,10,3,6,8,3,4,2,2,6,7,9,1,6,8,8,3,8,4,2,10,1,6,8,5,9,5,5,3,7,1,7,1,3,8,7,9,9,3,9,6,5,9,4,5,6,6,7,12,5,6,5,10,7,6,9,4,5,6,5,7,4,8,6,6,7,5,1,5,5,7,3,4,9,5,7,5,4,8,1,10,10,14,6,3,5,4,6,3,5,3,4,6,9,4,8,8,6,6,9,8,5,4,7,7,8,3,7,10,3,11,4,10,7,4,4,6,8,4,7,2,5,9,3,4,6,7,1,5,6,4,5,3,3,6,6,3,1,2,10,9,3,3,4,4,12,7,12,8,8,5,2,8,6,7,8,5,6,3,3,6,4,6,8,2,6,6,6,4,5,3,4,7,7,4,8,4,6,5,4,6,11,5,5,11,10,3,7,7,5,3,5,4,9,7,4,7,4,6,4,5,11,5,3,7,11,9,8,2,3,6,11,7,10,5,8,6,5,7,2,2,14,4,10,5,7,3,3,3,11,5,1,5,5,8,4,6,7,3,12,8,8,7,8,4,6,6,6,5,6,7,8,7,4,5,4,5,5,4,6,4,6,7,7,2,4,9,7,6,9,3,6,6,2,8,4,5,7,3,5,4,6,11,7,9,8,9,6,6,6,8,3,8,4,6,8,4,12,6,5,7,6,4,8,2,11,7,5,6,5,8,5,11,13,4,2,8,7,6,6,9,7,8,5,3,11,6,2,6,6,9,8,6,4,9,8,2,4,4,8,6,2,10,7,7,3,5,5,2,4,6,6,7,9,5,3,6,2,3,5,5,5,5,4,9,5,5,3,8,6,5,4,2,4,8,3,5,7,9,6,2,0,5,7,5,4,4,1,6,4,7,7,8,4,7,4,8,4,9,2,5,6,2,11,6,5,3,5,6,4,4,6,7,5,8,5,6,5,10,5,6,1,5,4,9,4,10,11,3,5,13,9,4,6,5,6,3,4,4,6,5,5,8,8,7,11,9,5,8,3,9,2,8,5,6,6,5,5,7,6,5,4,1,3,6,9,9,3,10,9,4,7,8,6,7,7,5,6,7,6,6,10,5,5,6,4,8,5,9,5,9,10,1,6,5,6,5,8,14,10,5,7,7,4,1,5,6,12,5,5,3,12,9,5,5,6,2,7,7,6,5,4,2,4,8,7,6,10,6,0,7,3,7,6,9,7,5,3,3,8,3,2,3,9,5,8,6,5,9,4,4,10,5,3,2,2,3,6,7,9,2,3,5,4,8,6,8,2,2,5,3,5,8,9,6,10,3,4,8,6,4,4,8,7,9,3,6,9,6,3,5,7,1,3,6,3,4,18,9,6,8,9,3,4,3,5,6,5.895,10.9129558229064,0.877044177093593
11,11,14,7,6,6,8,5,5,5,12,6,4,3,8,2,7,7,6,6,5,4,3,6,5,9,7,7,8,6,4,5,4,8,5,5,3,4,10,3,5,8,9,8,9,5,7,10,6,7,10,8,5,6,9,5,4,6,5,5,10,9,7,8,8,6,5,8,1,6,9,6,4,4,4,5,9,7,6,4,4,5,5,5,3,5,6,6,7,6,4,9,3,5,2,6,9,7,2,6,4,10,5,7,2,3,6,6,11,6,7,4,4,5,4,4,6,9,7,7,11,4,4,3,7,13,10,6,6,7,6,4,6,4,8,11,6,7,4,9,4,5,6,3,5,4,8,6,5,3,4,6,6,7,7,4,5,5,7,4,2,1,5,3,9,6,5,10,6,6,8,7,7,9,8,5,5,4,9,3,10,4,6,8,5,7,4,3,11,3,11,6,8,2,5,9,6,6,3,1,7,6,2,5,6,5,3,6,5,10,10,5,5,4,5,8,4,9,5,5,11,5,4,7,4,9,5,6,2,9,2,7,8,6,5,11,4,8,7,7,8,6,6,6,5,11,7,5,3,6,4,3,6,5,5,7,6,2,6,11,4,6,3,8,3,4,2,7,1,9,4,8,10,8,8,5,7,5,11,5,7,7,6,2,3,8,4,5,5,10,4,6,3,7,4,8,4,4,7,4,6,4,1,6,3,4,12,12,5,7,9,5,4,6,5,7,3,7,4,9,10,1,2,5,5,8,10,6,5,2,6,5,4,6,5,10,6,6,5,3,4,2,6,2,3,5,11,8,8,6,4,9,7,4,3,9,9,6,4,5,7,3,6,5,10,7,3,5,2,4,5,8,4,5,2,7,7,4,6,2,5,3,4,1,9,11,7,9,5,4,5,9,5,5,6,6,6,6,8,9,4,11,11,11,8,4,9,5,11,11,6,3,3,4,7,3,5,7,10,3,10,5,5,4,3,5,4,6,12,4,2,3,3,6,6,6,6,5,7,10,4,3,12,6,1,2,4,6,5,6,2,5,4,5,3,4,4,5,5,11,5,6,0,5,7,5,8,3,6,2,9,5,4,10,4,6,3,10,7,5,4,4,11,10,8,4,8,7,9,9,10,5,8,5,9,10,5,3,6,4,12,4,8,8,7,4,5,8,7,7,3,12,7,5,4,6,1,5,7,1,6,6,7,6,7,8,10,7,8,9,6,4,13,7,5,7,7,5,7,7,10,13,3,10,6,6,6,4,4,5,6,7,6,7,6,6,5,7,9,8,4,10,5,7,4,12,7,2,9,5,3,6,8,8,4,6,4,6,9,8,11,3,7,4,6,8,9,8,7,8,8,3,4,5,4,2,6,6,4,4,12,5,8,3,7,7,4,6,9,9,7,7,4,5,6,4,10,5,5,3,5,3,5,6,4,3,4,7,5,5,9,9,7,7,8,5,10,11,8,8,3,4,9,9,4,8,4,10,5,9,7,4,9,1,6,8,6,3,3,6,4,2,5,5,3,5,2,7,9,3,3,3,0,3,4,9,4,3,5,6,7,2,5,5,8,6,11,7,7,7,6,3,7,4,4,7,5,7,8,11,3,8,6,5,8,4,6,8,3,11,4,2,9,5,6,9,7,3,5,6,5,2,4,7,6,7,5,13,7,6,5,5,5,3,6,6,5,5,10,6,4,5,3,3,4,7,9,3,3,6,7,5,5,8,4,8,9,2,4,2,6,4,6,4,2,7,10,5,5,4,7,2,8,7,5,5,2,7,6,2,6,3,1,4,7,6,8,6,11,4,8,2,6,9,6,3,6,5,0,5,4,6,8,3,6,3,5,3,6,3,1,7,7,8,2,13,3,5,6,4,7,3,7,4,1,6,5,8,0,4,5,3,5,3,6,6,5,8,2,5,7,7,5,4,10,11,4,4,5,9,7,10,2,11,7,1,6,7,5,7,4,12,13,5,5,6,9,3,6,6,7,1,5,8,4,8,6,2,5,10,5,5,10,7,2,7,5,3,10,4,4,4,7,6,13,10,9,7,5,3,9,3,5,7,5,2,10,6,5,10,7,6,2,9,4,4,6,8,11,8,5,9,6,6,4,1,1,8,8,8,3,1,7,10,4,10,4,4,5,3,2,9,3,5,5,3,3,6,2,6,2,3,6,3,2,8,10,4,10,8,8,5,5,2,4,11,5,8,9,9,7,4,3,5,5,11,6,8,5,1,2,5,2,9,5,6,3,5,8,8,13,6,2,4,11,8,4,5,10,2,5.882,10.8576677975556,0.906332202444416
9,3,5,4,11,2,9,3,6,6,5,6,3,10,4,2,7,5,4,5,7,7,8,5,4,4,7,8,5,5,4,5,4,4,8,3,4,2,4,1,2,4,3,3,8,4,5,6,6,6,5,11,8,3,6,6,5,10,10,5,5,5,8,6,6,7,4,7,8,4,9,5,9,5,5,7,3,6,3,7,7,8,6,3,6,5,6,4,8,8,5,5,5,8,5,7,8,6,3,3,5,1,8,4,9,5,5,4,8,8,8,12,5,2,5,5,6,7,9,3,3,1,11,5,7,9,4,6,6,5,8,7,4,9,5,11,3,6,9,2,4,3,8,5,7,7,8,7,5,9,4,5,5,4,9,3,4,3,6,7,3,2,8,5,4,6,6,5,1,6,5,4,3,6,2,7,4,3,10,8,3,9,6,6,3,4,5,5,6,8,4,10,11,2,5,3,9,8,9,6,3,8,8,9,6,5,7,5,4,9,4,10,7,4,8,7,8,5,4,6,8,11,3,5,5,4,7,5,4,5,5,10,8,4,7,2,3,8,2,3,0,5,4,7,6,8,6,6,0,11,2,2,7,6,2,10,7,4,7,8,4,3,6,7,4,6,5,7,4,11,5,6,6,4,5,8,6,7,7,7,5,5,6,2,9,6,7,2,10,8,10,7,5,4,10,2,5,2,9,5,8,11,4,6,5,3,5,4,3,8,8,3,7,4,7,7,4,8,4,7,6,6,6,8,9,2,10,7,9,2,8,8,6,7,1,2,4,6,4,8,6,9,11,3,7,2,4,7,5,6,1,6,4,4,7,3,4,10,3,8,4,5,6,3,8,9,0,1,6,3,4,3,5,5,8,6,6,6,5,5,1,6,5,0,5,4,8,8,8,9,7,6,8,6,3,3,2,2,5,4,6,6,6,5,10,9,8,7,7,5,11,8,4,8,4,6,4,3,9,5,6,7,6,3,3,7,4,5,3,8,6,5,10,12,5,7,5,7,9,8,4,2,8,6,4,7,6,4,3,4,7,2,4,2,4,2,5,6,10,5,10,5,4,10,4,6,2,5,10,5,8,5,5,5,7,4,5,5,6,2,4,9,7,4,7,10,5,10,2,3,7,11,0,5,5,13,9,3,13,3,2,8,4,6,6,6,8,4,3,11,7,4,13,8,3,4,5,7,4,9,4,6,7,5,7,7,6,7,7,9,4,5,7,6,4,6,5,3,3,4,7,5,4,6,3,3,2,7,4,4,5,5,7,8,6,3,4,5,3,4,4,7,5,6,9,8,9,6,8,4,6,8,7,9,4,0,4,4,12,3,6,5,4,6,14,6,5,6,3,6,8,7,6,0,2,5,3,7,3,5,9,0,7,6,11,5,5,4,4,5,6,7,10,3,6,6,6,4,9,2,4,3,8,3,5,4,3,8,7,7,7,2,7,6,8,5,7,7,10,5,6,4,4,8,4,8,4,9,8,6,1,5,6,13,4,7,2,5,10,4,1,5,8,3,9,4,1,6,4,4,4,2,9,7,2,7,7,10,6,9,6,6,7,4,4,4,6,14,11,2,8,0,6,9,2,5,5,5,11,9,6,3,5,7,5,4,6,3,4,4,10,5,10,7,5,4,6,2,11,9,4,3,2,3,8,7,4,4,7,4,6,10,6,10,7,6,7,7,10,4,4,4,4,3,9,4,9,8,8,6,3,3,4,8,6,6,6,7,6,10,11,5,1,1,4,6,5,9,6,2,2,5,5,5,5,1,7,4,8,3,4,3,5,8,8,11,7,6,4,5,8,2,6,3,4,13,6,8,4,5,6,4,7,4,7,4,9,4,2,3,1,3,7,6,7,4,5,4,9,5,9,2,7,5,8,8,9,3,11,4,3,5,5,5,4,5,2,3,8,5,8,7,5,5,5,10,3,6,5,2,4,6,6,8,7,7,4,7,10,9,5,6,5,3,4,3,6,8,6,7,6,13,8,6,6,6,6,9,4,8,3,4,7,6,9,5,5,3,8,4,8,3,8,6,7,9,4,11,6,2,5,6,7,6,6,3,5,7,5,8,5,9,4,5,9,4,5,8,4,3,6,6,8,10,4,11,10,3,3,7,7,2,7,4,7,3,4,9,5,4,6,6,4,1,8,6,6,4,5,5,5,8,6,5,4,5,10,2,9,8,5,8,6,7,2,6,3,6,9,6,7,3,5,2,8,3,4,6,3,8,5,8,6,4,4,7,9,4,3,2,11,5,4,4,10,2,4,4,12,6,5.706,10.5140288480628,0.897971151937237
8,5,6,4,7,5,3,3,7,7,6,2,8,1,8,10,6,5,3,2,5,7,5,9,8,4,3,5,8,5,6,10,3,6,3,6,2,7,8,6,6,3,6,4,5,1,10,7,4,5,5,3,8,3,6,6,4,6,7,7,1,9,7,5,6,4,10,4,4,5,9,9,7,7,4,2,3,11,5,11,4,10,4,8,3,9,7,7,6,8,5,7,10,4,9,4,4,6,5,3,6,3,7,5,11,8,6,5,3,7,6,7,2,5,9,4,5,2,15,7,5,5,2,5,6,7,7,5,6,7,3,5,8,9,11,12,3,7,7,8,7,7,4,10,3,8,5,5,4,6,7,5,6,5,4,6,5,1,14,5,3,6,9,4,10,3,6,4,4,4,1,7,9,7,3,7,0,4,4,8,5,6,4,2,3,5,5,5,7,6,10,5,5,4,2,3,10,4,8,3,5,3,1,6,4,8,5,4,3,10,7,6,11,3,3,4,4,5,5,6,4,8,3,9,3,7,3,9,5,10,8,6,5,6,9,6,6,6,6,9,7,4,6,4,5,5,4,2,9,7,5,4,4,8,9,5,7,7,8,8,6,3,5,9,5,4,3,5,5,7,5,2,4,5,10,6,7,2,4,3,5,8,6,7,3,3,5,6,7,8,5,2,11,9,7,5,4,5,5,4,1,4,2,3,12,7,2,5,9,2,6,9,3,5,5,5,9,10,10,7,7,6,8,8,4,7,4,13,2,6,8,9,5,5,3,5,3,7,4,3,9,5,6,4,6,6,5,9,9,5,7,6,8,8,4,6,2,7,3,2,4,3,7,4,8,9,2,5,7,1,7,5,6,3,8,8,5,5,3,4,5,0,8,4,4,10,5,6,5,2,5,6,4,7,9,5,2,10,6,3,3,6,9,5,4,6,5,4,8,6,5,8,4,10,5,4,10,1,10,8,5,4,5,6,12,5,3,5,13,6,8,4,5,6,5,7,3,11,5,6,8,5,4,9,2,5,4,4,6,1,7,4,7,6,5,6,7,3,6,6,6,7,2,6,4,11,6,4,8,4,11,3,8,5,7,8,6,9,6,4,7,11,4,6,4,6,2,6,12,10,8,2,6,7,4,7,4,7,5,5,5,5,5,11,7,4,5,1,1,5,2,3,4,5,7,9,3,3,6,8,4,5,6,8,8,3,6,8,5,7,0,8,8,6,5,5,4,4,3,7,3,3,0,8,6,10,5,3,4,8,7,4,7,11,6,7,4,5,7,9,12,6,2,11,3,5,6,7,8,7,10,5,6,4,11,7,4,10,5,5,9,6,6,8,8,5,8,5,7,12,4,4,5,3,8,4,6,11,3,1,5,0,6,3,7,3,9,6,6,7,8,8,6,3,3,9,4,4,5,9,8,9,8,9,11,3,9,7,8,5,7,6,12,8,9,7,6,10,11,5,6,6,6,7,3,5,11,3,2,2,4,5,3,8,7,9,6,5,7,7,3,4,5,5,6,2,2,4,6,7,4,8,8,4,5,2,4,8,7,7,5,1,10,3,3,5,7,8,8,3,7,2,3,4,7,6,15,5,3,10,3,2,4,6,5,6,9,10,9,4,7,4,11,6,4,3,3,7,11,8,5,2,5,7,7,2,9,11,4,2,8,5,4,2,6,8,5,8,4,6,4,4,4,5,6,10,4,4,6,4,8,5,7,6,3,5,8,6,4,7,5,6,5,3,6,8,7,8,7,8,3,8,6,1,3,7,6,9,7,4,5,4,5,4,4,6,7,7,7,5,8,2,10,4,8,6,3,6,3,4,6,3,8,6,7,4,5,7,6,8,4,9,4,6,2,2,4,5,4,2,6,5,8,5,8,7,7,9,9,4,8,3,4,2,3,4,3,4,4,6,7,5,6,9,7,8,13,7,5,2,6,7,5,3,5,2,4,3,3,6,2,1,2,4,6,8,5,6,6,8,4,6,5,4,6,6,9,5,2,12,5,8,10,5,9,5,7,4,5,3,6,6,7,9,9,6,16,4,2,0,3,4,3,5,10,8,3,4,8,2,11,10,9,4,5,6,5,7,7,7,6,5,6,7,7,3,2,5,4,6,5,6,4,7,3,2,9,7,7,5,10,5,7,7,9,6,6,6,5,5,3,4,9,11,3,4,8,5,4,7,5,4,6,2,10,11,6,11,7,1,2,4,1,7,7,10,6,10,3,7,6,7,4,5,5,7,7,4,2,6,13,11,10,5,9,4,8,3,8,5,5.773,10.6752443628805,0.870755637119526
7,13,10,2,7,9,10,6,5,10,5,5,8,10,7,3,6,4,8,6,4,5,3,4,4,10,7,5,8,8,8,5,3,5,2,11,7,5,7,5,4,6,7,5,9,4,6,3,4,6,8,7,6,7,5,10,6,5,4,2,3,7,7,2,2,10,4,9,3,7,4,5,9,1,8,11,7,10,9,9,7,7,2,4,5,4,5,3,3,6,6,11,6,7,5,8,5,2,8,10,7,5,10,7,3,6,6,6,4,9,6,7,6,5,6,7,7,5,8,9,2,5,13,2,4,4,6,6,10,10,9,1,8,5,8,7,11,6,5,2,11,6,4,5,3,6,11,5,3,1,8,6,2,4,8,3,3,6,4,8,10,7,5,4,8,5,4,6,5,5,8,8,14,4,8,8,5,6,10,4,5,5,6,8,5,4,2,3,9,3,10,4,7,9,6,6,3,4,3,7,7,3,4,2,3,6,5,3,4,7,7,4,7,9,7,7,5,5,2,4,9,3,4,7,6,8,6,5,7,4,3,1,10,3,2,2,5,6,6,6,4,7,12,6,6,8,5,9,7,10,11,3,8,7,8,4,6,2,4,5,3,10,10,2,5,5,1,4,7,12,8,5,9,3,4,3,10,8,6,6,6,6,5,6,5,8,3,7,6,8,4,6,9,5,6,3,8,3,5,10,4,7,3,8,7,3,7,9,4,7,3,6,3,4,6,6,2,7,7,12,7,10,7,12,0,4,8,12,2,3,10,6,5,3,4,4,5,4,10,4,3,9,2,5,4,11,7,8,5,7,1,2,7,3,8,7,5,3,5,2,4,6,7,2,9,2,7,8,5,6,6,8,5,5,3,1,4,6,5,8,4,6,6,5,5,5,5,7,1,7,6,9,4,7,4,7,6,7,3,1,3,4,4,10,4,6,11,11,3,5,6,2,9,5,8,4,5,9,7,4,8,6,9,1,3,10,1,7,7,4,5,7,7,6,6,7,7,5,3,3,6,7,5,3,5,7,9,3,6,7,6,5,4,2,5,4,5,4,3,6,7,14,7,5,9,5,7,3,5,2,2,8,2,9,7,4,4,7,5,6,7,9,5,6,3,3,3,5,6,11,8,9,9,4,3,6,4,7,5,1,7,4,5,6,4,6,4,5,7,6,4,6,2,7,7,8,5,4,5,6,4,3,11,8,9,5,9,3,7,6,5,6,5,6,2,4,6,1,9,4,9,6,8,5,7,13,6,11,4,4,5,5,2,6,2,6,7,1,4,5,4,3,5,6,8,11,6,3,8,6,4,4,3,5,2,8,11,13,6,8,7,4,5,4,7,2,4,7,5,7,3,3,8,5,4,4,11,8,3,2,9,5,3,4,8,3,1,5,10,12,8,14,6,5,10,5,3,5,10,7,5,5,7,3,6,4,3,7,7,5,6,4,10,8,8,4,6,4,2,4,4,12,6,10,7,8,6,5,0,3,3,4,9,5,6,11,3,5,7,2,11,1,9,5,4,4,3,4,6,4,4,3,1,6,6,8,6,8,6,2,6,6,3,5,7,2,3,6,9,8,3,3,6,8,8,10,5,3,7,6,8,5,8,6,4,8,9,7,9,5,6,7,9,7,3,3,5,2,7,8,4,2,6,7,7,6,6,7,13,3,7,9,2,2,5,5,2,6,9,4,6,4,8,9,5,5,5,5,7,6,7,5,5,5,9,7,7,11,10,5,2,11,7,4,3,4,8,12,2,9,4,3,6,4,3,8,9,5,4,7,3,2,6,7,3,6,10,7,9,5,3,1,4,5,5,5,3,3,4,4,5,5,2,2,7,3,7,1,8,5,7,9,10,3,5,4,3,6,7,6,7,7,9,2,6,2,3,8,6,6,6,4,5,4,9,5,6,6,9,5,1,10,3,4,6,6,6,8,6,5,7,10,6,4,6,1,2,5,13,6,4,11,3,3,6,7,10,5,6,3,5,3,8,9,5,5,2,5,3,7,8,6,5,1,9,7,7,2,4,3,6,12,7,8,4,7,7,4,10,3,3,6,14,10,6,5,4,3,8,6,2,4,4,4,6,6,5,4,6,0,3,4,2,8,8,4,8,10,8,7,10,5,1,3,8,3,11,7,13,3,7,2,7,2,7,4,4,3,5,8,7,5,5,7,2,6,12,6,7,8,5,3,5,4,4,8,5,5,5,6,0,7,5,5,5,2,6,8,13,4,9,7,11,2,9,5,3,10,7,1,7,3,7,5,5,8,2,6,6,2,5.754,10.8015674608341,0.706432539165863
6,7,5,4,5,4,11,3,9,6,6,7,6,4,6,3,6,8,6,4,5,5,3,6,2,9,2,6,6,7,4,3,11,11,11,7,1,8,3,4,3,3,5,4,8,9,4,8,4,10,8,5,3,5,5,7,9,5,13,9,5,8,8,5,5,4,10,4,10,5,6,4,5,5,7,7,3,9,8,5,5,6,10,8,3,3,5,5,8,6,4,3,2,4,5,5,5,6,4,9,10,5,4,5,3,4,7,9,11,8,4,9,7,10,5,2,9,6,9,4,5,3,3,4,8,9,6,8,3,6,9,8,4,5,4,8,7,7,4,8,4,7,7,9,9,5,2,4,9,10,4,4,5,9,7,2,9,2,5,7,4,3,10,3,8,2,7,5,3,7,4,12,8,12,8,8,6,10,4,9,6,7,3,5,3,6,8,5,8,4,6,11,8,3,7,7,6,4,7,4,1,7,5,8,4,5,10,4,6,10,10,10,6,5,7,4,6,4,6,10,6,12,3,1,13,5,5,2,4,7,5,7,8,5,8,7,7,4,7,3,4,6,6,7,5,5,6,3,7,4,7,3,9,4,8,4,5,3,5,5,5,3,5,5,7,2,4,3,6,11,3,8,11,7,4,4,6,7,3,4,10,7,12,3,6,11,4,7,13,7,9,3,6,4,3,8,2,0,6,5,7,4,10,6,3,4,10,7,4,7,7,3,10,7,5,2,3,2,7,5,7,8,7,0,5,4,7,5,7,1,5,5,6,6,2,7,10,8,4,5,7,2,4,5,5,1,6,9,10,1,7,5,11,6,5,7,7,6,4,8,4,2,6,6,6,6,8,8,4,6,3,6,5,5,5,6,6,7,7,3,1,5,5,4,4,6,4,4,7,5,3,7,5,7,6,8,4,4,4,5,2,4,7,4,9,10,5,5,9,4,3,4,6,5,5,4,6,6,5,10,5,4,10,2,4,3,3,4,8,11,4,8,6,4,4,2,2,7,8,7,7,9,7,9,2,4,7,5,7,3,6,5,2,8,4,5,5,6,5,4,10,5,4,4,5,5,5,6,5,2,5,4,2,3,5,7,8,6,6,8,7,6,7,4,7,6,3,6,5,5,7,4,6,6,5,3,4,8,8,3,6,4,3,6,10,6,7,7,4,6,5,6,4,12,3,6,5,3,4,3,5,4,11,4,8,5,7,8,11,8,7,4,3,11,5,6,3,3,9,5,8,10,4,6,3,9,4,7,6,6,4,4,2,9,11,7,6,3,4,7,6,9,3,8,5,9,7,6,5,5,1,6,4,2,4,6,4,9,5,6,6,2,6,3,4,6,9,2,5,3,8,3,4,5,12,7,8,10,6,6,5,2,4,8,8,6,5,8,7,4,10,7,5,6,5,10,10,5,9,6,9,3,6,9,6,10,6,9,4,4,4,5,8,6,3,8,6,11,6,7,2,7,4,4,1,6,2,10,9,8,1,8,7,7,4,9,6,11,10,4,5,0,9,5,4,4,2,10,10,6,5,6,7,4,4,7,6,6,8,10,7,7,6,2,7,6,5,3,4,10,8,3,5,4,3,5,10,9,6,7,2,3,10,8,6,6,7,8,2,10,4,2,8,4,3,0,4,1,9,6,2,3,5,6,9,8,4,4,4,6,3,5,6,7,6,9,6,5,3,3,6,11,11,3,9,8,10,6,3,2,5,5,8,9,6,6,6,5,4,4,16,4,1,6,4,5,3,7,4,8,7,3,4,2,6,5,7,4,4,6,1,4,4,5,5,8,4,9,3,5,5,6,8,4,4,6,5,3,5,7,5,6,9,3,6,3,4,1,1,8,5,6,3,7,2,7,10,9,9,7,7,3,9,11,3,4,7,6,9,0,6,6,2,2,7,3,4,8,3,11,12,9,12,6,3,6,6,6,4,6,3,4,5,6,8,2,8,4,4,8,3,6,4,9,5,7,4,8,9,7,6,4,11,8,16,7,5,8,5,10,6,10,8,5,6,3,7,9,4,7,8,8,10,3,8,6,14,3,6,5,10,3,7,4,6,4,10,8,0,3,5,5,9,12,8,8,6,9,6,6,8,7,5,6,9,8,3,5,8,7,3,1,2,6,4,9,9,4,3,4,7,7,4,4,3,11,4,5,8,4,7,4,9,6,3,8,7,3,5,8,6,6,8,5,4,5,8,5,8,8,3,4,10,1,6,6,4,9,7,5,8,6,8,7,6,4,4,2,3,9,9,9,2,6,11,2,9,3,9,3,5.838,10.7591459160166,0.916854083983407
5,10,7,2,7,1,8,9,3,5,6,10,7,8,9,4,5,11,5,3,3,7,3,9,5,7,4,5,10,1,6,8,4,4,6,6,3,6,8,5,8,7,5,4,5,5,7,4,1,5,8,4,6,8,11,9,10,9,2,3,7,7,9,4,8,6,6,5,3,3,3,5,3,5,4,4,3,5,3,4,5,4,8,9,3,4,9,4,5,5,4,8,7,3,4,1,5,9,4,4,3,8,5,7,4,10,7,11,5,5,4,10,5,12,6,7,7,9,2,8,6,5,8,3,5,3,5,6,4,8,2,6,8,4,1,9,8,4,3,7,6,3,9,4,12,3,6,4,9,4,6,12,5,3,6,4,6,3,7,6,6,1,4,5,5,1,6,6,2,11,7,6,9,4,4,9,6,6,8,6,1,4,6,4,5,5,4,5,3,4,7,9,9,4,7,5,6,8,2,6,6,5,6,6,5,5,9,4,6,11,5,6,6,3,3,8,8,3,7,2,10,5,5,4,2,4,4,10,6,4,6,3,5,4,7,4,3,6,5,1,4,5,4,2,6,6,2,5,1,14,10,4,6,10,8,6,2,3,5,9,3,6,6,7,5,3,5,7,5,13,6,6,7,3,5,7,5,9,8,8,11,11,7,5,8,7,5,4,5,7,4,4,10,8,7,4,5,6,5,5,2,3,3,7,1,4,6,3,4,9,6,5,4,2,6,7,4,6,6,7,3,7,3,4,5,5,5,10,6,2,9,4,9,10,6,2,8,7,9,7,3,3,4,7,3,3,6,6,11,6,4,4,3,4,6,9,7,8,2,8,6,2,8,3,4,5,4,5,7,1,2,12,6,4,4,5,6,4,6,5,8,6,6,3,14,8,5,16,8,5,6,6,1,8,9,7,11,5,6,3,0,5,10,3,5,10,9,9,11,8,8,7,10,8,4,7,3,8,7,6,8,9,6,8,4,3,3,6,9,7,4,6,4,5,4,8,3,5,7,9,6,5,4,5,7,4,8,4,2,5,6,8,3,8,3,8,6,7,2,5,8,8,4,9,4,9,13,6,3,3,6,2,4,10,8,9,7,7,3,7,4,7,4,9,8,5,6,2,1,4,7,8,4,4,6,10,10,9,5,9,6,7,8,7,7,8,6,2,4,9,5,9,4,10,3,4,5,6,3,6,9,5,9,8,3,6,7,7,8,6,3,6,3,6,7,4,4,4,3,7,11,4,9,6,3,11,6,5,7,5,7,3,3,13,7,5,8,7,4,9,9,6,8,8,5,7,6,5,9,6,3,10,9,4,5,8,2,6,8,2,8,4,2,1,5,3,11,8,9,6,3,7,4,2,2,4,4,9,6,6,9,4,7,5,8,7,6,4,8,6,7,12,6,6,4,6,5,9,6,4,9,10,10,4,7,5,8,7,7,8,8,5,4,8,15,9,5,12,8,7,7,4,6,3,11,8,7,6,3,3,3,7,5,4,5,2,3,2,6,7,5,3,5,9,5,7,2,4,8,2,5,6,4,8,4,5,9,8,8,5,2,8,9,5,9,4,4,4,5,6,4,5,8,6,2,7,7,5,5,8,8,5,4,7,5,6,5,7,5,3,10,5,6,2,7,7,7,6,6,11,4,3,3,7,8,3,8,7,5,5,5,8,4,4,5,6,3,4,10,6,3,3,7,5,6,5,14,2,11,5,8,9,5,6,3,5,8,7,5,3,7,7,7,6,8,5,8,2,2,10,7,0,14,5,6,11,5,2,1,7,3,2,3,12,7,6,9,6,6,12,7,8,6,6,5,7,8,4,4,4,7,7,7,7,3,7,5,5,5,6,5,7,2,4,7,5,4,7,2,7,3,3,4,5,4,2,7,1,6,5,4,7,5,4,3,4,7,3,5,4,3,11,7,3,3,3,9,4,2,5,4,2,7,7,4,2,6,10,10,7,5,3,7,2,6,4,4,11,2,2,2,5,3,4,6,7,7,6,5,4,5,10,5,5,7,6,11,5,7,7,7,4,5,3,6,10,6,5,7,7,7,4,2,3,7,8,4,3,6,9,3,9,5,9,6,6,5,9,9,5,7,4,3,6,5,7,4,4,5,0,2,7,3,3,4,6,10,12,3,7,4,3,5,8,4,6,5,7,3,2,4,5,8,5,7,4,7,4,10,4,3,9,12,6,5,5,4,8,10,4,6,11,8,5,5,4,6,5,5,2,8,6,1,6,3,5,7,1,5,1,11,4,4,3,5,3,5,6,10,4,5.763,10.6751808079396,0.850819192060427
9,8,6,7,8,6,5,9,6,8,8,6,5,4,9,6,11,6,6,3,3,4,11,4,5,6,7,8,10,6,5,5,7,6,4,3,2,8,5,6,4,5,6,4,7,6,6,9,7,6,5,6,5,8,9,5,4,7,6,2,8,9,8,8,5,11,6,7,2,6,7,8,3,7,10,2,8,7,4,3,1,3,10,8,5,5,12,3,6,10,4,8,7,6,6,8,3,5,5,5,9,3,5,5,6,5,5,6,4,4,3,9,5,6,5,7,4,2,14,4,3,7,6,3,11,3,6,5,7,4,5,5,5,9,9,8,6,8,9,4,7,13,3,7,4,2,6,9,7,8,6,1,2,3,7,4,4,11,8,10,3,7,5,2,7,3,8,6,3,7,4,4,7,6,4,6,6,2,5,7,5,5,7,6,6,9,5,3,5,4,4,7,4,3,6,4,6,8,8,9,6,7,4,11,4,3,11,5,6,9,5,4,5,5,2,3,5,8,9,8,11,4,6,5,8,6,8,10,12,4,7,8,5,5,6,4,9,5,4,4,5,3,6,4,4,5,1,4,5,10,5,4,6,8,4,5,6,6,7,6,5,5,6,8,10,5,5,9,9,5,3,7,5,10,2,11,5,8,4,9,8,8,5,4,9,5,11,6,4,10,5,3,7,6,3,5,5,4,8,6,5,4,4,3,8,5,5,3,4,5,5,7,6,9,6,8,4,3,7,5,7,4,10,6,8,3,3,12,2,6,12,10,6,4,1,2,12,10,10,6,7,5,4,2,7,8,4,6,3,2,9,7,6,7,4,5,6,2,7,2,8,5,9,1,6,8,8,3,7,4,6,5,5,5,8,7,3,6,5,6,5,6,12,8,3,10,3,2,5,8,4,3,3,7,3,5,3,6,4,6,9,4,4,5,6,3,5,6,2,8,9,6,11,7,6,3,7,4,11,12,6,7,5,7,6,9,6,3,6,6,8,6,6,13,3,5,4,5,2,9,7,6,6,7,2,2,5,6,4,1,6,6,7,6,5,2,5,4,10,6,7,6,3,7,12,7,4,5,5,5,5,5,1,9,5,4,7,4,6,8,10,4,5,4,5,5,4,7,7,11,6,4,4,6,4,8,3,7,9,5,4,4,4,4,8,4,7,2,3,7,10,6,5,7,4,4,2,2,2,4,1,2,4,3,9,9,9,2,3,8,4,7,1,6,2,3,3,9,2,5,6,8,9,6,8,8,6,8,3,6,6,2,6,8,3,4,4,7,5,6,6,6,9,4,6,9,4,5,7,6,7,5,2,10,5,4,1,8,12,7,11,7,8,3,5,5,7,3,4,6,5,10,8,7,2,5,7,2,6,3,8,3,13,8,6,5,4,5,11,3,8,6,8,6,2,9,5,6,7,2,8,5,6,2,7,5,3,7,3,8,7,2,4,8,6,6,6,10,5,6,1,5,2,10,2,4,11,5,6,6,4,7,8,8,7,7,5,5,6,1,5,1,8,6,8,4,4,7,4,4,8,4,7,5,5,7,5,7,11,10,3,8,7,5,6,5,4,6,6,9,10,4,7,1,8,10,6,3,6,9,5,13,8,4,5,6,10,9,9,8,10,8,13,6,3,9,6,5,6,5,2,5,4,4,4,3,7,9,8,5,6,5,4,6,6,3,3,3,7,4,5,4,8,5,5,10,5,5,6,6,5,4,12,8,5,2,7,7,5,5,6,9,6,2,10,1,6,6,5,9,2,9,7,5,11,6,9,4,7,6,1,5,1,7,5,4,5,4,2,5,10,4,6,4,5,6,3,6,7,3,2,6,8,1,7,7,4,4,5,7,5,3,9,8,1,6,4,8,3,5,7,6,7,4,8,6,6,7,11,7,9,5,7,3,6,4,5,6,5,6,5,6,2,8,10,8,8,7,1,7,2,7,5,8,2,3,4,5,5,8,8,11,6,0,5,8,3,11,2,4,5,4,4,9,11,3,6,4,4,7,6,2,6,5,5,3,9,1,5,9,6,7,8,8,5,7,10,4,10,2,1,5,6,6,4,11,5,8,6,10,14,3,4,9,5,6,6,5,6,3,3,11,6,6,6,7,8,5,3,3,3,2,7,3,5,6,10,6,6,4,4,6,11,5,5,8,5,6,7,4,6,6,5,5,7,9,7,6,8,6,4,2,5,4,9,8,3,12,5,7,3,6,7,6,1,4,5,3,3,6,7,6,3,6,4,5,7,9,7,3,12,3,5,1,8,3,4,3,5,5,5.804,10.6088365996305,0.999163400369462
8,10,8,6,10,5,9,4,7,6,8,6,8,8,8,1,9,6,5,6,2,13,9,4,4,6,5,7,4,9,7,10,6,5,8,8,3,5,4,4,4,4,5,2,6,9,5,6,2,5,6,3,3,10,7,7,8,5,5,5,8,7,5,1,5,6,5,7,4,6,9,7,4,8,6,6,7,4,7,5,10,8,9,3,7,4,9,1,5,6,5,6,4,6,2,4,10,2,3,8,6,7,5,2,7,5,9,5,8,4,5,8,5,6,3,4,13,6,10,8,8,8,4,5,8,4,6,9,4,10,8,3,6,5,8,8,8,5,12,10,4,6,5,4,3,8,10,5,7,5,4,5,6,6,9,4,5,9,4,7,11,3,5,3,4,2,6,7,2,6,0,9,5,4,3,10,3,2,6,7,11,6,7,4,2,4,3,6,9,10,16,7,10,6,3,2,3,11,0,2,9,4,9,5,7,6,9,9,5,9,2,10,5,4,9,5,7,8,3,6,5,4,6,6,6,10,2,8,7,4,8,5,6,5,7,4,3,2,1,1,4,10,11,5,4,8,4,5,6,9,6,4,7,6,6,6,2,7,12,4,8,4,5,9,4,3,6,9,2,7,5,5,9,3,6,6,6,9,5,3,3,5,9,6,4,7,6,4,13,8,6,6,6,6,6,6,5,5,7,8,5,5,10,1,4,3,7,6,6,10,8,7,3,8,8,6,5,7,10,12,6,6,2,4,4,3,3,5,8,3,6,7,11,5,8,3,8,5,4,3,4,3,2,7,5,11,3,6,8,6,8,8,10,8,3,9,7,4,5,7,3,5,8,5,4,5,9,9,1,7,9,11,6,2,7,7,9,3,7,6,2,6,6,2,7,7,9,9,3,1,5,3,1,10,7,5,3,8,6,8,1,9,8,3,7,6,9,8,9,4,4,7,6,9,2,4,1,2,4,11,5,5,8,5,9,11,6,5,8,8,7,7,5,5,4,5,6,4,5,10,2,5,2,8,3,4,6,8,8,8,3,7,6,4,3,8,3,7,5,11,10,3,4,5,5,6,6,8,7,6,4,4,2,4,11,4,3,8,3,8,5,9,5,9,3,3,10,2,5,8,8,10,10,6,3,8,10,6,4,2,6,3,4,9,4,6,4,6,2,5,9,8,9,8,5,6,5,5,6,7,6,4,7,7,2,4,7,6,1,3,5,7,11,10,2,6,9,1,5,6,5,1,8,6,4,5,5,6,5,7,4,3,9,6,3,6,3,5,7,7,10,4,5,5,5,9,10,4,7,5,9,9,3,4,5,8,4,11,5,3,9,4,5,6,9,6,7,2,5,8,9,3,7,9,6,8,8,8,7,4,6,8,3,6,11,10,5,6,5,4,4,12,7,7,4,7,4,7,9,5,10,6,12,4,3,3,7,2,6,4,7,6,6,8,4,10,8,11,9,12,1,6,10,9,4,12,6,7,8,6,5,8,3,7,8,8,9,6,12,2,4,4,6,9,3,2,6,7,7,11,2,2,5,9,7,6,6,10,3,4,10,7,9,4,10,5,2,10,11,7,7,4,2,2,10,11,5,6,7,10,4,1,6,4,3,5,8,4,8,7,4,8,3,4,6,7,5,5,8,8,1,1,6,10,4,7,4,7,2,6,7,10,4,7,8,5,3,1,9,8,4,5,7,5,8,6,7,3,7,6,6,5,10,3,2,12,8,9,3,7,4,8,5,1,2,4,4,5,3,1,8,3,6,5,11,7,9,8,6,4,6,5,5,9,4,6,8,9,6,2,5,5,7,7,2,6,5,6,2,5,6,3,2,2,6,3,7,5,5,6,10,5,7,4,5,8,5,4,10,3,7,5,6,8,11,5,7,4,3,7,4,3,9,1,14,6,5,7,7,3,4,6,9,4,3,7,1,5,2,3,7,5,10,8,5,2,7,9,8,4,4,5,5,7,8,5,6,7,6,5,4,6,8,6,6,6,11,7,6,8,4,5,5,3,7,2,11,7,4,5,8,5,7,3,7,5,7,2,5,6,4,5,3,10,4,9,2,4,4,8,4,9,9,10,6,7,8,5,7,6,7,5,8,4,10,8,10,5,10,8,5,8,3,2,4,6,7,6,8,4,7,7,5,2,6,11,4,6,9,3,5,0,6,4,6,5,3,5,6,11,9,6,6,6,9,5,5,10,3,5,4,5,4,4,5,9,6,5,5,6,5,7,3,3,7,4,2,2,3,4,11,9,5,7,10,5,4,9,9,5,5.938,10.8982177219805,0.977782278019505
7,6,10,8,5,2,5,7,9,5,4,6,5,10,4,4,7,2,6,4,5,9,5,4,5,8,7,10,5,5,5,6,5,7,4,4,2,7,7,9,3,8,10,6,6,3,7,6,6,8,5,9,4,8,13,10,7,4,8,5,1,12,9,2,5,9,4,9,8,8,11,5,5,8,5,9,4,13,5,7,8,5,9,4,11,5,7,5,3,3,6,2,5,5,5,5,5,4,5,4,5,4,8,10,6,6,8,12,10,6,6,5,8,8,6,5,9,4,7,10,3,7,9,1,9,6,9,4,4,8,6,5,9,5,6,7,5,4,10,5,5,5,5,1,5,3,8,8,6,3,7,4,7,5,4,5,5,3,4,7,9,6,4,5,9,2,4,8,8,9,3,6,6,11,7,3,11,7,9,10,5,3,5,9,6,4,5,9,12,6,8,3,4,7,5,3,2,14,4,4,6,3,8,5,7,4,9,3,6,5,7,8,3,4,5,6,5,3,3,11,6,8,4,10,7,7,11,3,1,3,9,7,7,5,8,5,7,9,6,3,5,4,9,7,8,7,6,0,6,6,7,6,4,8,3,6,3,4,7,10,2,9,6,8,3,5,7,7,3,7,3,8,6,5,3,7,8,10,11,3,7,8,10,8,8,6,2,6,4,10,4,5,6,4,4,7,5,3,7,3,3,5,4,7,2,8,3,6,4,9,7,6,8,8,5,4,5,2,6,6,4,6,9,1,2,6,9,9,8,6,5,6,8,10,5,5,4,6,4,7,2,3,7,4,4,2,9,9,11,1,7,6,8,4,6,2,6,4,2,9,6,4,4,8,7,8,5,7,4,3,4,6,7,7,5,9,8,3,2,3,4,5,4,7,3,7,5,5,10,10,6,4,2,4,11,7,4,4,2,6,2,8,4,4,9,6,10,6,4,8,3,7,10,2,8,1,7,9,7,4,6,6,4,3,4,2,4,6,12,7,5,12,4,7,5,3,4,2,4,6,11,5,4,6,1,6,8,5,6,6,5,7,4,3,4,6,10,7,6,9,8,8,6,8,3,5,8,7,4,6,3,2,3,5,2,6,7,3,8,7,4,8,7,8,6,8,5,7,7,4,7,5,9,5,4,7,6,7,6,11,4,2,7,11,4,5,6,4,3,2,4,5,2,6,3,1,8,2,5,9,7,2,11,9,10,2,0,11,7,9,15,7,4,9,3,6,7,5,10,2,9,9,3,3,7,6,5,5,5,9,6,6,7,13,6,3,4,3,5,1,4,8,6,7,5,6,11,6,7,5,1,7,7,4,3,0,7,11,10,6,5,5,4,4,4,2,8,6,4,4,8,2,8,4,7,7,4,11,1,8,5,3,6,5,5,10,11,3,7,10,8,8,5,4,8,5,6,3,6,4,10,4,7,3,10,6,5,7,8,7,4,4,9,6,4,6,3,10,10,3,3,8,3,5,9,6,2,8,9,8,1,6,5,8,5,6,2,7,12,4,4,4,9,5,4,7,6,6,9,4,6,5,4,6,6,4,4,4,6,4,11,6,7,5,2,3,5,7,7,6,8,7,9,4,6,8,4,5,6,10,5,3,6,8,7,3,10,13,4,4,2,3,7,7,9,3,3,5,5,10,4,2,6,6,5,2,5,7,9,4,1,4,6,4,6,7,3,7,5,5,5,5,7,8,5,6,5,7,12,6,2,3,5,7,3,5,5,12,6,5,4,9,6,9,6,3,4,6,10,6,5,11,8,4,4,9,9,7,7,6,1,6,5,7,4,7,7,2,8,6,5,4,7,2,8,5,5,2,3,3,7,8,4,9,4,4,9,5,7,4,9,8,3,2,2,6,5,4,5,3,3,6,3,4,2,6,5,5,8,2,6,5,1,3,5,6,7,5,6,4,2,8,8,4,5,3,4,6,5,6,8,3,8,6,9,4,0,6,4,8,8,7,5,6,6,7,4,8,6,5,8,4,5,6,8,4,6,7,2,8,9,10,9,3,10,3,9,3,10,8,2,10,12,1,9,4,12,5,6,1,5,5,5,8,6,4,8,7,7,2,4,5,9,6,4,8,4,2,7,8,10,7,6,6,12,8,4,3,4,6,3,5,5,5,4,7,4,10,3,4,5,5,6,5,3,6,2,8,3,6,5,8,7,8,8,8,6,4,8,3,8,3,5,8,5,2,8,4,4,7,8,4,9,1,7,10,8,8,6,3,9,5,5,7,8,3,5,3,9,4,9,6,9,4,6,7,3,3,10,5,5.843,10.7133241430996,0.972675856900414
6,3,10,4,6,4,7,8,4,7,8,3,7,4,4,3,4,6,5,7,9,6,8,7,8,9,4,6,5,4,5,3,5,8,2,9,3,6,7,6,3,4,8,6,5,9,8,3,3,5,5,4,2,4,6,3,7,9,3,7,6,9,9,6,4,5,9,2,3,4,3,5,0,4,9,4,8,17,8,3,10,3,1,9,4,3,6,5,6,7,7,6,5,4,2,8,3,5,3,9,8,11,7,5,15,7,11,2,5,7,6,8,3,8,11,6,3,3,5,3,9,6,7,8,4,6,6,7,2,5,7,6,6,8,5,8,6,3,7,4,7,5,3,5,5,4,4,5,6,4,16,7,2,5,5,4,10,8,3,7,3,4,4,4,4,2,6,8,2,4,10,2,6,4,11,4,4,3,5,9,6,6,2,4,3,7,6,4,9,6,4,3,8,5,7,5,7,8,4,6,4,10,9,7,6,7,7,3,5,7,7,4,10,9,9,5,4,1,9,7,5,6,5,2,7,5,8,8,5,6,5,5,10,7,7,12,7,8,7,3,3,7,7,5,3,2,1,5,3,15,5,2,9,10,5,3,4,5,6,3,4,4,8,3,1,5,3,6,4,8,3,10,4,11,7,11,7,5,6,9,5,7,6,5,4,5,6,3,5,6,3,12,7,4,6,11,4,6,5,6,8,4,8,4,6,3,4,7,7,3,5,6,4,6,4,5,2,7,9,6,5,6,3,4,2,1,8,6,1,3,5,11,9,8,1,4,8,8,4,6,13,2,7,6,6,8,3,7,4,3,5,9,6,7,7,8,7,5,1,4,3,4,4,4,7,8,4,5,8,3,6,8,7,8,6,7,9,5,5,6,5,3,4,4,3,10,5,7,8,6,7,7,6,5,8,6,3,5,5,7,4,4,8,6,8,13,7,9,3,8,6,4,8,6,7,7,5,6,4,7,6,6,3,4,3,7,5,6,5,8,6,3,4,4,4,9,7,7,6,11,4,9,4,7,4,3,6,5,5,7,7,4,2,11,4,8,8,10,11,4,4,8,13,2,2,6,4,3,9,4,5,3,5,4,9,4,8,9,3,6,6,9,8,9,5,9,7,7,2,7,3,3,3,9,3,7,3,10,7,5,5,7,7,8,7,8,4,3,7,4,8,6,3,7,5,5,8,7,6,8,7,2,6,6,4,6,7,2,7,7,8,10,2,3,3,6,8,4,5,6,7,8,9,7,6,15,4,11,6,10,1,5,10,5,4,3,7,2,7,10,2,6,7,3,5,5,6,8,9,4,5,8,2,5,0,10,6,11,6,3,8,4,4,3,3,8,4,10,4,12,7,3,4,9,9,4,10,5,5,9,5,1,6,5,9,10,8,6,9,7,3,6,5,5,3,5,3,7,8,4,10,4,6,10,5,2,6,8,7,4,8,2,8,7,10,6,5,11,4,6,5,3,1,5,8,14,5,7,5,5,3,5,3,11,5,7,3,6,6,7,7,3,13,9,7,7,3,9,6,5,5,4,8,7,7,5,3,8,10,5,9,7,8,6,5,4,7,7,8,9,10,7,3,4,6,6,6,8,3,3,4,6,3,5,5,6,7,4,7,8,8,4,8,7,6,3,4,3,6,8,4,6,8,5,2,5,4,11,5,3,6,4,7,8,8,7,6,3,6,6,7,7,12,10,5,2,5,3,10,3,5,9,5,6,8,6,7,9,7,5,6,7,8,5,4,7,7,3,9,7,2,1,4,4,5,4,7,4,3,6,6,5,4,5,8,5,10,6,7,5,6,5,8,5,6,8,10,6,7,7,10,8,10,3,6,8,2,5,5,5,3,6,7,7,4,3,6,12,4,9,6,5,8,5,2,8,6,2,6,9,0,2,3,5,6,4,5,5,3,7,11,10,3,8,4,4,3,5,4,4,4,3,9,9,8,5,3,6,7,8,5,6,6,7,5,8,6,11,6,4,8,2,2,4,4,3,7,4,3,8,8,5,6,3,4,3,3,8,6,7,5,6,10,9,5,9,6,4,6,3,6,7,8,3,5,5,4,5,8,6,5,6,8,12,6,9,7,4,4,4,5,10,4,4,5,10,12,2,7,3,5,3,4,3,6,5,5,4,8,2,10,7,11,10,5,11,4,10,8,4,9,5,8,6,6,12,5,2,4,5,5,3,9,5,7,7,11,4,6,2,7,4,10,5,4,8,7,6,8,5,9,8,1,7,2,2,5,4,3,2,7,4,3,3,8,3,3,4,10,2,5.848,10.7405962403995,0.955403759600487
6,10,3,6,3,7,10,8,8,6,15,6,11,11,4,6,12,5,7,4,4,5,8,5,8,8,6,10,8,5,4,7,7,4,2,11,1,5,5,4,6,8,8,1,5,7,6,8,1,9,6,7,4,13,5,6,11,5,5,7,12,9,6,4,5,8,8,4,5,3,2,7,1,9,6,1,4,7,7,5,5,3,4,4,3,5,8,4,4,4,6,4,2,2,5,5,6,7,8,6,3,2,7,6,2,4,3,9,4,5,3,6,6,5,3,7,5,1,7,5,2,8,4,4,8,11,9,7,6,3,9,3,6,5,2,11,9,7,4,7,5,8,9,3,7,5,12,8,11,4,4,5,4,4,6,3,5,8,6,8,4,6,3,4,6,7,7,15,4,6,6,6,8,4,4,8,7,5,2,4,7,2,11,6,5,8,2,4,4,5,10,5,4,5,4,7,7,2,10,1,7,2,4,9,5,5,8,4,10,5,5,1,4,2,4,10,3,8,4,2,11,5,5,6,7,6,6,9,2,2,7,4,9,8,13,12,2,6,3,5,4,5,7,3,6,4,9,5,2,7,7,5,9,4,3,3,4,8,7,3,7,8,2,5,7,2,4,8,6,10,3,6,4,2,5,5,3,10,7,5,7,6,5,10,10,4,6,3,3,8,5,6,6,4,5,9,6,8,10,4,6,6,9,7,3,7,8,7,6,4,4,5,3,4,11,8,1,8,5,3,3,9,6,3,4,8,7,7,6,3,4,8,6,7,2,2,9,3,8,8,4,2,4,5,4,12,5,3,7,2,5,7,7,3,5,3,4,3,0,6,5,7,7,2,5,7,6,6,10,4,1,2,4,4,5,6,6,0,5,4,5,2,4,4,7,12,3,5,5,9,4,9,6,8,7,4,4,6,7,6,8,9,10,4,5,8,8,4,8,5,7,5,8,4,7,7,3,11,3,4,6,4,6,6,7,5,4,6,11,6,3,6,5,11,4,11,2,5,4,7,7,3,5,6,4,8,2,5,8,4,1,10,2,4,3,7,5,4,2,6,4,10,3,5,7,9,3,5,6,5,6,4,8,6,9,10,10,10,5,13,8,9,7,8,9,3,6,0,6,6,9,12,3,6,5,6,7,8,7,7,2,6,4,3,8,11,2,3,3,9,7,9,4,9,7,5,10,7,11,3,3,2,11,4,4,10,5,3,3,7,5,1,2,8,6,1,2,2,4,6,8,8,3,3,8,7,5,8,7,5,4,5,3,13,7,10,5,5,2,7,2,4,3,8,9,6,6,1,6,4,1,6,3,7,5,6,7,6,12,12,10,3,7,6,6,6,10,2,7,3,4,4,5,10,6,7,7,4,6,3,4,5,10,4,6,6,7,4,12,8,9,12,2,4,7,10,3,14,10,4,12,3,10,3,7,3,7,8,6,8,5,7,6,5,9,7,10,8,10,7,2,9,5,7,3,3,10,5,5,5,2,4,5,7,6,5,1,7,8,10,5,4,3,6,3,12,4,4,9,4,2,2,3,4,6,5,4,9,4,3,3,10,12,5,11,9,2,6,7,8,6,5,10,3,4,4,6,6,5,6,7,1,9,10,5,7,7,4,7,7,9,6,4,8,4,7,7,6,6,10,5,3,9,6,7,2,2,11,6,3,8,9,2,4,3,4,5,5,6,8,4,5,4,7,5,8,9,6,4,11,9,3,4,9,5,15,9,7,6,6,6,5,3,5,3,7,11,6,6,4,7,7,5,1,2,6,4,12,1,6,3,5,3,5,6,5,2,8,4,4,4,7,5,3,8,6,11,7,4,4,4,4,6,4,10,6,3,7,4,8,9,1,7,5,5,8,3,7,4,3,7,3,3,2,9,6,2,4,9,5,7,3,7,6,8,3,2,3,1,5,5,11,6,7,3,6,5,9,4,4,6,3,9,8,5,4,5,9,5,4,6,8,9,6,4,9,5,13,6,3,9,3,8,7,11,6,5,3,2,8,8,10,5,1,8,8,4,1,2,5,6,5,8,4,4,6,9,7,7,3,4,5,4,1,4,4,3,5,7,6,6,5,8,8,7,2,4,7,11,7,10,6,7,4,5,8,2,7,5,4,2,6,7,7,6,4,3,5,5,4,6,4,9,8,4,6,6,2,6,5,5,6,2,5,6,9,4,3,11,4,6,8,5,4,8,6,2,7,5,5,2,2,2,4,5,6,9,5,4,4,11,4,5,4,6,2,7,4,4,4,9,1,3,7,5,7,8,4,8,7,5.747,10.871501179426,0.622498820574047
5,6,7,4,5,6,5,7,4,7,10,8,3,7,11,4,4,6,8,4,5,6,6,5,4,6,4,4,10,3,5,6,11,6,8,7,4,7,9,9,5,4,6,6,8,9,6,6,2,7,2,5,4,4,9,8,9,8,4,6,4,17,8,2,8,8,9,3,5,6,7,11,2,4,4,5,9,14,4,5,8,2,7,6,6,8,7,7,3,8,5,3,2,7,3,5,7,11,5,7,12,5,6,7,5,5,5,11,5,3,8,5,5,12,6,9,7,6,5,4,4,8,7,1,11,4,8,1,6,5,5,3,7,6,9,5,8,7,13,4,7,9,9,6,5,11,8,8,6,5,5,8,4,8,6,4,5,6,9,9,10,3,4,2,7,4,6,2,3,8,5,5,9,6,7,9,4,7,5,3,12,6,4,8,9,3,4,1,8,5,7,8,8,10,3,3,8,9,3,6,4,6,7,6,8,7,6,8,5,2,7,6,5,6,6,4,5,7,4,7,6,7,6,7,11,7,11,7,7,5,6,6,7,5,9,6,5,5,6,7,2,10,5,5,6,8,4,3,2,9,10,4,9,9,8,7,2,5,8,4,7,7,5,4,5,4,4,6,1,7,8,7,4,7,9,4,4,6,3,8,4,5,9,3,4,9,6,5,8,9,3,8,5,1,3,9,6,5,8,6,6,2,7,4,6,6,8,5,6,5,6,6,4,5,7,3,9,4,7,8,4,3,6,5,4,3,12,7,5,4,4,9,5,2,7,8,9,7,13,5,9,8,8,2,7,5,7,7,4,4,10,8,10,9,3,3,9,7,4,7,3,4,8,3,6,9,6,2,7,2,7,5,3,10,7,6,9,11,6,5,3,4,10,2,2,9,8,15,9,8,3,6,3,6,7,8,4,2,4,4,3,0,5,10,7,5,6,9,3,10,4,6,9,9,8,5,4,9,3,7,5,5,2,3,5,4,3,7,7,8,11,3,10,6,6,10,6,5,7,3,5,5,7,7,4,5,1,5,5,2,5,8,1,9,5,3,8,6,9,9,4,2,3,2,6,6,7,7,6,7,5,9,4,7,4,6,4,3,9,8,8,7,4,2,5,3,4,5,4,6,8,8,11,7,6,9,7,10,7,8,8,4,6,8,8,8,7,2,3,5,11,9,2,9,4,5,5,4,6,7,5,5,4,7,7,5,3,4,3,4,7,6,3,5,4,6,11,12,6,7,8,7,8,8,5,14,10,10,7,10,7,9,4,4,5,11,7,9,8,6,5,5,6,9,7,6,5,9,9,6,5,9,5,9,7,5,3,11,3,4,3,6,6,2,3,6,4,4,4,4,8,8,3,7,6,3,8,8,2,4,8,6,4,5,3,7,6,8,11,6,4,8,7,3,7,5,4,9,3,11,7,7,5,5,5,4,5,7,3,6,7,7,13,8,10,6,8,10,11,7,4,12,4,7,5,4,3,4,2,8,5,4,4,9,2,4,6,8,9,2,5,5,5,8,3,7,8,7,7,4,2,3,5,6,6,7,10,5,9,7,9,8,5,3,9,7,2,5,3,8,8,9,7,6,6,5,3,9,5,5,8,7,6,7,5,6,6,8,5,7,8,6,11,3,5,4,5,2,12,11,5,2,4,2,8,4,3,9,6,4,11,7,4,8,6,5,3,6,5,7,8,8,6,3,4,5,6,9,2,7,7,4,9,8,4,7,5,7,4,7,6,4,8,4,8,1,1,3,6,4,9,8,11,1,11,5,10,6,9,5,5,3,5,10,6,5,3,4,5,5,8,5,6,3,12,6,3,5,9,1,6,7,7,4,5,4,8,2,8,3,5,3,8,1,3,4,3,6,5,6,8,8,4,11,7,7,6,6,5,3,7,3,9,4,11,8,3,3,4,7,7,11,8,5,8,6,5,5,4,2,7,8,4,7,6,5,5,7,5,4,7,6,6,7,5,6,6,12,6,6,6,3,4,3,5,5,5,6,5,6,9,8,9,2,10,6,15,5,6,6,9,8,5,4,6,8,10,3,9,5,0,2,6,6,4,4,7,6,4,10,10,3,5,9,4,9,5,5,5,4,5,4,3,9,7,5,6,6,9,8,7,8,7,1,9,9,8,6,6,4,4,1,6,2,6,15,6,9,7,3,9,1,7,1,4,5,9,4,5,10,5,2,5,3,11,7,4,9,9,6,8,7,8,7,2,4,3,2,4,11,7,5,5,11,5,3,4,4,5,11,11,6,10,3,12,1,6,4,9,3,6.039,10.9779778728831,1.10002212711691
9,6,9,4,4,5,3,6,4,3,6,7,5,6,4,1,8,2,3,1,10,10,8,5,6,6,6,9,5,4,6,5,11,7,8,3,4,4,7,6,3,7,9,5,4,6,1,8,7,6,3,6,4,8,7,7,6,4,5,5,5,10,7,2,3,8,6,7,5,3,6,7,4,3,8,7,8,9,3,10,8,5,7,6,7,12,10,4,5,5,7,3,6,1,2,2,2,4,3,3,8,3,6,4,5,8,7,4,10,8,6,7,7,7,4,6,6,5,11,10,5,8,4,6,9,4,10,3,5,11,5,8,8,3,6,3,9,5,11,6,7,4,6,3,2,7,5,11,8,5,7,2,6,6,11,3,12,6,6,11,9,4,7,1,4,3,4,9,5,3,6,6,14,2,8,5,6,5,10,8,6,5,2,10,4,5,6,3,7,7,6,7,13,3,7,8,6,7,4,4,5,5,5,5,8,5,6,0,4,8,6,4,5,1,9,3,10,6,5,4,7,5,8,8,8,5,4,10,3,3,5,5,12,4,4,8,6,5,9,7,5,12,11,5,6,4,1,1,4,14,5,3,6,8,7,7,5,4,9,5,3,7,6,8,7,2,8,8,4,5,2,3,5,4,8,10,6,9,8,4,1,5,6,4,7,11,8,7,7,3,7,5,10,3,9,2,6,8,11,7,1,5,6,6,4,9,3,4,4,4,7,1,6,4,5,5,4,5,4,5,5,6,3,6,2,8,8,8,4,4,9,7,9,11,5,4,5,7,4,5,6,6,2,6,4,7,6,7,9,3,8,4,6,9,3,6,3,9,5,8,5,6,7,2,4,11,4,11,10,6,5,9,4,3,7,8,5,6,8,3,3,7,3,11,5,12,5,5,7,5,4,2,7,5,8,7,4,6,5,9,7,4,3,6,6,6,7,3,5,5,9,5,7,6,13,6,7,8,8,3,3,3,5,3,6,6,6,3,8,5,6,5,6,1,0,5,2,5,6,9,10,5,4,8,6,6,6,11,7,7,6,5,6,6,7,1,6,10,6,8,4,3,5,4,4,6,3,6,5,1,5,4,6,1,6,6,13,4,6,4,9,7,8,6,5,4,3,3,6,7,5,7,8,8,8,8,10,6,7,6,4,3,8,6,8,8,3,4,4,6,5,10,12,6,5,8,6,4,8,12,1,6,8,5,4,4,4,4,7,3,4,9,3,14,5,5,4,3,8,7,6,4,11,5,12,5,7,4,6,3,4,4,5,8,8,8,5,7,1,5,7,3,7,6,6,11,3,8,3,5,10,9,4,6,7,4,7,8,8,2,14,3,5,3,17,5,9,7,11,6,4,3,5,8,3,9,8,8,5,6,7,4,7,5,10,6,7,3,5,5,7,8,5,2,7,7,2,5,4,7,7,5,6,5,3,4,5,4,12,12,7,7,4,7,3,5,7,7,6,6,4,1,6,10,6,7,2,7,3,3,1,6,8,7,8,7,3,9,5,10,5,5,11,7,6,4,3,10,5,8,6,13,8,5,6,10,6,8,3,6,7,6,11,2,8,2,7,5,4,8,8,6,5,5,9,10,10,5,6,8,4,7,5,9,6,5,7,3,6,6,3,6,5,11,6,13,7,4,4,9,5,9,6,12,5,4,3,9,1,8,10,9,6,7,8,4,2,3,2,6,3,4,6,6,5,6,8,6,4,9,5,4,12,5,9,5,8,5,7,7,6,4,5,9,5,7,5,6,8,5,7,3,4,5,6,3,7,6,3,7,7,4,9,4,4,10,5,6,10,7,9,6,3,6,10,6,4,9,2,5,6,6,9,9,8,9,9,3,5,7,5,4,3,7,8,4,6,4,3,4,4,4,5,4,7,5,10,5,7,7,8,5,5,6,9,2,3,5,1,7,6,3,2,11,7,3,1,7,7,4,5,4,7,7,7,8,7,6,5,4,8,4,4,2,5,4,8,8,7,3,3,2,7,5,11,4,3,7,4,8,11,6,5,2,6,5,7,8,9,2,7,8,5,6,8,5,12,6,3,7,7,5,5,9,5,5,9,3,10,9,7,12,6,10,5,7,4,4,6,5,5,8,3,3,4,9,7,5,7,11,7,6,5,6,4,5,7,5,9,6,7,7,6,4,2,7,4,4,6,4,5,10,2,7,7,7,7,8,11,4,3,5,7,4,6,4,11,8,9,2,2,8,5,9,5,10,7,5,5,5,7,4,5,5,6,5,2,3,5,5,7,6,11,4,6,4,10,5,5,3,5.948,10.8415393163477,1.0544606836523
5,9,11,6,7,5,10,8,2,1,4,7,8,12,4,8,6,4,2,2,4,5,9,5,4,3,5,9,9,8,5,6,8,1,4,11,2,2,6,5,2,7,6,9,7,13,8,3,1,6,2,7,6,4,8,7,12,6,4,5,7,12,6,5,5,5,6,4,8,1,8,9,3,6,8,6,5,14,10,5,11,7,11,4,5,6,6,6,9,5,7,6,2,6,4,5,4,6,6,8,8,7,2,6,6,9,5,6,4,8,4,4,7,6,6,3,6,6,6,7,6,8,7,6,7,8,5,1,4,5,5,1,12,2,6,8,5,2,5,5,9,7,5,5,7,6,11,8,6,6,7,3,3,4,6,14,7,4,4,4,4,7,4,4,4,5,8,8,8,7,1,5,3,4,12,9,7,6,5,11,5,3,3,9,6,2,3,3,3,7,5,3,2,2,9,9,9,8,4,7,9,6,2,8,5,6,3,4,4,4,6,8,8,6,8,8,5,7,7,5,8,5,6,12,5,6,7,9,5,7,6,10,7,3,10,5,4,10,6,4,6,4,11,5,6,5,6,4,6,7,8,5,8,8,8,4,4,9,10,5,8,2,3,8,7,1,8,5,2,5,7,7,5,2,10,5,4,5,10,6,8,4,3,6,11,6,3,7,4,7,4,9,6,2,4,12,4,8,6,7,4,10,11,5,4,5,10,5,6,4,7,4,5,5,7,9,5,4,5,3,7,6,2,2,6,3,9,7,7,6,4,8,6,3,7,4,4,5,4,6,7,3,7,5,3,12,2,8,9,4,5,9,5,7,3,3,7,3,5,5,1,8,4,1,8,7,6,11,8,6,6,9,3,5,7,14,6,5,6,7,0,6,5,5,7,7,10,6,8,9,6,3,2,11,5,5,3,5,6,5,7,3,5,4,5,7,12,6,7,7,5,4,4,5,6,3,5,6,5,4,3,4,12,6,8,3,5,7,7,9,6,5,4,9,2,8,5,3,7,7,6,3,5,5,4,8,8,5,2,5,5,9,5,5,3,7,13,9,5,6,6,6,4,5,11,4,3,3,4,5,6,9,9,3,8,10,4,7,7,11,7,11,8,11,9,1,9,6,3,6,1,10,5,7,4,6,9,6,8,10,1,4,6,8,5,8,7,6,3,6,8,5,5,7,7,2,8,5,7,6,3,4,5,6,5,4,8,4,7,6,5,4,3,5,9,3,8,5,7,3,6,7,7,10,3,9,8,8,6,3,5,2,6,10,6,3,4,5,10,4,4,3,5,7,2,6,7,7,7,6,7,6,3,4,4,6,5,10,5,6,4,3,3,3,7,7,8,4,4,8,9,6,7,12,8,4,12,9,7,8,2,5,5,4,6,12,9,3,9,5,3,6,3,2,7,4,5,4,13,8,6,5,4,2,7,5,5,6,7,6,5,6,6,6,6,6,6,4,4,1,8,9,4,4,6,7,2,7,4,7,4,10,2,9,4,7,5,6,8,6,2,5,6,4,5,6,7,8,6,4,3,4,5,5,6,4,3,10,9,2,9,10,6,6,12,6,4,6,4,9,5,6,4,2,9,7,8,7,4,10,9,3,7,11,10,5,4,5,4,7,7,7,7,6,8,3,4,4,10,8,1,5,1,5,6,2,4,10,4,5,4,8,7,12,12,8,4,5,7,8,3,8,7,2,7,11,9,9,12,7,6,5,7,3,3,5,8,11,3,5,4,6,10,5,5,2,6,4,5,6,7,10,5,6,7,9,8,11,2,7,8,8,4,5,5,9,10,6,7,5,2,3,4,5,10,7,10,3,5,5,10,11,4,9,6,6,6,8,3,7,7,4,8,4,4,5,6,9,11,8,3,6,4,4,5,11,6,5,5,2,5,3,5,3,12,4,3,11,2,5,5,6,9,4,6,5,6,5,4,7,6,6,5,4,6,10,9,8,4,9,5,6,9,10,3,6,9,8,7,7,3,5,3,5,7,6,6,4,3,9,5,8,10,3,5,6,3,4,6,5,10,7,7,4,6,12,8,6,10,5,2,4,5,6,3,8,4,11,6,12,2,7,7,11,5,2,3,5,3,3,12,5,6,3,5,11,7,4,4,9,7,7,13,8,8,7,11,7,7,6,4,7,8,5,3,9,7,9,8,8,12,6,5,3,9,9,8,6,2,5,4,7,6,10,6,4,6,10,4,4,3,6,8,8,4,4,6,8,3,6,9,4,4,11,9,5,6,5,6,3,4,8,2,6,11,7,8,5,1,7,6.012,10.944892157207,1.07910784279296
10,11,7,5,5,4,4,3,2,2,12,5,12,3,8,4,4,7,4,6,5,5,5,1,5,6,7,7,12,3,2,7,6,5,7,8,5,1,3,7,4,7,14,5,4,6,6,4,2,11,2,2,4,7,8,10,7,3,6,8,10,11,8,5,6,7,9,5,2,6,4,7,2,3,9,4,2,14,5,3,5,6,5,3,7,6,8,9,3,4,6,6,4,5,3,5,6,6,4,5,5,9,7,7,8,6,5,8,6,12,9,3,5,3,6,3,10,2,7,8,6,9,7,3,3,4,6,5,4,4,7,5,6,4,6,11,8,2,6,0,4,8,7,11,5,9,9,4,4,6,5,8,8,3,8,7,5,9,7,6,7,5,7,4,2,5,8,6,3,4,6,6,8,3,8,7,10,10,3,9,6,4,6,5,7,4,2,5,9,7,10,4,6,3,6,3,6,11,3,4,7,4,12,6,3,4,8,7,5,8,6,5,5,6,10,4,3,5,7,5,9,6,12,6,8,3,6,3,5,3,4,5,6,10,9,12,2,7,4,7,7,6,6,3,5,3,2,8,5,5,11,4,7,8,4,6,4,3,5,7,6,9,3,10,8,5,11,6,13,12,10,3,7,9,8,6,5,2,3,5,7,5,6,5,9,7,3,3,6,8,5,5,12,5,4,8,9,1,5,4,4,6,6,5,3,6,8,10,11,4,3,5,5,6,3,2,4,6,6,8,2,3,5,5,4,5,8,7,6,5,0,10,5,6,6,6,9,8,4,5,9,2,2,3,6,8,0,4,2,3,5,16,9,2,6,9,4,6,7,5,5,6,7,1,5,6,8,6,4,7,6,6,2,5,9,9,7,6,5,5,2,7,5,7,3,8,12,7,5,8,3,7,4,4,2,5,4,7,12,2,4,5,5,7,6,7,7,6,9,5,6,3,9,8,5,9,5,8,5,6,1,6,7,8,3,7,4,0,5,5,2,4,7,3,11,10,7,5,5,6,5,2,11,8,3,4,2,3,5,9,5,4,4,10,4,3,10,8,6,7,7,7,6,9,5,7,3,7,6,10,9,3,7,4,5,5,9,8,8,11,6,6,9,6,6,2,6,5,2,4,7,4,4,4,6,6,6,3,3,8,3,14,5,3,5,5,7,5,5,4,9,8,2,6,2,5,1,5,5,9,2,5,1,4,3,6,8,6,4,3,3,6,8,8,0,7,12,6,9,5,10,3,7,4,4,8,4,2,7,4,5,6,2,7,4,3,1,6,5,8,5,2,2,7,4,5,13,6,5,5,0,6,5,4,7,8,5,8,10,1,4,3,2,1,4,5,4,8,4,5,10,3,8,9,9,2,8,9,3,3,7,4,9,6,7,6,5,9,6,7,5,4,9,3,7,7,5,4,5,5,4,1,8,7,11,4,4,10,4,7,6,11,7,5,5,8,6,9,5,5,4,11,2,8,2,5,6,0,3,6,7,8,8,4,2,7,6,12,9,6,8,5,8,8,4,10,6,4,8,2,5,6,4,7,10,4,1,5,8,2,7,9,6,10,6,4,7,8,7,8,3,13,6,4,2,6,8,8,4,4,8,7,4,4,10,5,10,5,7,3,6,2,9,3,4,3,10,7,4,5,7,5,7,7,6,3,5,9,5,2,7,4,9,7,6,3,4,6,5,5,10,6,10,11,6,8,5,6,3,5,5,3,7,10,4,10,4,10,6,9,6,8,6,15,7,4,6,3,6,6,7,4,8,9,4,7,3,6,5,2,4,6,8,11,10,5,5,3,1,3,3,6,6,5,14,6,6,10,9,5,5,5,1,5,8,2,4,7,1,9,9,7,7,2,3,3,5,7,2,9,4,4,3,9,4,5,7,5,6,7,5,4,4,8,8,5,10,4,6,8,9,13,2,1,6,6,6,7,2,5,3,2,8,9,5,9,5,7,5,4,4,7,5,3,4,9,6,8,5,4,4,5,4,6,4,5,3,12,5,6,12,11,3,5,4,4,9,6,4,3,5,7,6,6,7,7,5,3,4,8,1,8,6,4,4,7,9,6,3,6,10,5,6,12,4,7,6,3,3,5,4,11,2,8,9,4,10,5,1,3,9,5,1,8,0,5,5,5,9,2,2,3,15,9,3,10,10,15,5,5,6,2,5,6,2,9,7,4,10,6,6,3,4,7,3,9,3,4,5,5,9,5,2,9,0,7,6,4,7,11,9,3,5,7,3,5,6,4,4,6,11,6,1,10,11,4,7,5,6,8,5.819,11.0058733739892,0.632126626010826
5,6,5,4,3,6,7,5,4,8,12,8,7,6,5,4,6,2,4,8,8,6,1,4,11,2,2,4,8,4,2,3,7,7,3,11,4,11,3,8,7,6,0,6,7,6,9,3,3,7,7,10,6,6,4,5,11,5,6,3,7,8,5,4,4,6,6,6,8,6,2,4,4,4,6,1,4,6,3,6,3,9,9,7,2,4,4,10,10,2,3,5,4,7,6,11,4,7,3,5,8,4,4,5,3,5,4,13,9,3,6,6,11,2,4,4,8,4,2,4,7,8,6,6,6,7,9,5,10,4,2,4,11,5,6,9,6,7,8,7,4,6,8,7,7,6,1,8,3,4,5,5,2,5,4,8,3,5,3,7,5,1,5,4,2,1,4,5,5,5,6,4,11,1,4,7,5,6,7,4,4,3,3,4,5,7,2,8,6,7,6,5,4,7,4,3,10,10,6,4,10,7,8,7,8,4,1,7,8,1,8,8,6,1,13,1,5,6,6,4,7,6,4,6,13,8,5,5,3,2,8,7,10,5,10,5,6,6,4,8,5,6,2,4,7,7,5,6,4,10,4,3,6,6,11,7,5,7,7,1,6,7,3,4,11,1,5,5,6,4,3,11,3,5,6,5,7,4,3,7,7,2,5,6,12,5,8,8,7,9,11,7,8,4,1,1,2,7,7,9,4,3,8,7,4,6,9,5,3,3,7,6,8,6,7,5,6,8,6,7,9,6,3,3,5,8,9,8,3,4,9,16,7,5,4,4,5,7,11,6,8,1,6,4,3,8,5,3,6,6,4,5,13,6,5,2,5,6,11,9,3,5,10,4,3,5,8,7,8,7,3,6,1,6,6,4,7,6,7,7,7,7,4,5,9,4,7,5,5,5,3,8,4,8,8,5,4,5,3,7,4,3,7,11,5,7,12,5,6,8,13,8,6,6,5,9,3,12,6,5,6,4,7,2,4,8,7,6,5,5,11,4,8,5,3,8,7,6,1,7,7,5,3,5,7,5,5,4,6,8,4,6,2,8,8,3,2,6,10,5,9,6,7,8,8,8,4,7,12,6,2,9,8,5,9,9,4,7,7,2,11,10,7,3,5,7,5,7,3,5,11,3,3,8,4,9,3,5,11,6,4,4,8,6,6,6,6,7,3,7,3,6,4,3,5,4,12,6,8,5,5,4,7,6,8,7,6,3,7,6,7,3,5,5,3,10,2,1,4,8,6,4,6,9,8,11,8,9,2,8,3,7,6,14,3,15,3,4,13,8,7,7,6,3,7,6,7,11,7,3,5,4,5,5,1,6,2,7,5,4,8,5,6,5,5,6,8,3,14,2,7,3,6,5,6,3,8,6,4,10,3,7,7,2,2,5,1,9,10,7,6,8,4,5,4,7,2,12,9,6,7,5,8,3,5,10,7,7,3,5,10,12,11,8,4,7,5,8,3,5,4,5,3,8,4,4,8,1,8,11,3,7,2,6,5,3,2,6,2,2,5,2,9,6,2,3,6,5,7,2,7,4,8,4,5,12,6,6,0,7,8,4,5,4,5,6,8,3,6,11,4,6,11,6,8,2,8,5,2,5,4,9,6,10,10,5,4,7,7,6,5,7,4,12,6,5,4,5,6,10,3,8,2,4,7,3,4,5,5,8,5,6,2,9,7,6,4,7,9,6,6,8,5,2,4,6,4,9,3,10,6,4,5,6,6,5,4,6,5,4,2,5,6,5,9,4,5,4,9,3,6,7,9,8,4,9,3,4,8,5,3,5,6,5,6,7,5,2,4,4,5,3,11,4,6,6,6,6,1,3,6,6,7,4,7,5,5,5,7,9,4,1,7,8,4,5,6,7,2,7,7,2,7,4,5,1,7,3,8,3,7,1,6,6,2,5,4,2,4,5,2,10,6,8,7,7,2,7,4,7,8,3,6,9,7,7,4,8,5,5,9,2,7,8,8,5,11,8,6,4,6,5,5,6,9,5,4,5,0,4,11,14,7,5,5,5,4,8,6,4,7,5,3,6,3,10,8,7,3,5,6,5,9,13,7,7,4,9,7,10,7,5,11,9,8,7,8,9,5,2,3,9,4,3,4,11,5,8,6,4,13,3,7,5,6,5,7,5,7,9,7,4,8,4,2,5,3,4,6,5,5,4,6,4,8,15,4,3,7,8,6,6,8,5,3,3,4,3,6,4,5,3,4,9,6,9,7,6,2,13,5,4,5,6,7,3,2,3,5,4,7,2,7,4,6,3,7,7,3,3,5.789,10.8063825700513,0.771617429948737
7,10,5,5,2,10,6,6,3,2,7,6,10,6,8,5,6,6,5,4,8,6,5,5,8,7,4,8,6,3,4,6,8,7,5,6,2,5,5,4,4,8,8,11,6,6,8,5,3,6,2,4,6,6,4,5,4,6,7,3,7,5,5,7,3,8,6,4,5,3,6,5,2,7,5,3,2,13,7,7,10,0,6,2,5,9,6,10,9,7,8,5,6,1,5,9,4,14,5,2,5,3,6,5,3,6,2,5,3,6,6,5,4,6,3,4,10,1,8,7,8,6,6,9,5,10,3,4,8,6,7,4,10,3,3,5,7,10,7,2,3,8,4,8,7,15,3,8,2,6,8,4,6,10,2,4,7,9,5,2,1,5,6,4,5,5,8,4,7,11,4,6,7,5,7,6,4,9,9,3,7,7,5,9,5,9,3,5,8,5,4,8,10,5,8,6,8,6,5,8,7,3,4,7,8,5,8,2,7,4,4,0,5,7,7,7,7,4,11,5,3,4,3,6,8,3,4,8,4,4,2,3,6,7,5,4,3,4,2,8,3,8,4,5,8,7,10,4,4,8,12,5,7,8,5,4,6,4,4,8,11,4,4,5,1,7,6,4,2,6,4,9,11,3,7,6,6,5,6,4,6,5,9,3,11,8,10,0,10,7,5,7,1,4,7,2,6,7,6,5,0,10,9,9,3,9,8,8,4,8,10,6,4,5,4,4,10,2,3,3,5,4,4,0,6,10,7,5,3,9,1,10,1,6,7,10,7,6,6,5,7,6,4,5,8,7,11,10,8,5,5,6,3,3,7,3,8,9,7,5,4,9,7,4,6,3,7,6,10,5,6,6,5,4,8,5,4,4,6,10,6,8,6,2,2,7,5,13,7,9,5,6,5,7,5,8,5,2,4,9,6,3,8,7,4,8,7,1,7,8,6,8,10,4,9,5,7,6,7,4,2,5,10,9,3,4,6,5,4,3,7,2,5,8,3,6,4,4,4,4,4,8,6,6,3,6,7,5,4,4,2,6,1,6,7,3,4,8,7,6,3,9,6,6,8,4,6,4,5,5,4,4,6,8,7,14,1,5,12,13,4,10,5,4,2,5,3,4,5,4,5,1,5,9,6,6,6,4,7,5,0,3,4,3,9,14,3,5,2,4,8,8,6,2,8,7,7,8,6,3,2,5,1,4,6,6,5,6,3,6,6,6,8,3,6,6,6,10,2,8,4,3,8,8,6,6,10,5,8,5,8,5,4,7,5,9,7,5,6,6,2,3,8,11,5,7,5,9,6,3,5,15,3,5,6,6,2,11,3,5,7,6,5,9,7,6,9,6,9,7,3,10,3,6,11,5,7,5,6,4,5,5,7,5,9,10,5,6,15,5,7,6,8,5,8,6,6,5,6,6,10,6,4,5,2,5,6,6,3,6,7,7,5,5,1,3,8,9,6,6,1,4,5,5,4,7,6,4,5,9,9,9,7,5,5,7,3,13,6,9,4,6,4,7,2,5,5,8,7,10,5,5,1,6,11,7,4,8,5,4,3,5,3,4,4,5,2,5,6,5,5,5,5,5,13,10,11,7,5,6,4,8,5,5,7,1,7,3,5,2,7,7,6,6,3,5,6,8,13,11,6,9,10,6,7,4,6,8,5,2,9,4,7,7,7,7,2,9,4,5,8,8,4,9,8,6,11,4,7,4,1,7,5,4,6,4,10,6,3,10,3,3,7,8,7,9,8,4,14,6,4,9,4,5,2,5,9,10,5,8,14,5,4,8,4,6,2,3,5,3,11,4,4,11,6,2,4,4,3,6,12,10,4,4,6,7,5,9,9,3,7,5,5,2,3,6,8,7,6,5,9,4,5,4,4,11,9,9,6,4,2,3,4,5,8,7,4,7,3,6,3,8,6,2,9,5,3,5,7,2,6,6,2,11,6,3,4,8,7,11,4,5,4,2,5,8,7,5,9,5,6,2,7,8,9,3,6,7,5,7,9,11,6,3,9,3,8,5,9,5,9,9,4,6,4,9,6,3,6,5,6,7,2,7,8,3,9,4,8,7,4,7,5,5,4,9,6,8,3,7,5,3,6,4,11,5,1,7,2,7,6,7,5,8,4,6,6,5,4,3,8,5,5,6,3,9,5,8,7,4,7,3,4,3,7,9,7,7,4,5,1,4,7,6,3,6,6,7,12,5,3,9,6,3,2,9,8,3,5,4,5,8,2,7,5,6,3,6,3,9,7,6,4,7,15,3,7,3,7,5,5.831,10.7719084021299,0.890091597870064
8,3,10,4,8,7,7,4,2,1,9,5,10,6,7,5,9,8,4,5,6,12,8,11,8,8,5,8,8,10,11,6,4,7,6,11,5,8,8,8,2,5,7,6,8,9,4,3,3,11,2,5,4,4,8,4,6,4,6,4,13,9,11,5,4,8,2,2,5,6,7,6,4,5,8,4,14,15,4,7,10,5,4,6,3,9,13,9,9,5,5,2,6,4,3,8,5,7,4,7,1,6,2,6,5,7,6,10,6,12,4,4,4,7,6,6,3,8,10,8,4,8,0,6,7,3,6,5,5,5,7,6,2,6,4,8,8,5,7,3,6,4,3,5,4,5,9,6,11,2,9,1,10,3,6,4,10,6,4,2,7,5,6,4,3,2,5,7,5,7,7,7,10,3,9,6,5,4,3,7,6,6,3,4,4,5,8,6,7,6,7,5,3,5,6,5,4,11,7,6,6,7,5,5,7,8,6,7,5,5,9,4,6,6,3,5,3,6,9,3,7,14,6,8,7,7,14,6,9,2,3,7,5,4,7,9,5,4,3,1,5,5,5,7,11,6,5,3,8,5,3,3,3,5,9,5,5,7,3,1,7,6,7,5,3,1,8,7,4,6,5,4,4,9,6,4,8,4,7,7,8,7,9,7,8,10,9,5,5,7,7,10,6,4,6,8,5,8,7,5,6,6,6,6,2,9,4,4,3,5,5,9,5,5,5,5,5,4,8,4,7,8,4,3,1,7,7,4,5,14,3,7,5,8,6,8,7,4,7,5,13,7,9,5,2,5,6,6,9,3,1,8,1,3,3,6,7,4,4,7,7,6,8,3,5,8,6,9,5,4,11,5,4,5,4,8,8,5,9,4,3,4,10,4,12,7,7,2,3,6,6,5,7,6,3,6,1,3,11,10,5,3,4,12,7,5,5,4,10,5,4,9,4,11,5,9,7,9,8,3,4,6,5,3,8,2,7,4,6,5,6,8,9,5,3,5,6,1,5,9,8,6,5,6,5,8,1,7,4,4,7,11,11,7,5,6,9,7,8,13,12,5,6,7,9,7,7,6,4,9,4,4,4,3,6,7,10,7,7,4,5,5,8,5,6,1,5,6,4,6,7,7,10,8,4,6,12,6,11,5,2,9,6,6,7,4,5,7,5,5,7,5,7,8,4,5,8,11,9,11,4,8,10,5,8,4,9,6,9,4,3,5,4,3,7,4,9,7,1,5,10,6,11,5,8,9,6,1,5,5,8,5,3,4,5,8,2,9,5,8,3,9,5,8,6,5,6,8,4,7,6,12,7,7,3,5,8,4,5,7,4,6,4,2,7,7,4,5,4,5,4,3,10,11,9,3,6,6,4,5,5,3,6,4,6,11,7,4,5,6,4,5,10,4,8,6,6,6,2,10,6,3,9,12,10,8,8,10,5,3,6,8,7,6,3,5,5,13,11,7,7,8,6,3,8,5,3,6,5,3,6,9,2,3,6,8,8,8,9,9,5,4,5,3,1,9,4,3,7,4,3,3,12,1,9,6,5,11,3,6,7,8,6,9,6,2,5,5,3,8,6,4,1,7,8,7,8,6,7,7,12,8,10,11,10,4,4,7,5,7,5,5,11,6,5,5,4,4,10,6,2,3,7,9,7,5,4,9,3,3,10,3,7,7,8,10,4,8,8,11,8,6,6,7,7,10,4,6,7,5,9,8,6,5,6,9,4,6,8,6,7,2,6,7,11,9,5,3,10,5,7,4,9,8,9,5,10,3,6,7,5,6,8,5,8,8,3,5,10,8,6,7,2,2,6,5,7,5,5,5,5,6,5,6,6,4,3,5,7,5,6,5,5,9,5,3,5,4,8,2,7,4,6,8,6,7,4,2,4,13,2,3,5,5,10,5,10,4,6,8,5,4,6,2,5,8,6,8,4,3,7,3,4,4,2,5,5,6,10,4,4,4,2,7,4,7,7,6,3,5,11,3,6,4,9,8,3,4,2,9,5,7,2,1,3,9,7,4,7,6,3,4,8,3,6,9,6,3,6,4,5,3,7,4,7,7,8,6,8,3,8,4,7,9,3,7,5,7,5,5,2,3,10,7,8,4,2,1,4,8,6,6,6,7,7,8,10,3,6,9,5,1,8,3,7,8,4,9,4,5,9,6,14,6,1,4,6,3,7,8,1,3,3,10,3,9,5,8,3,4,6,3,6,9,5,5,8,2,3,9,8,4,4,5,5,5,2,3,5,15,2,5,9,14,6,4,5,1,6,9,5.985,10.9640281744093,1.00597182559071
5,11,8,5,4,3,4,5,6,2,11,4,4,9,2,5,3,5,4,2,5,8,4,5,7,6,4,7,7,3,7,4,8,6,5,5,5,7,13,9,6,8,13,1,8,9,5,5,3,4,7,2,3,8,6,10,2,5,8,3,5,8,4,3,8,8,3,2,6,6,6,7,6,3,8,2,5,10,6,5,5,9,8,3,7,7,5,10,5,5,4,2,7,7,5,2,1,9,4,1,5,4,3,7,7,8,5,6,8,8,3,5,5,9,9,9,7,2,1,3,7,8,4,10,2,5,4,6,14,1,6,6,5,2,14,3,7,5,5,9,4,6,6,5,3,9,5,7,4,3,7,5,10,7,4,12,5,11,4,5,4,3,5,6,1,6,5,6,5,4,8,5,7,7,8,7,8,4,7,6,11,6,4,5,4,2,8,3,2,6,6,7,10,3,8,9,6,3,4,4,11,6,4,3,3,6,6,0,7,2,7,5,4,6,2,4,6,3,6,3,5,6,7,8,6,6,6,9,5,4,4,4,6,4,5,6,3,7,4,6,4,7,7,3,10,5,4,11,7,8,12,4,6,6,1,6,5,4,4,11,6,6,5,9,6,2,4,4,3,9,10,10,7,2,9,7,5,7,7,8,6,4,7,7,8,11,7,4,4,6,4,6,5,9,7,4,3,3,4,5,5,5,4,8,6,8,8,5,9,4,8,5,6,8,2,7,6,3,9,6,3,6,5,4,6,8,9,2,5,5,7,10,5,3,6,3,2,4,7,1,11,3,4,7,7,12,6,3,7,8,6,8,5,7,4,6,5,6,9,4,2,10,7,4,7,10,7,9,8,8,1,8,6,6,7,5,6,5,5,4,3,4,7,4,3,7,8,6,5,11,2,1,8,7,10,7,4,6,7,6,6,4,7,5,3,6,7,7,13,12,9,4,7,11,5,11,3,7,4,6,5,3,3,6,3,6,5,3,2,4,7,5,0,5,6,10,8,7,3,2,4,7,7,4,5,3,8,5,3,7,3,5,5,3,5,3,6,8,8,9,2,2,4,1,5,6,6,3,9,4,3,10,6,3,5,7,4,11,3,12,7,9,8,5,7,8,4,6,6,1,7,3,6,6,4,7,5,7,6,7,0,8,6,5,7,8,7,4,6,6,7,6,5,5,4,8,5,1,9,6,6,5,5,4,6,3,6,7,11,4,4,10,5,7,4,3,3,6,9,7,6,4,6,4,5,7,5,12,6,12,8,4,6,6,4,2,8,4,4,3,4,4,0,6,6,10,2,9,4,6,5,5,3,3,10,9,0,7,3,6,5,9,4,1,8,5,7,2,8,4,10,10,4,5,6,5,8,12,4,3,9,3,7,5,6,4,7,7,5,3,2,5,8,1,7,6,3,7,6,7,4,4,5,2,3,4,5,2,5,6,8,7,12,4,6,12,0,7,6,3,6,7,7,5,6,4,7,7,6,7,6,7,3,3,1,6,7,5,6,3,7,6,6,5,10,5,6,2,7,6,6,6,2,4,9,6,7,7,7,6,8,3,6,8,6,9,4,5,10,8,5,9,4,1,8,6,2,9,3,5,3,6,5,5,10,9,3,4,1,4,10,8,4,7,6,6,4,13,2,9,9,3,3,8,10,6,6,4,6,6,9,9,7,9,8,5,10,6,3,2,3,2,3,5,10,4,5,6,4,9,12,3,10,6,3,6,6,5,4,5,6,4,10,9,5,4,2,4,6,10,8,8,1,3,9,6,5,9,4,4,7,4,5,7,4,8,1,5,5,7,5,8,3,7,8,6,12,3,5,8,5,7,5,3,4,2,13,8,5,10,7,8,6,9,6,4,4,10,6,4,11,4,4,7,6,2,4,6,8,4,12,4,9,1,2,7,4,5,5,7,6,11,7,5,6,3,6,6,6,3,8,6,8,5,2,3,8,5,3,2,11,8,7,4,6,7,3,6,5,4,2,3,5,3,5,6,4,7,4,8,6,13,4,6,5,1,9,11,7,5,4,5,6,4,4,13,9,5,3,7,6,6,4,6,5,6,7,4,7,6,3,8,5,10,7,4,7,3,7,1,10,10,8,4,5,8,3,4,1,1,11,3,9,4,2,2,8,4,9,5,5,5,7,3,2,10,8,9,4,6,9,10,9,4,6,15,5,7,6,4,9,7,3,4,3,9,6,2,11,2,6,7,6,5,6,3,11,7,6,5,3,5,5,6,4,3,3,5,4,2,4,10,4,5,8,6,3,2,2,7,5.736,10.7055693642474,0.766430635752634
5,5,5,5,0,3,9,8,6,2,6,5,5,7,4,5,3,5,4,5,4,7,8,4,8,4,3,11,10,9,10,4,2,5,4,5,4,6,8,7,2,9,6,3,10,13,6,6,11,8,5,8,11,7,10,5,5,8,3,6,10,14,3,6,7,5,3,2,8,5,4,10,0,4,4,5,6,8,2,3,9,2,4,6,7,6,6,7,4,4,2,4,8,2,2,4,6,5,9,5,7,7,7,8,10,13,4,7,5,4,9,7,8,9,4,4,6,7,8,10,9,8,8,5,3,4,5,7,7,5,5,1,11,9,7,10,4,6,9,4,4,4,8,5,6,8,2,5,9,5,4,5,5,7,10,9,2,9,4,3,2,4,5,4,4,7,7,9,5,5,5,3,5,7,9,5,5,9,7,10,9,4,3,5,5,2,3,7,7,5,11,6,6,4,3,5,6,8,5,2,9,3,6,2,8,6,6,2,7,2,5,2,5,5,9,7,3,8,8,7,4,8,7,5,10,9,5,7,8,6,4,7,11,6,11,6,5,6,8,10,6,8,6,2,4,4,10,2,4,8,12,5,7,11,6,8,5,8,7,6,7,3,3,11,10,6,8,4,5,6,3,5,5,7,10,4,8,4,5,6,6,4,5,3,10,3,6,4,4,11,11,4,9,3,6,8,6,2,8,8,2,4,7,5,2,10,7,9,10,2,8,3,5,8,9,8,7,3,3,8,8,8,2,2,3,7,6,4,4,5,5,5,6,4,3,2,5,4,13,5,9,5,5,2,7,11,3,4,9,3,2,9,6,6,5,7,5,5,7,4,4,9,4,3,5,3,8,10,4,2,8,3,3,3,5,5,3,10,5,10,7,9,4,5,6,4,7,7,6,7,3,6,8,8,4,5,6,2,7,6,6,4,3,7,3,7,7,7,6,8,6,8,7,5,5,6,6,6,3,3,3,10,5,7,6,5,10,7,3,8,7,2,7,5,2,11,7,4,7,11,6,5,6,9,4,2,7,3,8,7,4,10,3,8,4,4,3,5,3,7,2,3,6,5,10,12,4,4,8,7,9,6,8,6,7,14,4,12,11,5,6,7,9,8,4,7,4,5,1,5,10,5,2,5,4,6,5,1,8,7,3,5,4,5,4,9,1,4,2,9,7,6,2,5,9,7,7,4,6,7,8,2,6,5,2,7,6,5,4,1,6,7,8,4,11,12,10,7,4,5,6,2,5,14,6,5,9,3,4,5,5,3,2,8,6,3,8,9,9,4,6,3,11,6,1,7,6,9,7,4,3,5,7,3,4,2,5,9,3,6,7,7,5,5,5,6,8,5,4,4,6,4,8,7,6,3,11,9,6,5,5,8,3,6,9,8,4,6,5,5,4,8,4,2,4,5,4,6,7,6,4,6,5,2,6,3,6,4,4,6,8,8,9,4,2,5,7,6,12,7,6,11,6,5,9,7,9,4,2,5,7,12,5,3,3,5,7,7,6,7,5,5,9,9,4,3,5,5,8,8,3,2,2,6,7,7,4,8,6,4,12,6,3,5,5,3,8,5,7,8,5,12,2,7,9,5,13,7,4,9,5,7,4,6,6,5,9,7,5,3,2,4,5,7,7,6,6,7,7,7,2,5,7,11,11,6,5,4,2,4,2,4,7,13,3,8,3,5,4,6,5,9,11,2,3,5,2,9,7,9,4,4,11,3,7,8,4,8,5,7,7,5,6,3,9,4,4,4,8,3,7,3,8,8,7,4,5,6,3,6,5,6,11,4,6,4,7,7,6,8,5,8,4,2,14,6,9,5,6,10,4,7,6,5,7,6,3,11,3,3,4,7,8,5,5,5,4,3,7,5,5,2,2,5,8,3,9,2,4,8,6,3,3,5,5,3,3,3,2,5,5,12,7,5,9,4,5,5,5,4,6,5,4,6,2,6,6,13,4,3,18,3,7,2,4,3,7,4,9,5,7,2,6,6,7,3,5,13,4,9,16,3,6,5,9,6,1,10,4,4,5,13,8,6,6,9,4,4,4,4,7,10,6,4,2,5,7,1,1,5,8,6,5,6,4,5,9,7,5,7,2,10,6,12,4,8,6,7,6,12,12,8,5,5,3,10,9,14,9,3,8,3,14,7,2,5,3,4,3,5,5,7,8,4,6,8,8,7,4,3,3,6,6,7,5,5,1,7,2,4,4,4,4,11,7,3,9,9,2,9,2,6,9,10,8,5,3,4,6,8,4,7,2,5,10,6,10,2,4,5,5.88,11.0092299187655,0.750770081234473
6,6,4,4,4,4,7,3,6,3,4,6,10,8,4,10,5,3,6,4,3,8,5,3,7,3,6,7,7,9,5,7,5,7,3,5,4,11,4,4,9,6,6,8,2,5,11,6,6,9,3,10,2,6,6,6,5,6,4,4,7,6,4,7,3,6,7,7,12,6,5,5,6,8,6,5,6,11,7,5,11,6,2,6,8,7,8,5,6,5,5,7,8,5,5,3,6,8,4,9,8,3,4,4,3,7,2,7,6,8,4,3,4,6,4,5,9,2,2,5,4,10,7,5,7,6,9,7,6,11,7,5,6,7,6,8,10,7,3,6,6,6,5,1,6,6,9,4,5,4,10,6,5,7,7,6,8,8,3,5,2,5,3,7,5,10,4,12,6,5,4,9,8,6,6,6,5,3,10,4,6,8,6,7,4,7,5,8,4,4,10,8,8,6,6,5,5,7,5,5,5,5,2,8,4,5,7,1,6,4,4,2,8,3,5,4,8,4,6,6,2,12,5,5,3,4,7,6,7,5,5,8,9,7,4,11,5,6,6,10,6,5,8,2,6,4,10,5,4,7,5,1,4,5,7,4,4,10,2,4,4,5,1,9,6,3,6,4,5,9,9,4,5,6,5,7,11,5,5,5,4,10,8,4,6,7,6,0,2,6,7,5,8,6,4,4,8,8,9,5,1,6,5,4,2,5,10,9,8,1,10,4,9,8,2,2,8,3,5,5,6,3,5,3,7,2,5,12,4,11,3,9,6,7,7,11,5,8,7,7,14,8,4,5,3,6,6,6,6,4,8,3,6,8,6,5,3,4,7,7,3,4,7,2,5,7,7,10,3,6,2,5,4,2,8,7,9,5,6,5,6,5,5,5,5,5,8,6,9,4,11,5,8,4,7,4,3,6,4,4,6,10,4,7,7,2,10,5,8,9,7,6,10,8,7,6,6,5,7,6,3,2,6,5,5,9,6,5,6,4,6,7,9,3,9,10,6,3,3,7,5,8,4,2,5,8,7,12,2,10,5,6,2,8,8,5,4,8,8,3,9,3,11,7,5,9,2,4,4,2,8,2,5,7,7,4,10,7,5,4,3,8,7,2,2,1,2,6,4,7,7,7,5,7,4,5,4,6,5,6,3,10,7,4,6,5,6,7,2,5,6,5,4,1,5,6,7,6,12,8,4,5,10,6,6,9,4,5,2,3,4,5,5,6,2,8,6,5,3,6,4,4,6,7,3,7,3,7,10,13,1,6,3,6,3,7,5,7,4,8,5,3,3,8,2,8,5,7,4,6,5,6,6,5,8,4,4,2,2,4,8,5,6,5,3,3,8,5,14,4,5,2,4,4,8,3,6,2,4,11,6,10,10,4,6,14,5,3,7,8,6,7,7,2,8,9,2,6,3,12,7,7,10,7,7,3,8,7,6,9,6,6,6,7,6,6,5,10,4,6,8,7,4,6,9,6,5,6,4,5,5,6,7,2,4,8,7,4,2,5,3,4,9,3,6,6,7,6,11,9,2,7,6,4,13,5,11,4,6,2,7,2,6,8,5,7,6,3,3,5,6,8,7,10,7,3,7,6,4,7,4,8,10,7,3,6,5,2,9,7,6,6,11,4,5,5,6,9,7,6,3,4,1,6,12,4,7,7,2,4,5,8,4,6,9,2,5,7,6,6,5,3,8,3,3,3,3,7,4,4,8,7,7,6,5,5,4,12,2,6,6,2,5,7,13,4,7,3,7,4,7,9,6,9,3,4,4,5,5,5,7,4,8,7,4,5,6,3,10,6,3,4,5,7,4,10,9,4,1,2,6,8,1,3,4,3,8,8,8,5,8,7,3,6,4,6,4,10,2,9,8,3,6,10,8,7,3,6,3,6,2,5,12,8,5,4,12,4,10,9,4,7,3,5,6,7,4,5,6,7,11,2,5,6,6,10,7,8,4,7,7,2,11,8,7,7,6,9,6,6,9,7,10,6,7,4,6,9,5,5,9,11,4,9,4,4,4,7,5,3,6,4,6,8,6,7,11,5,6,6,6,3,6,6,4,5,8,4,9,1,9,5,5,7,5,2,6,5,5,2,5,7,3,4,5,5,6,8,3,8,5,4,7,7,5,7,5,1,5,6,7,6,8,4,5,7,3,9,4,2,5,6,11,6,9,6,4,5,9,4,8,2,4,9,5,6,6,7,10,7,13,6,1,4,7,3,3,6,3,4,9,7,5,6,4,5,3,3,4,4,7,9,6,9,6,5,6,3,2,6,5.803,10.4873191812463,1.11868081875372
5,6,5,3,0,13,8,7,3,1,11,2,6,7,4,3,7,6,7,4,6,8,4,8,5,11,11,6,5,6,5,3,5,7,5,5,6,8,4,5,5,3,9,9,7,9,5,6,5,9,5,2,2,5,10,3,3,6,7,3,4,5,5,0,8,5,4,4,5,4,8,5,4,10,7,3,4,12,1,7,8,9,10,11,6,7,7,8,9,6,7,3,7,6,6,3,7,15,7,7,5,3,5,5,2,7,3,7,9,5,5,4,5,5,4,6,6,8,5,4,6,8,2,7,1,10,3,3,10,11,6,9,6,8,3,8,7,9,7,3,2,4,8,9,5,9,5,7,3,8,8,11,6,6,3,10,7,4,7,8,5,7,5,5,2,6,4,7,5,4,5,7,11,3,11,6,6,5,9,10,4,6,2,2,3,7,4,8,8,10,6,2,2,8,5,5,5,7,7,6,7,6,4,7,3,2,5,6,10,3,3,3,6,8,6,12,5,3,7,8,11,6,3,4,9,6,6,8,4,6,6,5,6,2,11,9,4,5,2,5,5,7,2,7,7,5,8,6,5,9,7,6,8,4,7,7,6,7,7,5,3,3,7,5,9,4,2,5,7,9,2,5,4,10,2,8,3,1,8,5,3,6,4,5,10,10,5,5,2,6,4,4,6,5,5,4,2,6,6,7,3,5,1,8,5,3,9,9,12,6,9,5,5,5,5,10,3,3,3,7,9,6,6,4,3,11,5,8,4,5,4,5,5,5,8,7,13,3,5,3,6,8,4,2,6,10,11,5,4,5,4,7,6,7,8,7,6,4,10,1,6,5,6,5,4,5,6,6,4,4,4,4,6,3,7,8,6,4,10,6,3,9,9,2,6,7,3,11,5,8,3,3,11,8,7,6,2,8,6,9,7,8,11,11,6,3,7,8,9,3,6,5,7,4,2,6,5,7,3,5,6,5,8,10,1,6,4,7,6,4,5,5,1,4,10,12,3,6,2,12,5,6,7,11,4,6,4,1,3,6,7,6,2,4,8,9,2,4,10,5,5,2,11,7,10,8,8,8,9,5,7,6,5,5,10,10,6,8,17,9,6,9,4,8,1,4,3,4,1,6,7,3,6,7,6,4,6,7,5,8,3,9,4,6,4,9,2,9,5,5,4,5,9,5,5,8,4,5,6,6,5,7,9,7,5,5,4,7,5,6,5,7,10,5,8,6,10,5,5,6,6,5,6,5,4,8,8,7,5,10,8,5,4,10,10,2,1,5,3,4,7,12,7,11,5,5,5,6,6,10,3,9,3,5,6,8,2,5,3,1,5,7,6,4,2,4,4,4,7,6,9,10,5,6,12,8,6,4,9,7,5,6,5,6,3,7,5,7,5,4,3,10,6,4,8,10,3,11,7,10,3,1,7,4,8,6,7,3,3,6,10,3,6,2,8,6,5,4,4,5,8,3,5,4,4,11,8,5,6,5,5,4,3,4,3,3,6,7,6,4,1,9,5,1,2,8,7,8,7,7,2,9,9,9,5,10,9,10,4,13,4,1,3,6,2,6,3,7,3,9,9,4,5,6,4,5,3,10,6,5,9,5,4,11,8,6,5,5,4,10,1,5,9,9,8,2,6,3,6,5,9,7,5,4,8,8,6,2,1,7,7,2,6,10,4,7,7,4,10,4,6,5,4,7,7,8,2,6,2,7,8,6,2,7,3,5,7,7,7,6,4,5,7,7,6,4,3,3,3,7,2,10,9,6,7,8,8,5,6,4,7,6,5,7,5,5,4,5,10,4,8,8,8,6,11,7,10,11,3,6,9,6,10,6,6,6,2,4,6,7,7,6,2,3,4,4,5,7,9,4,7,5,6,3,4,8,2,2,5,4,0,3,7,7,7,5,10,7,5,11,3,7,4,10,6,4,5,6,7,6,6,8,4,5,5,4,7,3,6,4,5,3,3,3,4,5,10,9,1,6,7,3,4,3,12,2,4,10,6,6,6,10,6,3,7,7,4,6,3,3,5,6,5,2,8,7,10,6,7,4,8,3,6,11,2,7,5,2,8,9,8,4,3,9,8,9,5,8,7,7,1,4,12,7,5,5,4,5,2,10,6,2,3,6,1,7,9,7,2,5,5,4,5,6,7,9,3,4,10,5,5,6,3,2,7,7,4,7,5,4,2,5,7,8,4,5,4,4,6,5,4,8,7,4,6,2,8,6,6,5,5,1,4,10,10,6,4,3,2,5,5,4,4,8,5,2,6,5,7,3,5.818,10.7356752201799,0.900324779820121
3,6,5,4,7,3,0,8,4,4,4,5,8,8,5,5,8,7,1,7,9,5,7,10,4,9,8,4,11,7,8,5,6,7,9,6,5,5,4,7,7,5,6,5,7,4,8,3,5,7,7,5,7,11,8,6,4,11,7,1,12,10,5,6,6,6,2,5,9,6,2,8,4,4,6,2,9,7,4,3,6,8,6,5,5,4,8,10,4,6,7,3,5,5,8,5,6,5,6,6,10,9,6,4,5,5,5,4,11,7,7,9,4,6,12,4,10,3,10,2,7,7,6,5,4,4,6,7,6,1,6,4,9,9,9,2,5,7,7,6,4,5,5,5,8,6,5,3,7,4,12,6,9,7,5,3,4,11,4,3,4,4,5,2,5,11,12,4,5,6,7,3,9,3,8,4,4,3,8,6,4,8,8,5,6,5,4,5,12,6,10,2,7,1,4,7,9,8,4,3,12,5,9,4,3,4,3,7,8,4,6,5,8,5,5,4,10,4,6,4,7,12,6,9,4,6,7,7,4,7,8,3,7,2,6,9,9,1,10,4,5,6,4,5,10,10,6,7,5,2,3,1,12,6,5,10,5,5,4,5,10,5,7,6,5,4,8,8,7,5,4,5,4,13,12,4,13,6,8,6,5,4,8,6,8,8,4,8,4,7,8,7,3,5,5,4,4,5,5,6,2,4,5,5,1,3,8,2,6,6,6,11,10,3,4,7,10,1,2,3,11,4,6,3,4,9,5,3,2,6,13,8,6,8,5,6,7,4,8,3,11,7,4,5,7,5,7,8,4,3,6,6,6,4,5,5,4,2,5,0,5,13,10,4,5,6,8,3,5,4,2,11,6,3,7,3,8,7,5,4,6,2,10,7,6,1,7,7,5,5,9,11,11,9,10,7,5,2,6,5,5,3,6,9,6,5,4,6,5,6,7,5,8,7,8,6,5,6,5,6,8,5,7,6,6,3,2,6,5,5,3,3,3,5,2,6,7,4,10,8,4,4,5,6,1,7,6,7,1,10,7,5,4,3,8,4,10,8,8,11,5,7,4,7,11,7,2,1,8,6,4,4,4,5,6,6,4,7,8,9,5,4,3,10,2,7,4,10,2,5,11,4,3,0,5,5,5,7,5,2,1,6,8,4,6,7,5,2,4,4,5,8,7,0,3,6,3,6,5,4,5,7,11,10,6,5,5,9,4,2,9,1,4,3,4,6,11,6,3,6,11,7,7,6,14,5,8,6,8,8,6,6,3,9,2,6,1,4,4,4,6,3,10,7,5,2,6,7,7,2,3,5,4,4,7,6,6,7,5,7,9,8,2,1,3,4,4,3,6,10,8,6,7,5,6,5,4,10,5,8,8,6,6,9,6,8,5,7,9,9,3,7,6,5,5,8,5,5,3,11,8,4,8,4,5,5,10,8,5,4,7,7,10,6,4,8,8,9,4,5,2,10,6,4,5,2,3,7,7,5,6,9,7,2,6,7,10,4,6,3,9,7,7,0,7,5,6,1,6,8,3,8,4,5,9,6,3,7,8,4,8,3,7,11,4,7,7,4,5,8,6,8,4,7,7,12,5,5,9,9,4,11,7,8,11,4,8,3,9,6,3,5,7,5,4,7,3,7,9,6,7,6,2,13,11,5,1,6,3,2,8,11,5,3,9,9,6,8,5,3,6,8,2,6,6,6,3,5,7,5,8,3,5,7,10,8,4,12,3,3,4,5,9,5,8,2,6,4,9,8,4,8,5,7,8,5,7,6,6,8,4,9,11,6,4,6,7,6,9,7,2,2,4,7,8,5,8,4,8,5,4,7,10,6,5,3,8,12,6,9,6,8,4,5,2,8,3,5,3,9,5,2,5,2,2,3,5,7,4,4,1,5,5,8,7,8,4,0,2,11,7,12,4,4,6,6,7,10,5,6,8,6,2,2,4,9,7,9,10,4,6,5,8,2,4,3,9,5,4,8,8,2,5,8,5,7,5,5,5,4,7,7,10,6,4,3,7,4,1,4,5,3,6,5,5,11,7,11,2,3,3,2,5,5,6,4,6,6,4,5,6,3,6,6,7,3,6,5,5,7,7,6,9,5,4,8,3,5,4,7,10,7,7,6,1,4,6,1,6,2,3,5,6,3,7,6,2,6,3,4,7,8,3,2,1,7,7,1,3,9,5,2,8,10,3,6,5,8,12,7,9,3,5,9,4,6,11,5,4,4,0,8,4,7,7,3,5,3,3,5,1,5,7,5,3,4,8,5,10,3,5.811,10.7569024816263,0.865097518373654
4,6,3,7,4,10,4,4,3,3,9,7,4,7,4,7,3,2,7,7,6,7,4,7,7,4,7,8,4,9,8,5,6,5,5,4,5,5,8,7,6,4,3,7,8,12,8,6,1,5,7,2,5,5,4,7,4,5,2,4,10,5,6,4,8,5,2,3,8,2,2,7,5,0,4,7,7,7,4,4,9,4,7,7,7,7,7,5,5,6,6,5,10,5,4,5,9,6,4,6,7,9,10,4,6,9,6,7,7,8,4,5,8,4,4,9,1,2,3,7,2,6,10,9,7,4,7,7,5,11,7,5,7,2,5,8,4,6,8,5,3,8,9,5,6,8,7,6,9,6,4,6,6,5,4,7,8,6,4,2,4,5,8,7,4,6,5,9,7,4,4,3,5,3,6,6,2,8,15,8,8,8,6,8,4,3,4,5,6,4,4,1,5,3,1,6,7,6,6,3,5,9,3,3,7,9,7,6,10,5,3,2,4,4,5,6,6,3,14,10,0,9,3,7,6,5,3,9,5,1,2,8,8,8,8,6,5,8,7,6,12,12,6,4,6,5,9,7,7,5,8,5,5,8,7,4,3,11,3,5,4,8,4,9,10,10,4,6,9,5,5,12,3,9,7,13,8,9,6,3,12,6,6,4,5,10,5,3,3,6,6,2,6,6,7,5,4,4,7,3,6,10,9,8,9,5,3,5,6,5,7,6,8,6,12,6,8,3,6,6,2,5,3,2,9,4,6,4,5,7,6,5,6,4,4,7,2,7,6,1,12,10,6,8,4,8,4,5,6,10,2,8,6,5,4,12,6,7,11,9,5,8,3,5,7,10,10,8,10,7,8,2,6,2,11,3,7,7,5,10,10,7,8,7,13,7,6,13,6,9,4,2,5,6,6,5,5,9,6,6,6,6,9,4,5,4,8,3,8,4,5,6,6,9,5,9,3,6,9,2,4,6,6,4,6,5,12,7,2,7,5,5,7,4,6,13,9,5,0,6,10,6,4,2,4,8,5,5,4,9,4,6,8,10,6,7,2,9,10,11,4,5,5,9,4,11,1,5,5,4,12,4,5,3,6,6,6,13,5,4,7,6,8,4,7,5,3,1,2,10,6,8,6,11,4,1,10,6,7,8,1,2,2,6,10,10,3,2,5,4,3,5,11,5,4,8,9,3,11,6,5,3,9,6,6,5,4,5,8,3,6,7,9,5,6,8,2,5,1,10,7,5,5,4,5,10,3,4,8,7,3,8,5,6,2,3,6,3,5,6,5,10,4,5,4,6,4,8,5,5,4,12,7,5,5,10,7,4,6,4,6,2,5,4,7,6,7,7,7,6,7,7,4,5,10,2,5,9,4,3,1,7,6,7,6,7,2,3,6,3,1,8,3,3,12,8,5,2,8,7,6,2,4,12,2,2,4,6,4,4,6,7,5,6,6,7,5,10,8,3,3,9,5,5,8,5,7,3,2,7,7,12,9,5,7,13,6,11,2,4,9,3,6,5,3,6,2,2,8,5,3,6,4,10,8,3,1,9,5,7,11,3,11,4,4,10,4,2,5,6,6,6,10,6,7,6,4,9,3,11,9,5,9,7,11,8,7,12,3,3,5,5,5,10,4,9,6,7,3,10,9,6,12,6,4,9,4,4,4,8,5,3,1,2,5,3,7,6,4,6,4,10,4,7,8,5,4,10,3,4,1,7,10,5,1,6,5,7,5,5,4,4,8,5,7,6,2,5,7,10,2,10,4,7,9,2,4,2,7,5,10,6,5,6,6,4,10,3,11,5,2,3,6,5,7,6,12,8,9,10,9,12,6,3,5,3,8,5,9,8,8,4,4,9,7,2,7,6,5,7,3,5,6,5,8,6,7,2,5,5,6,6,5,3,6,5,5,6,5,8,6,6,5,8,5,2,4,2,6,7,8,2,5,4,6,2,5,10,3,5,5,5,5,4,4,5,10,8,6,7,6,5,4,2,8,8,5,8,5,5,8,13,4,5,3,8,4,10,9,3,7,1,7,6,7,11,8,5,5,1,4,5,6,6,2,4,7,1,4,4,9,3,7,10,8,9,3,4,3,4,8,5,5,8,0,5,5,9,4,5,6,5,2,5,7,2,7,4,10,7,4,8,6,4,5,7,8,4,8,2,8,5,2,4,7,11,4,12,7,4,6,5,4,6,4,9,8,9,10,10,12,9,6,7,4,6,6,5,5,8,10,9,5,4,6,3,1,5,6,5,3,3,5,9,6,1,10,1,5,8,5.896,10.9457382418013,0.846261758198681
4,6,5,4,2,7,9,8,4,6,6,5,5,6,5,6,6,8,1,12,8,12,5,11,3,5,5,8,6,5,5,5,7,11,2,5,4,7,7,8,3,10,3,9,6,5,6,3,5,6,6,4,7,4,5,5,7,4,3,4,4,4,2,10,4,4,2,5,6,3,5,4,7,6,3,8,9,9,12,4,5,8,6,3,12,6,8,3,6,9,3,6,1,9,5,2,6,3,4,8,7,7,6,4,12,7,5,7,8,5,6,7,5,3,1,3,5,2,6,8,6,8,4,5,8,7,5,7,2,10,5,7,4,5,3,8,7,8,5,8,3,8,9,5,9,7,7,5,6,3,7,8,9,5,4,7,2,8,5,3,7,8,4,7,4,8,6,9,8,3,4,4,6,7,10,1,9,2,9,5,6,5,4,6,2,6,11,9,2,2,6,8,6,11,4,8,7,7,7,2,6,10,6,2,14,3,7,1,7,4,5,3,4,7,13,3,4,4,9,7,6,6,8,3,4,3,3,6,8,9,4,7,8,3,3,8,4,8,7,6,5,6,2,4,7,6,4,6,3,10,8,4,8,6,4,9,7,4,6,3,4,3,3,5,10,9,4,10,3,3,12,4,3,9,7,7,7,5,6,8,3,7,5,6,6,7,7,3,4,3,9,6,8,4,4,9,8,7,5,4,3,3,8,8,5,6,7,8,7,4,10,7,4,4,5,6,3,3,3,7,10,2,5,3,7,8,9,3,3,8,3,6,4,9,5,3,6,10,10,6,5,6,6,6,5,5,3,8,5,3,5,7,5,7,8,4,6,4,9,5,5,7,6,2,2,4,6,13,2,5,7,9,9,1,7,6,7,7,3,8,4,4,8,1,9,6,4,9,6,4,4,3,7,5,3,4,5,6,8,3,3,7,6,10,2,6,8,4,6,10,8,3,6,3,3,9,2,7,6,3,4,6,4,8,5,5,5,7,5,7,5,5,10,2,5,8,2,4,4,6,7,6,10,9,7,1,5,8,7,8,8,4,4,7,5,2,3,6,4,6,5,2,3,8,3,8,6,3,6,3,9,0,4,3,7,8,4,10,6,3,6,4,8,7,2,2,3,8,2,5,4,5,9,4,12,11,6,7,1,7,6,8,6,4,5,7,3,2,5,5,3,5,3,3,3,7,5,5,7,9,1,5,4,10,2,7,6,7,7,2,8,7,2,4,7,4,7,4,7,7,6,7,5,14,8,8,7,2,4,5,5,8,11,8,4,6,1,5,6,4,3,7,5,6,4,7,3,6,3,7,3,5,3,6,4,12,2,9,2,7,4,8,7,6,1,2,8,9,6,10,5,2,3,8,4,4,7,5,3,4,9,3,8,7,8,2,4,4,3,3,7,6,4,5,6,6,4,3,8,4,9,7,5,5,3,5,7,8,5,7,5,7,8,7,3,3,3,8,11,4,11,5,3,3,6,10,4,6,4,10,2,5,1,6,3,4,8,3,6,4,5,4,4,8,9,5,8,7,5,3,1,12,4,4,4,5,11,6,3,6,9,3,9,10,4,7,4,2,5,7,4,10,4,9,6,4,8,10,3,6,4,5,8,6,8,7,3,2,8,6,2,1,7,8,5,8,3,8,4,8,6,6,4,5,10,5,3,6,7,5,5,3,5,2,7,4,8,8,4,5,3,9,7,5,11,6,5,5,3,4,6,6,3,2,10,5,6,5,4,1,8,4,12,7,7,3,4,4,4,3,4,7,6,7,3,4,5,5,2,9,2,5,9,6,3,5,5,4,2,7,3,5,8,2,6,11,9,7,5,7,5,2,6,3,5,5,6,8,2,4,10,5,5,6,7,5,5,9,5,8,4,2,7,4,2,7,8,8,6,6,6,7,8,5,5,6,4,14,6,6,6,7,6,10,5,4,2,5,6,4,6,2,6,4,7,4,10,3,6,6,9,6,6,5,10,5,10,6,8,3,5,9,7,7,5,6,3,3,7,7,6,4,5,3,6,6,4,10,4,4,4,6,4,2,6,11,7,9,7,3,4,3,8,4,3,7,5,3,6,11,9,5,3,6,5,9,6,5,5,5,7,8,3,8,1,3,6,3,8,8,9,2,6,4,10,4,3,6,2,4,10,4,12,6,5,6,7,7,8,7,7,6,6,8,9,5,3,3,6,1,4,10,8,10,4,5,4,5,5,8,10,8,7,3,6,4,9,3,3,3,6,4,4,7,6,5,1,4,1,4,3,5,4,5,7,5,4,4,6,4,5.646,10.3803306116853,0.911669388314673
10,6,8,5,2,6,4,8,5,1,11,7,8,12,4,10,1,3,7,8,6,6,1,13,2,5,2,5,5,9,4,3,5,10,6,7,2,3,0,4,4,6,4,7,6,9,4,5,7,9,3,3,6,5,9,6,4,7,7,4,11,10,2,9,6,2,6,0,8,7,5,4,7,7,5,1,4,7,2,7,9,10,10,9,9,4,5,6,6,3,6,6,7,6,8,5,6,9,3,7,9,2,10,11,8,6,5,9,6,8,4,5,4,5,11,5,1,3,7,8,4,4,5,3,1,10,6,4,6,3,5,4,10,11,3,12,5,4,6,8,5,3,2,5,3,7,5,5,8,11,5,7,7,9,5,6,6,10,9,5,8,3,6,8,5,9,8,4,2,2,6,8,10,4,11,5,6,5,8,5,5,9,2,8,5,5,5,5,14,5,5,4,5,9,2,3,7,7,4,0,0,4,5,3,4,6,8,5,9,4,4,0,10,6,1,5,2,6,9,7,7,12,12,5,5,8,6,7,8,6,6,9,4,8,5,6,5,5,5,5,1,11,8,4,6,7,5,4,4,4,7,5,8,4,13,10,5,8,12,3,11,7,2,1,6,5,1,3,4,4,5,8,5,7,5,5,3,7,3,7,3,4,6,8,3,5,11,5,0,7,5,4,6,9,6,11,6,8,6,6,6,7,2,4,2,7,3,6,7,6,11,7,3,9,7,8,3,1,5,2,7,3,7,6,6,14,6,2,8,8,7,7,3,10,10,5,5,7,6,10,5,7,7,3,5,11,11,7,5,4,6,7,9,3,6,5,4,8,4,4,6,4,5,6,6,8,5,11,4,1,0,7,2,3,8,4,7,6,6,8,8,4,3,4,6,4,2,5,6,7,4,3,4,6,7,6,4,7,6,10,7,1,9,11,6,6,4,6,5,6,6,1,6,11,5,9,2,3,3,6,6,12,10,5,6,7,10,8,4,3,3,7,3,6,8,12,9,6,7,10,4,7,6,8,1,10,10,4,4,10,9,6,4,6,4,2,8,5,9,7,7,5,10,10,6,4,2,6,6,6,8,6,5,4,7,7,4,10,9,5,8,8,6,5,3,9,1,7,3,4,6,5,6,5,10,6,5,8,5,5,6,8,7,4,0,5,5,7,6,4,8,9,5,7,5,5,4,1,8,9,1,8,5,7,6,4,2,5,3,4,8,2,6,9,8,9,4,8,7,4,6,6,3,7,13,5,6,3,9,9,7,1,7,9,4,3,2,8,5,6,12,9,2,2,4,7,3,7,2,6,5,0,6,11,5,8,4,4,2,8,7,4,4,3,6,10,7,9,6,6,9,6,6,8,6,2,4,3,5,8,5,7,5,6,6,10,3,6,1,6,6,14,7,3,3,8,4,11,8,9,10,6,9,4,7,0,6,6,1,10,4,4,2,4,2,11,6,6,6,10,6,7,3,4,6,4,7,5,8,6,7,7,6,10,3,8,5,5,9,5,3,6,7,5,4,8,4,2,7,4,3,3,9,2,7,5,7,3,3,4,11,8,3,5,4,9,4,6,3,7,4,5,6,4,8,9,3,5,4,5,5,6,5,10,2,7,5,7,6,4,6,8,8,8,5,6,8,4,4,10,3,3,7,10,7,3,4,6,6,6,7,6,8,3,6,10,4,4,8,11,8,6,4,7,8,5,5,6,3,4,6,10,6,3,7,4,4,9,4,7,3,3,8,3,8,7,8,6,3,4,7,10,9,8,7,7,6,4,3,11,8,7,10,5,4,3,7,4,12,6,5,6,9,5,7,8,10,3,8,7,6,6,6,4,4,3,6,7,4,2,8,5,6,6,5,4,3,3,6,7,5,4,6,4,12,5,3,6,2,7,5,2,4,11,3,3,4,7,7,7,9,7,3,4,5,5,5,5,7,8,10,6,6,6,9,8,5,8,1,3,8,2,3,2,4,4,7,7,7,7,10,6,9,5,7,1,2,11,7,7,8,2,9,0,4,2,1,3,1,2,5,4,3,3,5,7,15,10,2,5,4,10,7,5,7,5,7,6,4,3,7,6,6,7,4,7,6,7,9,6,9,3,13,8,3,4,2,12,5,5,7,8,3,5,6,9,5,6,9,6,4,8,7,3,6,4,4,6,7,5,10,9,5,7,5,6,4,7,3,4,10,3,4,6,6,3,4,10,9,3,7,8,2,4,7,4,10,6,4,7,7,3,5,5,8,6,5,3,6,9,1,7,1,6,4,7,3,4,5,6,5.835,10.8986513510514,0.771348648948583
4,7,8,6,5,9,5,3,3,6,9,7,5,6,4,7,4,7,8,7,8,5,9,7,8,7,5,4,5,11,6,5,5,4,9,6,2,4,6,8,5,6,6,10,10,12,2,6,6,5,11,7,4,1,11,7,6,4,4,3,3,5,3,4,1,8,7,4,6,3,4,5,6,5,5,7,10,5,7,5,5,6,7,7,4,5,4,7,2,8,6,3,4,4,8,3,7,4,3,6,12,6,5,4,3,8,4,3,10,10,6,5,5,7,4,4,7,7,3,4,3,10,2,4,3,4,6,7,5,10,7,3,2,6,4,7,5,5,4,4,2,9,10,5,10,3,6,8,10,7,9,8,11,10,6,3,3,4,8,9,3,7,2,5,3,7,8,7,7,9,4,5,5,9,6,4,4,5,12,11,5,5,3,8,5,6,5,9,7,8,11,4,6,5,3,10,4,5,1,5,4,2,4,3,7,1,6,0,8,4,5,5,4,4,4,5,4,9,6,7,7,12,5,12,7,5,4,8,4,5,3,4,5,6,2,5,12,3,6,3,11,4,11,4,8,6,10,6,5,5,7,9,7,7,4,5,6,7,4,9,2,4,2,3,7,5,4,3,5,5,6,6,5,4,5,11,6,3,6,6,3,10,5,3,4,7,6,5,4,8,7,9,3,6,6,6,8,5,7,10,4,3,4,8,4,2,2,2,10,4,10,11,5,7,10,9,7,7,8,3,4,2,6,3,10,8,9,6,4,4,5,4,7,7,6,6,6,5,4,8,1,1,5,2,7,9,4,7,4,3,4,5,6,4,7,8,10,6,10,5,6,13,4,2,9,6,6,7,2,8,7,4,5,4,5,6,6,6,7,6,5,9,11,7,3,3,8,6,3,2,0,6,1,6,7,6,3,8,4,4,8,6,6,3,4,6,4,4,4,5,6,5,1,8,10,10,6,3,6,12,4,1,7,5,4,8,6,8,5,4,3,7,8,3,8,6,3,4,5,10,7,5,1,7,7,6,7,11,2,6,4,5,6,4,7,5,5,5,9,4,8,14,13,11,6,2,9,3,6,4,9,6,7,3,10,5,5,13,9,7,4,10,2,6,2,2,1,6,2,11,7,5,8,4,10,4,5,3,8,5,5,6,2,6,7,8,7,4,2,5,10,5,7,8,7,9,4,5,3,3,9,4,5,12,8,2,2,3,6,2,4,2,7,6,2,8,6,4,6,3,10,6,8,7,8,3,5,5,10,9,4,3,5,10,5,9,9,4,4,5,8,5,7,3,7,2,8,10,1,6,8,8,4,2,7,5,5,6,6,2,6,7,8,6,4,3,8,8,3,7,9,4,3,1,8,6,6,4,7,3,8,5,3,8,3,5,4,10,8,4,3,8,7,2,7,11,7,4,3,5,11,3,11,6,8,6,5,9,7,5,8,3,7,8,8,4,5,4,9,6,7,6,4,5,3,8,7,6,6,2,6,12,5,7,4,8,10,3,2,3,6,2,4,4,6,5,8,7,6,9,3,5,4,7,4,7,3,3,6,4,8,6,5,8,3,6,4,6,6,5,8,2,5,3,8,6,7,11,4,8,7,8,8,2,9,5,6,6,5,6,0,1,7,6,6,9,4,8,7,6,3,7,4,3,6,4,5,2,5,5,6,2,5,3,3,5,6,8,9,7,8,5,4,7,8,2,7,8,7,4,6,5,4,5,4,6,5,7,9,1,4,8,7,4,6,7,6,6,2,4,6,8,5,8,7,11,6,4,9,10,11,5,6,6,8,7,6,6,8,2,6,4,4,6,11,5,6,5,5,2,6,10,8,9,3,4,3,10,7,11,5,5,4,4,9,9,3,6,5,8,5,3,5,6,9,8,6,3,8,5,9,1,3,4,9,8,6,6,4,9,5,8,5,5,6,5,9,4,7,4,8,5,8,3,4,3,4,4,9,5,5,6,4,3,6,13,6,9,4,9,7,4,6,7,9,1,4,11,7,9,6,7,9,4,3,4,8,4,3,3,7,1,5,5,5,8,11,8,6,7,2,3,6,1,3,8,2,4,6,5,8,5,5,8,6,8,7,6,6,4,8,3,7,9,3,11,4,7,3,8,6,11,4,10,5,2,9,8,8,3,3,8,4,7,4,4,5,7,5,3,10,3,4,5,13,8,2,4,7,6,3,3,5,4,1,3,9,7,12,8,5,7,7,5,5,12,8,8,3,10,8,6,3,6,4,4,5,1,7,7,2,7,4,10,1,4,9,5,1,2,5.782,10.6736451213874,0.890354878612563
3,4,7,5,4,3,8,8,4,7,11,4,8,7,4,3,5,3,3,4,4,8,7,7,9,4,5,6,7,5,6,5,8,3,10,5,3,8,6,5,3,4,6,6,0,6,10,5,5,6,5,6,10,7,2,8,8,5,6,5,10,6,3,5,3,12,5,7,9,5,6,3,7,7,6,3,6,7,7,7,11,8,5,3,11,4,6,2,4,2,6,4,6,5,3,2,7,4,9,9,8,6,6,3,4,6,3,8,6,9,7,8,8,5,3,2,4,6,5,8,4,10,8,8,8,5,7,8,4,6,11,7,5,2,6,7,6,6,7,8,4,11,8,7,4,13,11,4,5,7,12,6,6,9,5,5,7,8,7,5,2,6,4,6,8,7,10,7,5,9,2,5,5,5,5,7,5,3,5,15,7,4,2,7,11,7,2,12,6,4,5,2,5,4,2,2,5,7,8,5,4,7,6,4,6,6,5,5,4,6,3,7,8,7,3,1,3,4,5,9,8,3,4,5,3,4,7,4,3,6,7,6,2,5,4,5,5,8,4,7,9,7,5,10,8,4,6,7,8,6,6,4,9,4,3,5,7,15,8,7,4,2,3,4,4,10,4,8,4,12,3,8,9,9,6,7,5,3,4,5,6,2,4,7,5,13,2,6,3,7,5,1,4,5,4,6,4,8,5,7,3,11,5,5,1,7,8,5,5,6,11,7,6,8,5,3,6,4,6,4,12,7,6,5,4,6,2,4,7,5,5,11,10,4,7,4,2,5,5,4,2,7,6,7,3,6,9,8,3,6,6,7,1,5,7,6,5,2,4,2,3,4,6,6,7,6,2,9,8,4,7,4,6,3,8,8,13,7,8,4,9,8,11,6,7,4,3,10,5,5,4,6,6,8,2,5,4,11,8,7,5,5,3,11,7,3,7,5,7,6,9,2,7,2,12,5,4,9,8,5,6,2,9,6,5,5,8,4,3,7,6,1,4,2,8,7,3,7,9,2,6,4,7,6,2,3,6,3,6,4,8,5,7,11,10,2,6,3,2,6,7,11,6,9,4,12,5,7,4,3,10,5,3,7,5,5,4,17,3,8,4,5,8,8,2,8,4,3,3,10,7,5,4,5,8,6,7,7,3,12,1,3,3,3,8,8,3,3,5,2,4,5,9,5,9,8,7,7,5,6,3,3,6,6,1,5,11,9,6,1,5,3,5,10,7,2,6,5,7,9,7,7,5,5,6,7,3,5,5,8,6,8,2,6,6,5,2,4,3,6,4,7,6,6,6,6,4,4,10,3,5,5,2,4,3,8,3,7,3,6,7,6,4,3,5,6,5,7,4,9,8,6,6,4,4,6,3,7,8,6,3,7,10,5,6,3,2,5,4,3,4,2,7,4,4,7,4,3,6,9,10,3,5,8,6,5,6,7,8,6,8,3,6,7,4,9,10,8,5,6,2,4,8,5,3,2,5,7,7,4,4,6,9,5,2,8,8,9,5,7,9,5,9,5,3,5,7,2,14,8,4,6,7,4,7,8,8,9,4,6,3,4,8,9,8,7,2,6,4,8,9,9,8,7,4,10,6,5,6,6,10,9,10,5,10,8,9,3,9,6,2,1,8,6,6,7,9,6,3,6,6,0,6,4,10,10,1,3,4,8,3,6,2,4,4,4,12,4,8,6,4,4,6,10,10,9,6,3,6,5,4,5,7,8,8,6,5,4,3,8,4,3,7,6,7,6,3,4,4,6,4,5,2,8,8,5,5,4,6,4,5,7,8,5,6,5,8,2,9,3,4,6,3,6,8,6,10,10,5,6,6,6,7,5,3,5,5,6,8,7,5,10,3,6,4,5,2,11,5,4,6,2,5,5,0,4,9,4,7,5,2,9,7,5,5,4,6,6,5,6,5,3,7,5,8,1,3,7,4,6,6,6,3,2,9,5,7,6,4,5,4,1,1,7,8,4,5,7,7,4,7,1,6,6,5,9,3,7,8,3,2,5,5,5,6,1,9,6,5,4,2,1,3,4,5,10,7,6,9,6,5,3,7,4,4,4,3,6,9,6,5,5,3,4,6,6,4,7,2,8,10,6,5,5,1,8,2,2,5,7,5,8,5,4,6,4,5,1,4,7,5,4,4,5,10,5,5,8,2,4,4,5,9,12,5,6,4,5,2,8,4,5,3,6,5,5,6,7,6,9,6,5,1,8,5,4,8,6,4,6,6,9,5,4,9,6,5,0,8,8,3,5,4,3,4,5,2,6,7,4,5.686,10.4513865441657,0.920613455834312
6,9,4,10,8,10,8,5,1,5,6,2,4,2,3,3,6,3,7,6,11,15,2,4,9,9,8,4,7,7,8,2,6,7,6,6,4,5,9,7,3,10,6,7,9,7,9,4,4,9,5,5,8,6,7,6,4,4,4,5,6,3,4,6,7,5,7,7,13,7,2,4,7,5,5,4,9,5,5,4,9,5,7,6,8,6,7,7,5,11,8,6,7,8,7,3,7,12,5,6,6,6,9,6,8,8,6,4,10,7,7,3,8,6,7,3,10,4,7,10,6,9,6,5,7,10,6,8,7,5,9,9,2,6,7,5,4,5,5,2,5,4,11,5,5,3,6,6,6,6,6,6,8,5,6,3,2,13,7,5,8,3,5,9,6,7,3,4,10,6,6,4,6,2,5,6,3,5,8,8,5,8,3,1,5,6,6,4,11,4,1,3,5,8,3,7,2,9,4,5,6,5,9,2,9,12,6,8,9,8,5,3,5,3,5,5,3,6,6,10,7,14,8,8,10,6,7,7,9,3,7,7,10,1,4,10,5,6,12,2,8,3,8,4,4,4,8,8,5,7,4,6,7,5,3,6,8,7,8,8,9,8,4,6,10,7,4,4,3,7,11,7,2,6,6,11,7,7,7,5,3,6,5,3,2,7,4,4,3,6,6,10,12,4,5,11,4,7,9,6,3,7,7,8,8,4,5,5,5,3,6,6,6,14,7,5,7,5,5,1,4,4,4,4,5,5,11,3,2,4,4,4,4,11,7,8,6,6,11,1,11,7,3,6,5,6,6,4,5,3,5,4,4,6,5,6,3,11,6,2,5,3,3,1,4,10,4,9,4,1,6,8,8,8,9,5,6,6,5,3,7,5,5,5,6,6,5,6,4,3,7,6,8,4,7,6,6,5,3,7,5,10,7,11,6,8,3,5,6,10,6,8,7,7,2,8,5,9,5,3,5,6,15,8,3,9,3,8,3,10,4,4,4,7,5,7,5,5,4,5,2,13,10,7,6,5,7,8,4,5,10,3,6,5,11,6,6,6,6,5,9,5,9,6,9,7,7,4,5,6,10,3,3,3,4,4,6,7,6,6,6,12,9,5,0,3,3,3,3,8,5,7,5,6,9,11,4,7,9,6,6,8,5,10,4,7,6,4,5,5,6,9,6,3,3,5,6,6,10,9,6,11,8,7,5,6,3,4,6,7,3,5,8,8,3,2,8,2,7,3,8,8,6,10,4,1,7,3,7,11,4,3,4,8,2,8,5,8,4,8,3,3,6,3,6,10,7,6,5,10,7,11,6,8,6,8,3,2,6,7,7,7,4,10,5,6,9,3,9,5,6,10,8,7,5,4,6,3,4,4,8,6,4,5,2,9,3,4,1,3,6,7,3,9,4,8,12,7,9,8,6,6,4,7,4,5,8,8,4,6,9,1,5,6,4,5,9,5,5,6,4,6,5,8,2,9,6,4,4,6,7,7,5,8,7,5,9,6,1,9,8,9,5,5,1,5,3,1,2,4,1,10,5,8,11,8,2,5,5,4,6,4,4,7,5,10,9,6,4,5,6,9,5,6,3,9,4,8,1,7,6,7,7,10,10,7,8,11,4,4,4,8,5,5,9,9,6,9,7,8,6,7,6,10,13,3,11,5,9,2,5,4,6,3,3,4,8,8,6,6,7,6,5,6,13,3,6,6,8,3,5,5,4,4,3,7,5,12,4,3,3,3,9,1,6,9,5,6,3,13,4,7,6,6,8,7,4,5,6,7,6,5,2,6,7,7,9,3,2,8,3,7,2,5,9,5,5,5,4,15,5,10,5,3,3,7,9,10,8,4,10,6,5,7,4,4,1,4,3,3,5,5,5,3,7,4,2,3,7,4,4,4,7,4,4,9,6,7,6,8,4,5,6,9,5,8,3,3,3,5,7,4,4,3,7,5,9,5,3,5,7,3,5,7,3,9,11,6,5,11,4,5,7,8,6,3,2,7,3,2,7,4,4,4,3,5,3,3,5,4,5,5,5,4,6,12,7,0,2,4,9,7,10,10,4,4,5,2,6,5,2,6,8,6,5,8,7,5,6,4,6,5,5,7,8,7,5,4,8,7,7,5,6,7,4,3,8,8,5,5,7,8,6,5,5,2,4,4,11,5,6,5,4,6,6,6,3,14,3,5,5,7,5,5,6,4,5,8,7,11,8,4,5,6,9,10,1,5,7,3,2,6,8,2,10,9,1,4,5,5,3,9,2,6,4,4,6,6,3,6,5.907,10.7860016456913,1.02799835430867
6,5,3,6,3,6,9,11,5,9,9,3,6,6,9,11,11,2,6,6,5,9,3,8,5,7,5,2,4,5,6,6,7,9,7,4,4,6,4,10,2,8,4,10,10,7,6,6,10,5,7,8,7,8,10,6,5,5,3,5,6,6,11,5,3,0,4,10,7,7,3,4,7,7,5,9,8,12,6,3,7,7,6,8,9,5,5,3,7,2,5,4,4,7,7,3,9,3,5,8,7,4,7,6,5,6,8,7,3,6,7,6,5,6,1,8,8,3,4,5,7,7,6,2,7,4,7,9,4,6,11,5,6,7,10,6,6,7,1,5,1,5,3,9,9,5,5,3,7,7,2,5,6,11,4,4,5,4,5,5,5,5,7,8,5,2,8,4,4,6,4,6,4,4,6,5,4,9,4,6,9,3,3,8,7,6,4,7,6,5,4,6,8,7,2,6,4,1,5,7,4,3,6,8,12,1,9,4,4,6,6,1,11,2,10,7,5,1,5,2,4,4,7,4,5,4,3,4,10,2,5,6,3,7,5,7,11,5,5,6,6,8,5,6,6,7,7,4,7,7,3,7,7,5,7,6,4,8,3,4,8,6,5,4,9,5,5,4,4,5,6,8,7,10,11,7,10,5,5,5,5,5,7,5,0,6,6,6,9,6,7,7,4,3,3,10,4,6,4,5,8,7,6,5,2,7,6,2,7,5,7,8,9,6,9,5,6,1,8,7,11,5,5,0,12,6,13,2,3,5,9,7,5,5,8,4,3,10,6,9,11,5,11,3,7,9,11,11,5,6,11,7,3,8,10,9,5,9,9,2,7,2,4,8,9,2,5,7,3,9,3,7,9,5,5,5,9,7,3,3,8,10,7,6,5,3,4,10,4,4,5,2,7,2,3,3,7,5,3,9,1,6,7,12,3,7,4,3,5,10,5,4,7,9,9,12,6,3,3,1,10,3,5,6,4,4,5,7,2,4,4,4,4,4,8,13,5,7,5,8,9,7,7,6,1,8,8,3,7,10,6,5,6,5,2,2,6,5,5,4,3,10,5,4,2,5,5,6,5,4,7,4,6,7,7,8,5,11,7,5,6,2,3,3,0,10,5,2,4,7,5,11,4,2,6,7,5,6,8,4,8,7,3,4,4,4,6,9,1,6,4,7,4,6,8,8,7,7,10,7,6,4,5,6,4,2,1,9,4,3,7,6,6,5,7,6,5,5,5,5,8,6,6,6,13,6,6,6,3,6,6,3,4,3,2,3,1,5,4,5,4,10,9,1,5,5,11,10,7,3,2,6,7,4,9,12,7,2,2,5,3,8,4,2,3,5,7,3,7,7,12,7,4,5,7,7,6,4,5,0,9,4,3,12,4,8,2,4,4,7,4,5,8,3,7,10,5,4,2,6,13,4,3,4,6,6,7,5,3,5,7,4,6,8,6,2,7,5,6,9,4,3,3,5,6,8,5,6,7,5,6,3,7,5,7,8,8,9,4,7,4,5,3,8,6,2,7,5,5,9,4,12,9,3,3,5,7,6,8,6,2,7,7,4,1,6,7,5,5,6,4,6,10,7,7,4,4,5,6,4,4,5,10,10,5,5,8,5,4,5,2,2,4,8,4,9,12,2,10,4,6,4,5,3,8,3,3,5,2,6,11,3,3,2,6,6,8,5,8,6,12,9,6,12,6,5,7,6,5,5,8,7,6,4,3,2,7,2,7,5,5,3,11,1,7,6,5,4,5,7,4,6,9,6,8,3,7,4,6,9,10,0,6,7,5,6,6,8,14,8,1,6,7,5,5,3,15,7,7,7,4,8,5,10,3,5,3,8,5,5,4,6,6,4,4,4,6,4,4,4,4,4,5,2,12,9,8,7,6,6,4,5,5,7,9,6,2,10,5,4,8,6,6,7,8,11,5,4,2,4,8,7,6,7,3,9,8,3,8,3,6,7,3,4,5,7,8,5,3,3,3,8,6,5,9,5,4,3,5,7,3,5,3,3,8,7,5,3,7,5,2,3,9,8,8,10,9,11,6,5,6,6,12,9,3,8,5,7,3,10,8,6,2,0,4,6,7,8,8,6,12,6,8,7,2,1,3,3,8,10,5,7,4,7,8,6,6,5,4,2,11,5,7,5,4,5,4,5,5,6,8,6,7,8,8,3,7,4,8,8,6,4,10,8,4,5,5,8,9,6,6,8,4,4,3,6,9,10,4,5,4,5,4,7,9,5,5,2,9,6,4,6,7,9,2,3,3,6,5,5,5.79,10.6585666454493,0.921433354550724
4,6,5,8,6,1,6,9,6,7,11,7,7,6,7,8,3,3,5,3,8,6,7,3,7,2,1,6,6,10,6,4,10,6,10,5,4,10,7,6,8,8,3,6,2,10,6,5,8,9,3,8,3,8,8,6,5,6,4,8,5,8,1,8,2,7,4,5,4,3,8,10,4,7,1,2,9,9,4,6,9,5,7,12,11,5,7,4,7,7,4,5,5,5,9,5,4,8,6,7,5,5,7,7,5,9,7,4,8,6,5,3,11,6,6,5,6,5,3,14,7,6,10,6,6,4,2,8,6,7,5,5,12,11,4,11,7,3,2,6,8,5,7,6,8,7,4,3,7,10,5,8,5,8,4,2,7,9,7,5,7,7,7,10,6,8,8,4,11,6,7,9,4,7,6,10,5,4,10,5,4,12,7,9,5,6,7,4,6,3,9,6,5,4,4,4,6,5,3,6,4,4,5,3,5,7,11,3,5,3,4,5,3,12,6,2,5,6,5,12,2,11,8,7,2,2,4,9,2,2,3,7,5,5,3,3,8,5,5,4,7,9,7,6,6,8,5,8,3,6,7,7,9,5,3,5,5,4,6,10,10,3,5,8,5,2,4,5,6,4,2,7,5,5,2,1,5,7,7,9,4,3,5,5,5,8,7,8,3,7,10,4,7,6,2,5,9,9,2,12,7,6,5,6,2,4,3,8,9,7,8,7,6,5,6,5,13,5,5,3,6,8,5,6,11,9,8,6,7,4,4,9,5,10,5,8,6,10,5,5,1,7,2,5,8,6,9,7,3,7,3,11,2,2,6,7,10,6,4,7,10,7,6,6,6,14,3,7,3,8,5,6,7,5,7,5,6,6,7,11,7,6,4,8,10,5,2,7,6,6,3,7,8,7,7,7,7,3,7,4,5,4,4,10,4,8,9,5,7,7,4,3,8,10,4,9,5,4,7,7,3,7,6,4,4,9,8,4,11,6,8,7,5,7,10,10,7,4,5,7,5,5,8,6,3,5,7,7,6,8,9,5,12,9,2,2,5,4,5,5,6,10,5,5,3,5,6,9,5,4,10,5,2,2,13,11,6,9,7,5,3,10,5,3,3,4,5,3,7,9,9,6,8,2,7,4,6,5,5,7,2,3,3,5,6,4,5,6,5,3,6,5,6,5,9,7,6,5,6,9,1,2,10,10,0,8,8,5,8,0,2,8,4,15,13,7,7,5,3,6,2,4,6,6,8,11,8,4,12,6,5,7,6,6,5,5,3,5,7,8,4,5,4,4,3,5,5,5,4,3,12,7,5,5,3,4,6,6,6,9,9,8,5,1,2,8,12,7,3,10,6,6,6,4,5,8,11,1,3,2,4,4,7,4,6,6,5,8,6,2,6,11,6,4,3,5,10,7,8,4,3,5,2,7,6,4,5,7,5,7,3,7,10,7,4,6,6,6,6,7,4,2,7,4,7,4,4,5,7,6,4,9,7,11,5,8,9,6,3,5,3,8,4,7,7,6,7,6,9,7,6,6,5,5,6,5,3,4,6,3,7,10,6,12,5,4,3,10,8,7,9,10,5,5,6,6,5,6,5,8,5,5,1,8,6,8,7,2,10,3,6,3,3,2,4,7,2,8,6,5,6,5,5,7,7,3,4,3,6,6,7,3,6,6,2,9,8,6,5,8,11,10,6,5,11,5,7,6,3,5,4,5,2,6,12,2,4,6,8,5,5,2,10,8,1,5,5,4,1,8,3,12,3,3,7,7,4,5,4,5,7,11,5,8,7,4,6,5,11,2,5,7,4,5,3,7,7,11,6,4,8,9,12,8,2,6,6,11,7,4,9,9,4,6,7,5,7,8,4,6,9,5,5,4,10,7,9,5,4,6,5,4,6,4,4,4,6,6,5,8,8,5,8,3,6,1,2,4,4,11,8,7,2,5,5,5,8,4,9,2,11,5,3,8,6,6,10,3,7,9,6,6,10,5,4,7,6,12,6,8,5,5,10,7,7,7,4,6,6,11,4,7,7,2,2,3,7,11,7,4,4,4,6,7,4,7,1,3,0,6,5,10,6,4,3,8,5,5,0,8,8,3,10,7,6,5,4,5,7,6,8,11,2,3,6,6,4,3,12,5,7,11,6,5,6,8,7,10,4,6,9,4,7,8,6,7,3,8,7,4,4,3,8,2,7,10,9,11,8,9,5,7,5,2,3,2,7,5,5,3,5,4,5,5,5,8,3,4,2,4,4,6,3,7,5,7,6,3,3,4,5.948,10.8257975791153,1.07020242088472
5,3,5,6,3,8,5,7,5,6,12,7,7,8,2,9,6,2,11,6,6,9,6,5,6,3,6,8,4,5,4,1,5,5,7,2,7,7,7,7,8,7,6,8,6,12,10,6,8,4,4,3,2,10,8,6,6,7,5,5,12,9,2,4,1,2,6,5,9,8,5,6,6,8,3,8,5,3,6,8,4,7,10,11,5,7,6,5,11,12,13,2,8,5,3,5,11,5,6,5,5,3,6,8,5,6,6,10,6,7,6,5,7,2,5,11,1,3,4,9,5,5,3,5,7,5,5,4,7,6,4,8,3,3,12,7,2,7,2,4,2,7,3,8,7,4,4,4,4,6,7,8,3,6,5,6,3,11,11,7,6,2,6,11,2,3,10,4,6,6,4,8,6,5,7,8,4,7,4,11,7,7,2,3,8,2,4,8,5,7,2,4,2,7,4,0,2,6,4,5,4,8,4,5,3,4,4,4,7,10,7,7,6,4,4,6,6,1,5,6,2,10,8,10,4,4,1,4,6,4,1,7,3,6,5,8,7,5,6,10,4,5,6,5,5,4,6,6,5,6,9,6,3,7,7,8,6,5,11,8,6,3,4,7,6,5,3,10,4,10,4,6,8,5,5,7,8,6,8,2,5,6,5,9,11,9,5,3,8,5,4,10,2,6,4,10,6,3,7,8,3,3,9,8,0,2,3,9,7,5,11,6,7,5,6,2,5,5,9,8,3,2,5,8,5,9,6,7,5,8,7,11,9,5,7,7,2,10,8,7,4,3,6,3,6,6,15,10,3,3,4,6,9,8,4,5,9,6,9,2,7,10,6,3,6,6,2,6,5,7,6,6,8,4,11,8,8,7,4,10,4,3,4,7,7,5,11,2,7,9,12,5,5,4,2,9,6,6,6,5,13,5,10,4,3,8,7,3,6,5,3,6,4,9,6,11,2,6,10,6,8,4,6,8,8,2,6,6,6,7,3,6,5,3,5,8,6,5,8,6,8,11,6,4,4,8,7,6,7,5,3,4,5,4,13,7,8,7,10,5,9,9,5,6,3,8,5,6,8,9,7,7,3,3,10,3,6,11,6,4,6,7,6,11,4,5,8,7,4,8,9,3,4,7,7,7,5,5,4,5,4,9,5,5,5,12,8,1,3,8,7,8,6,11,7,4,6,4,8,8,3,4,4,10,5,6,4,6,8,3,6,4,4,5,7,9,5,9,7,4,12,6,8,7,4,5,5,8,8,6,6,7,2,5,7,10,7,2,10,11,8,7,9,9,8,7,5,4,1,3,4,5,7,4,9,11,4,6,1,3,3,7,4,6,1,1,6,7,6,4,5,5,4,5,4,5,3,7,6,8,4,3,8,2,1,3,2,2,6,4,3,8,3,6,2,7,8,3,4,4,4,2,5,8,7,5,9,8,8,6,4,5,2,2,4,6,7,3,12,4,8,2,5,5,3,13,4,5,1,5,5,14,2,5,7,5,10,7,6,6,9,5,6,4,8,11,2,9,10,7,6,8,7,9,4,3,2,3,9,7,9,8,5,3,9,5,4,4,4,6,9,9,2,4,5,7,10,4,4,4,8,5,7,8,7,1,4,5,6,8,5,4,3,3,7,7,8,9,7,5,4,2,5,7,5,5,4,4,5,3,2,8,7,5,5,3,6,7,7,14,5,7,5,6,5,9,11,1,4,10,4,10,7,4,10,3,3,5,5,5,6,4,7,1,6,3,11,8,9,9,4,5,6,5,3,7,6,4,14,8,5,4,5,5,8,5,6,6,4,5,3,5,3,8,6,5,7,8,6,9,10,5,7,5,1,5,4,9,2,10,5,7,5,4,6,4,7,8,4,2,7,2,4,6,7,8,4,3,6,11,2,7,5,5,8,6,4,6,5,8,4,4,8,5,5,8,2,4,4,7,8,6,11,6,8,5,2,12,8,4,3,2,3,3,5,4,7,9,5,5,7,6,7,6,11,3,3,7,6,8,11,12,6,5,4,3,7,4,6,2,9,1,0,4,4,4,15,2,6,6,7,6,7,3,6,4,8,8,6,6,7,4,7,8,7,8,5,5,2,7,4,5,5,10,6,11,3,6,5,6,6,9,4,6,6,5,10,6,9,4,10,9,3,4,6,6,6,6,9,4,6,5,5,11,5,2,1,4,5,10,2,4,5,8,5,7,9,9,5,6,6,4,5,4,5,6,7,12,3,6,6,9,9,1,10,8,6,9,6,7,4,5,5,8,1,5,11,11,3,6,5.892,10.87626219688,0.907737803119977
4,12,5,4,3,8,5,6,5,10,10,5,7,7,5,3,3,5,10,4,6,9,7,11,3,6,6,6,7,6,6,5,5,4,11,3,3,6,5,6,4,9,9,7,3,9,5,12,9,9,10,8,9,7,7,8,4,7,5,3,4,4,4,8,4,6,5,7,8,3,7,3,5,9,4,8,6,6,8,3,8,5,4,6,5,7,4,9,4,6,5,4,4,7,5,3,8,9,6,9,7,8,8,9,4,4,11,4,11,3,7,8,6,0,10,2,8,1,6,4,5,12,9,7,3,4,6,5,6,8,4,3,3,8,10,5,5,7,4,4,7,9,9,7,4,4,5,4,9,9,10,5,6,10,5,4,5,10,8,3,5,4,4,2,5,3,5,5,11,5,3,5,7,10,5,1,1,4,6,6,6,1,8,9,8,12,5,7,4,7,6,4,9,3,4,3,3,9,7,7,8,2,8,3,6,3,8,8,4,6,2,2,7,2,5,3,9,7,6,11,4,3,5,5,4,1,9,3,4,3,9,8,4,5,4,6,8,9,6,6,10,7,11,9,5,5,8,5,8,8,6,9,8,4,2,4,7,3,4,9,10,8,2,8,4,3,5,3,5,7,6,5,3,7,7,7,5,6,5,5,5,10,2,7,7,6,7,8,5,4,2,4,2,4,6,4,12,8,6,7,4,10,6,6,3,4,6,2,7,10,7,5,6,3,3,11,6,8,6,3,5,5,4,5,2,2,5,6,8,10,5,7,10,9,7,3,1,7,2,4,5,6,6,4,6,7,7,6,5,7,6,4,3,5,6,4,7,8,6,6,4,2,5,7,7,11,6,5,4,4,10,3,6,2,8,4,7,6,5,5,4,9,7,9,7,9,3,11,7,5,7,7,4,4,3,7,5,7,3,8,5,7,3,6,3,2,6,2,6,8,4,5,6,5,1,6,6,9,7,3,6,6,6,4,7,8,4,4,2,11,4,1,3,8,8,5,7,6,5,3,5,6,4,6,4,7,4,4,5,5,13,2,8,6,3,4,6,3,8,10,5,9,5,3,11,6,9,9,2,4,4,6,1,10,11,4,2,10,6,6,6,8,7,5,2,7,5,6,3,10,2,3,2,2,15,8,5,5,3,7,6,7,3,3,5,5,5,7,2,4,4,8,8,6,6,11,1,9,5,4,6,5,6,7,3,6,9,2,4,3,5,5,3,6,4,9,6,3,4,9,6,9,10,7,8,4,6,4,5,6,3,3,8,3,2,4,7,4,5,7,4,12,7,1,5,5,4,6,7,5,7,13,6,3,4,11,7,6,13,4,12,8,3,8,5,5,7,2,2,6,9,6,3,5,4,9,3,8,5,4,10,8,7,10,7,6,3,5,6,3,4,4,6,10,3,7,6,5,8,9,12,5,5,7,7,7,5,7,9,10,5,7,5,5,5,4,9,5,7,6,7,6,7,5,7,6,5,3,4,6,6,8,8,7,5,6,6,9,6,8,5,12,3,10,7,12,5,5,12,7,10,5,7,5,6,4,4,4,5,4,5,4,5,10,1,6,8,3,7,6,4,6,8,4,5,12,2,5,5,4,7,9,5,7,6,7,8,4,7,4,4,6,4,5,8,8,7,4,4,5,6,4,5,5,3,3,4,6,7,4,4,10,6,4,5,8,5,9,6,5,10,9,4,5,7,3,4,7,3,5,6,5,8,3,2,10,5,7,3,12,7,2,7,6,6,4,3,4,9,6,9,7,7,9,3,3,9,1,10,10,4,3,3,4,8,4,6,3,9,7,10,9,3,1,7,3,5,9,1,11,4,7,5,8,11,6,7,10,8,3,8,9,3,5,7,4,7,9,6,6,7,4,8,7,3,4,8,3,6,9,1,9,4,2,7,10,8,4,9,4,7,5,2,8,8,7,8,3,4,7,10,8,9,4,5,8,7,9,1,8,6,5,5,8,7,12,3,3,6,8,7,4,5,7,7,9,6,2,5,6,3,7,5,6,3,4,6,5,3,6,4,7,8,8,9,8,9,4,4,2,2,3,5,5,4,8,5,6,5,2,4,2,3,8,9,8,7,5,7,10,2,2,5,12,4,6,9,7,7,4,5,8,3,2,6,5,12,3,6,3,2,10,7,3,1,4,7,4,8,3,10,4,4,4,8,3,4,4,7,3,3,4,5,8,4,3,12,7,9,4,5,7,5,8,7,9,4,4,5,3,3,8,5,3,6,7,2,6,6,4,5,7,6,5,1,6,5,7,7,6,5.834,10.6599429125711,1.00805708742888
9,5,8,6,6,4,8,7,6,1,11,9,8,4,5,12,8,3,2,5,5,4,6,4,8,6,4,4,3,10,9,7,5,5,2,2,2,5,3,11,2,3,7,6,4,12,5,5,8,8,9,5,3,4,7,8,6,7,2,7,5,4,1,6,9,5,4,11,7,7,8,9,7,5,2,5,6,4,6,3,2,6,9,6,4,7,4,7,7,8,4,12,8,3,3,5,10,8,4,9,9,6,8,10,8,7,12,6,7,8,2,10,9,5,4,5,7,4,4,6,6,8,5,8,7,5,8,7,4,2,9,5,8,4,6,4,3,3,1,4,3,2,7,4,2,4,8,5,5,7,8,2,4,9,4,8,2,8,6,4,12,2,11,6,6,6,4,6,11,5,8,10,2,3,5,8,2,1,9,4,6,2,3,5,3,2,3,8,5,4,7,9,8,7,4,6,3,2,7,4,7,4,6,7,2,5,7,4,7,4,3,10,4,5,9,6,2,7,3,8,6,4,5,8,6,5,5,6,5,4,2,8,5,9,7,5,7,10,2,9,5,8,4,8,3,4,9,8,7,8,2,5,8,3,9,3,7,7,6,3,5,6,7,1,7,7,5,9,5,7,8,5,8,3,6,7,4,5,3,6,5,3,1,2,3,8,6,5,6,5,2,8,5,5,1,12,6,5,11,9,7,8,6,8,4,3,7,7,5,3,5,6,10,8,4,5,7,4,10,2,7,6,8,4,9,10,6,3,6,8,4,4,3,7,4,1,8,6,7,8,4,5,2,7,7,5,12,4,4,4,6,6,5,7,4,10,6,3,5,4,2,5,5,7,6,9,2,6,5,4,6,6,7,6,5,6,8,4,0,12,4,8,5,4,4,4,7,3,5,5,11,5,5,4,5,10,5,8,4,9,7,9,7,4,5,6,3,4,3,11,8,8,9,3,3,8,6,8,6,3,9,5,6,5,9,9,4,5,10,7,11,8,5,3,4,7,3,4,8,5,6,11,4,4,10,2,5,5,3,6,7,2,11,4,4,7,7,6,5,3,3,7,7,5,4,7,6,10,8,8,12,4,6,3,9,7,5,7,6,6,8,6,6,7,1,6,7,5,5,3,5,6,7,5,5,5,7,4,3,3,4,6,0,2,7,10,6,3,5,7,3,5,4,6,10,13,5,3,1,8,10,5,9,5,6,3,5,5,3,2,3,9,4,5,6,4,5,4,6,8,8,6,3,9,9,4,8,2,7,6,5,7,6,6,5,5,3,5,6,6,6,5,9,3,2,5,5,4,2,2,9,4,4,7,6,6,6,2,0,3,5,9,6,6,4,6,3,3,9,6,8,7,6,5,6,4,9,3,5,5,2,7,9,4,8,5,2,2,3,8,0,6,6,6,3,13,1,2,6,7,5,6,3,3,3,6,6,9,5,5,4,6,5,5,5,13,5,4,7,7,2,6,7,6,2,3,7,7,3,8,4,8,5,3,4,9,7,5,6,4,5,6,3,9,9,4,7,5,5,13,7,11,4,7,10,4,4,8,4,9,3,12,4,11,8,7,5,8,5,2,12,6,3,6,7,10,5,8,8,8,9,5,5,14,4,5,4,5,7,9,6,2,9,4,2,4,9,8,11,4,8,6,5,9,6,4,4,5,6,3,4,6,4,4,6,5,7,4,6,5,0,6,7,5,11,6,7,6,5,13,4,1,5,5,4,2,5,1,9,4,3,9,5,4,5,4,5,5,3,7,6,6,8,3,4,7,5,4,9,7,9,4,5,9,4,2,6,6,7,8,5,6,4,10,12,4,8,5,8,9,7,4,6,8,3,4,2,4,4,6,7,4,7,10,8,7,6,5,5,5,4,5,2,3,3,9,10,7,6,10,4,5,2,8,8,2,5,4,3,10,11,5,12,5,4,3,7,3,10,6,9,7,5,4,4,8,6,5,1,6,5,7,4,3,10,6,3,6,5,9,7,8,10,8,8,3,4,7,6,5,9,5,6,4,6,7,7,2,6,4,6,4,5,14,9,8,5,5,6,7,8,3,7,2,3,4,5,7,2,2,3,8,0,10,6,6,4,6,4,10,13,10,1,9,5,3,6,6,6,9,7,5,9,6,4,2,4,3,6,6,7,4,4,4,6,9,3,10,4,9,8,1,5,8,2,6,3,6,7,5,7,7,2,6,7,5,3,6,10,8,8,2,4,8,3,10,4,4,8,4,3,7,7,5,5,5,5,2,5,9,3,7,5,8,2,3,4,4,6,5,5.734,10.5975658958858,0.870434104114178
2,7,4,9,4,4,7,4,3,8,6,5,4,9,4,3,5,1,7,5,6,8,1,6,6,5,2,4,11,9,8,8,6,3,5,5,7,7,6,4,8,4,4,4,3,8,8,3,6,6,7,4,5,3,8,3,8,4,3,6,6,8,4,5,2,5,5,12,5,7,9,4,6,6,4,5,6,8,5,6,8,4,4,9,11,3,7,6,4,6,10,5,5,6,7,3,7,10,7,3,2,1,8,12,9,8,6,8,5,8,8,3,8,3,7,7,5,6,8,10,8,6,6,8,6,6,5,9,5,8,5,9,5,3,8,7,7,5,9,6,5,4,6,7,11,9,5,7,5,11,8,8,9,11,5,4,7,12,6,8,6,3,5,7,9,8,8,2,1,9,8,3,5,3,7,4,7,4,2,9,7,4,11,5,7,5,7,6,6,5,6,6,2,7,5,8,6,7,0,5,6,4,3,5,3,2,10,3,4,10,7,5,9,5,8,9,6,2,9,5,13,7,6,8,2,11,5,4,3,6,6,4,2,6,8,5,4,9,7,4,11,1,8,6,8,6,8,7,2,7,6,1,7,8,4,6,7,6,9,8,12,5,9,2,5,1,5,9,5,6,6,2,6,8,4,4,10,6,7,6,8,3,4,6,5,6,7,5,1,8,5,8,5,3,6,2,5,5,8,6,3,7,6,7,7,6,6,3,4,3,7,7,6,7,5,8,7,6,2,7,6,11,3,6,3,7,9,5,3,7,4,6,8,11,9,5,9,9,5,13,8,7,5,6,9,3,8,13,5,7,5,8,7,5,4,5,4,8,9,5,10,2,8,6,4,9,2,6,5,8,3,9,8,6,6,6,10,6,0,5,8,8,5,5,6,8,4,8,5,5,11,4,6,4,3,5,6,8,4,7,4,3,8,6,9,5,8,4,6,13,9,7,12,7,5,7,5,9,6,7,7,7,10,3,6,5,4,5,8,5,3,7,7,4,6,7,2,7,3,6,9,5,7,4,4,11,5,5,9,5,5,5,5,7,8,6,5,3,8,10,1,8,9,5,2,6,5,8,3,3,9,3,1,4,8,6,6,12,8,6,4,6,5,8,4,4,11,8,3,6,3,7,6,7,9,8,4,4,3,7,6,5,6,5,6,7,6,12,4,10,5,7,5,14,5,10,7,1,9,5,6,5,3,5,6,6,8,4,13,2,5,6,6,10,6,2,7,3,1,2,5,7,12,4,8,6,3,9,5,7,8,2,9,10,1,9,7,4,8,5,9,3,4,4,5,10,5,3,8,4,5,9,8,8,6,11,6,5,7,5,7,4,3,6,5,6,9,6,2,6,1,3,7,3,6,7,5,6,10,1,5,9,6,11,3,6,3,9,7,2,4,9,13,10,4,8,6,3,11,5,5,4,6,9,3,11,9,11,10,10,7,13,6,8,6,4,7,5,6,5,4,5,6,5,4,7,5,10,2,7,8,8,5,8,7,3,3,5,2,11,7,8,4,1,7,3,6,3,8,3,2,10,4,4,2,4,7,3,7,3,7,6,7,6,6,5,4,8,5,6,9,8,10,4,6,6,4,7,4,3,9,2,8,0,9,12,7,7,8,3,5,3,4,2,5,6,9,11,9,4,8,5,3,7,2,5,5,5,3,1,9,0,3,5,5,8,2,14,5,8,7,7,6,10,8,9,5,5,3,8,2,8,1,5,5,7,3,3,9,9,3,5,8,7,7,3,5,6,7,7,3,10,5,5,9,4,5,6,8,3,4,4,4,6,8,8,5,7,8,10,4,3,5,3,6,7,7,12,7,6,4,9,5,2,4,4,6,11,3,8,7,2,4,5,8,5,7,5,5,5,6,4,8,5,7,3,4,6,8,5,6,3,5,8,10,6,9,8,5,4,11,8,6,4,3,4,9,7,2,7,10,6,5,6,4,6,7,6,8,8,4,6,3,2,4,8,7,5,5,4,6,4,11,8,7,5,10,7,6,10,7,2,5,7,4,2,8,7,6,7,6,3,3,5,4,6,11,2,6,10,4,8,9,3,3,4,2,6,5,10,15,12,9,5,4,7,3,7,8,7,5,3,9,4,6,6,5,8,9,4,7,2,0,3,2,4,3,5,8,6,6,6,7,5,4,4,7,6,6,6,9,2,4,11,8,5,1,8,6,2,6,7,4,3,4,4,7,8,7,5,5,7,7,7,7,6,8,7,6,1,4,4,1,8,14,7,7,4,12,7,3,4,5,7,2,5,4,4,7,2,5.972,10.9062016305915,1.03779836940855
10,5,4,6,5,5,8,4,6,3,11,6,13,6,3,8,8,5,9,1,6,4,7,7,3,6,2,9,9,7,5,3,9,4,7,8,6,8,6,12,2,7,6,10,2,11,8,6,8,3,9,8,6,6,9,4,12,5,4,9,10,7,8,5,1,1,7,6,5,11,4,6,7,3,5,5,8,7,5,2,10,6,4,4,2,2,10,5,5,7,9,9,8,7,8,3,7,6,6,6,9,3,6,3,6,4,7,11,9,9,9,4,14,4,2,7,7,5,6,9,10,7,3,6,6,10,6,7,5,6,2,4,6,4,5,3,3,6,8,3,2,4,3,15,6,7,5,6,5,11,7,5,3,7,5,4,7,9,4,4,4,9,4,6,6,3,5,4,6,6,3,4,4,6,4,4,4,6,7,7,7,7,3,3,3,6,7,7,6,7,6,4,3,4,5,8,5,6,4,8,6,5,4,8,3,3,9,5,5,10,4,6,5,5,6,6,10,5,7,6,1,3,6,4,6,3,5,5,3,6,5,8,3,3,2,2,9,10,8,7,7,2,7,7,6,3,2,7,6,6,5,6,12,8,5,7,7,6,6,3,2,3,6,3,8,6,4,7,8,9,8,7,4,10,7,3,9,11,8,12,5,9,4,4,8,11,5,12,5,11,9,4,6,6,8,5,8,3,6,11,4,7,7,8,3,4,7,4,6,9,3,8,3,6,7,5,5,4,12,6,7,5,8,6,7,8,5,5,2,5,5,8,6,7,9,10,5,3,4,4,3,7,4,1,8,3,9,9,6,4,5,8,2,6,8,3,6,2,9,0,8,6,3,6,5,8,4,4,4,10,6,4,4,7,3,4,11,10,8,8,3,6,5,9,3,5,6,3,4,2,9,6,4,4,4,6,8,4,6,5,1,8,6,6,6,8,9,7,5,8,3,5,10,8,6,9,7,7,1,8,3,4,8,4,5,6,3,3,7,5,8,4,4,8,7,2,2,7,6,4,6,6,5,5,5,5,5,4,4,5,5,6,9,6,3,4,9,4,10,7,8,9,7,4,6,5,7,2,7,10,8,0,8,3,6,5,5,6,4,4,5,7,2,4,1,3,5,8,4,8,3,11,7,5,7,8,7,3,2,8,8,4,4,4,6,11,7,4,6,3,6,3,9,7,8,9,3,7,11,6,6,5,7,11,3,5,5,3,8,4,7,4,6,10,8,3,4,6,1,1,4,5,8,8,4,8,8,7,7,4,4,6,7,9,5,1,7,4,5,7,4,9,5,6,8,9,8,6,3,9,2,4,5,2,5,2,8,6,5,6,6,9,4,7,6,5,8,3,4,4,7,8,4,3,5,13,8,4,5,4,4,4,8,2,6,4,4,9,2,5,2,10,4,4,5,6,5,2,5,7,3,3,8,11,6,6,3,6,3,8,5,6,6,5,7,6,6,7,4,7,5,7,7,3,7,6,6,7,3,7,7,9,4,5,8,3,5,7,4,4,5,5,4,3,6,9,3,5,6,4,7,6,4,5,4,4,5,4,3,4,7,5,8,2,9,6,8,6,8,9,12,6,4,5,3,9,8,7,9,1,9,3,4,6,5,6,6,3,7,11,4,4,7,6,5,7,1,4,10,1,9,5,1,8,8,7,7,3,6,3,3,0,6,2,7,3,7,3,7,3,5,6,7,6,1,3,10,9,2,3,2,5,3,7,5,6,5,7,3,7,10,7,9,8,5,2,6,1,7,13,5,10,6,6,8,3,6,2,7,9,8,3,3,6,3,5,11,5,3,1,7,4,7,7,4,5,12,5,1,5,10,4,13,7,0,4,7,7,8,11,12,4,6,7,6,9,4,6,5,9,0,1,9,8,6,7,6,6,5,4,0,4,3,7,3,7,4,5,5,5,2,5,7,9,12,10,0,3,6,7,10,8,7,6,3,4,5,11,4,4,7,3,3,6,8,10,4,4,12,5,14,7,10,4,2,8,7,5,8,6,10,8,6,6,5,6,6,8,3,6,5,4,9,8,8,7,9,9,6,8,4,5,9,7,5,3,6,7,1,10,10,11,4,8,3,8,0,9,3,3,4,3,7,7,6,6,11,6,11,6,4,8,3,5,5,2,10,5,7,3,7,5,6,5,3,2,8,3,4,9,11,7,4,3,3,6,4,5,8,5,2,1,6,6,6,8,6,5,4,5,7,5,2,3,9,5,6,7,4,2,2,13,6,5,5,6,0,2,9,4,6,9,1,7,2,3,6,6,4,10,5.793,10.7392414605624,0.846758539437618
8,7,7,6,9,6,10,12,3,5,10,5,12,1,7,5,3,9,8,3,5,7,10,10,7,6,2,7,5,2,9,6,5,4,7,1,5,4,3,5,6,4,9,5,5,6,5,9,8,8,6,10,7,7,6,6,7,7,3,5,5,9,2,5,4,7,6,4,3,9,5,6,5,13,5,8,8,7,9,8,3,7,3,5,5,3,0,8,6,10,8,7,5,6,3,8,3,4,6,9,5,7,11,8,7,11,5,13,7,3,5,7,5,6,3,7,3,1,4,5,3,5,5,6,12,7,9,8,8,13,3,5,1,4,6,2,4,4,7,8,6,8,5,7,7,3,8,6,4,6,4,5,7,7,2,6,10,6,3,9,5,4,4,9,7,6,8,3,5,8,3,7,9,2,8,2,6,6,9,4,5,6,4,5,5,8,8,5,8,8,3,3,5,6,9,7,4,10,6,2,4,9,5,5,6,8,6,6,7,6,4,4,8,7,5,8,3,9,5,2,5,4,6,3,6,5,6,5,3,5,5,6,5,3,3,7,8,9,3,4,8,9,11,9,5,8,5,7,8,5,7,5,8,4,1,13,10,2,5,4,8,2,3,7,4,4,5,4,10,12,3,7,8,4,9,5,8,9,6,3,6,6,8,10,9,5,4,3,6,12,3,2,7,13,4,7,3,3,5,8,3,8,12,12,3,5,11,7,6,2,2,3,7,5,4,3,5,6,3,9,4,2,4,5,8,13,7,8,6,5,7,5,4,9,6,7,4,5,5,4,1,5,4,9,6,2,7,3,3,3,6,5,3,6,5,3,11,8,10,4,5,4,3,4,8,7,2,6,5,4,7,5,6,6,11,6,6,5,4,6,8,6,6,8,4,5,3,6,7,4,8,4,4,3,3,6,6,3,5,10,4,7,5,6,3,0,8,5,4,8,12,6,9,11,4,7,6,8,1,4,2,6,6,6,6,4,5,4,14,9,7,7,6,8,6,9,1,9,8,5,0,7,3,4,6,2,5,4,12,10,6,2,6,10,2,1,2,5,3,8,4,8,6,2,4,3,9,12,4,4,5,10,4,5,6,3,2,12,4,5,9,5,6,8,6,4,8,3,5,10,3,8,4,5,8,5,2,4,5,6,7,4,3,5,7,9,9,10,4,8,7,3,2,5,12,4,5,5,3,6,5,6,7,6,2,8,9,2,13,4,8,5,2,5,5,12,8,7,11,7,3,4,6,8,3,4,7,1,10,2,9,6,9,7,8,4,11,3,5,7,4,14,4,5,3,5,2,6,2,4,4,11,10,10,6,7,2,5,3,8,7,7,7,5,5,4,8,5,2,5,5,8,1,6,0,11,4,4,4,4,5,3,7,4,6,8,5,1,6,1,5,5,3,8,3,5,8,5,6,10,2,6,8,5,4,4,5,10,2,6,5,3,8,7,4,5,5,3,4,9,5,5,8,4,7,5,9,9,6,6,6,7,6,2,3,7,6,4,4,7,9,10,1,5,8,13,5,6,8,6,4,6,4,5,5,8,4,7,4,7,9,6,11,9,7,4,3,7,6,6,8,5,8,6,8,7,6,3,6,7,7,4,1,6,4,8,11,9,3,5,6,6,11,5,5,9,2,4,5,5,6,6,11,3,4,5,6,7,6,7,4,3,3,3,4,3,6,6,9,5,6,10,5,3,3,9,9,8,8,7,2,5,1,2,6,3,3,6,1,3,3,5,3,4,2,3,7,6,6,7,8,10,8,5,3,5,7,1,14,12,7,10,6,5,8,5,4,4,8,5,6,11,4,2,8,9,5,7,4,11,6,4,10,8,6,5,5,8,2,7,1,4,6,7,5,6,7,5,3,3,7,5,6,8,5,3,3,8,7,4,4,5,4,5,1,5,5,2,1,7,6,2,5,1,5,3,8,7,10,6,5,7,7,3,6,5,6,9,5,7,3,8,5,5,11,8,8,5,9,6,8,11,11,7,5,7,6,6,3,4,6,7,7,5,7,9,4,6,2,5,5,6,6,7,8,9,8,10,6,7,5,4,9,6,2,7,7,5,2,3,5,6,2,5,4,7,2,2,3,3,9,5,7,10,3,10,6,5,4,10,6,11,3,2,7,7,5,9,7,3,8,8,5,1,9,8,8,3,5,5,13,2,4,8,5,7,5,5,5,5,2,6,9,4,8,9,6,8,7,4,6,3,3,3,9,4,7,6,5,1,3,9,4,5,12,3,4,5,6,11,4,5,1,6,1,9,9,1,6,5,5.805,10.849325165607,0.760674834392967
4,11,8,7,4,5,6,6,3,7,13,3,11,4,2,13,6,1,7,12,5,2,8,6,0,6,3,7,4,10,2,7,4,5,3,4,9,6,6,4,5,4,13,5,4,6,14,5,3,10,3,6,6,4,8,7,9,12,8,7,4,3,3,4,5,7,4,10,5,5,5,10,5,5,4,8,9,3,5,2,3,8,3,6,4,8,4,4,14,4,7,5,7,6,5,1,1,8,6,8,6,6,8,6,8,6,6,7,3,5,10,8,8,3,8,2,4,5,5,7,9,10,7,5,3,5,5,5,5,6,9,7,8,6,5,1,4,6,5,5,6,8,8,4,8,8,6,5,5,10,8,6,8,13,3,7,3,7,5,4,4,6,7,7,8,6,5,6,9,6,8,10,5,7,5,5,7,8,6,6,8,6,5,6,2,7,3,4,7,8,3,6,4,7,4,3,6,8,2,3,6,8,4,9,5,3,7,5,7,5,10,3,8,6,11,3,3,1,4,12,7,9,4,5,5,3,5,9,3,3,4,2,2,3,12,3,5,3,5,5,4,8,4,4,3,4,8,7,5,7,4,3,3,5,4,6,7,12,8,8,14,6,5,2,7,4,4,4,3,3,7,4,7,5,6,5,2,8,4,10,6,7,7,5,7,6,8,7,4,8,7,8,6,5,7,3,3,4,9,9,4,7,5,7,6,6,7,4,6,5,8,7,9,5,1,5,14,4,3,5,2,8,8,5,6,10,8,7,3,6,5,6,7,13,9,3,3,14,6,5,4,10,4,5,6,8,9,7,4,7,8,4,6,10,8,8,6,4,9,2,5,3,6,13,5,8,8,6,4,6,8,7,4,6,11,6,10,10,4,6,10,7,6,6,7,7,4,9,5,5,8,3,4,3,5,6,5,1,5,6,6,4,6,3,2,9,5,5,5,10,2,8,3,7,2,3,1,15,9,4,5,9,6,6,10,10,5,3,5,9,7,5,6,7,7,8,13,7,5,3,6,9,7,5,6,3,6,4,5,5,6,5,6,5,0,7,9,8,8,7,5,7,5,2,5,6,6,5,5,8,8,5,1,5,10,3,3,7,8,3,6,9,9,4,8,7,2,3,6,8,7,8,3,5,1,6,8,6,4,7,6,13,3,6,4,4,6,6,6,8,5,6,6,7,8,9,4,4,5,4,6,4,9,8,5,6,6,5,4,3,3,4,6,8,2,3,5,4,7,6,10,5,8,5,10,8,5,11,7,8,1,7,5,5,4,6,4,3,3,8,10,11,5,3,6,8,6,3,4,6,3,11,4,3,6,5,8,4,7,6,10,5,3,9,4,4,3,6,5,2,4,7,12,10,5,6,5,6,8,4,3,4,7,6,8,6,7,8,3,8,1,5,5,9,2,8,8,10,3,6,10,4,5,7,9,7,7,10,2,8,4,5,5,5,5,5,10,7,7,4,6,1,8,5,9,10,2,5,5,3,3,5,10,2,2,9,8,6,4,6,4,8,4,7,8,7,6,4,11,10,7,5,9,9,7,5,6,4,2,6,4,6,7,10,8,4,10,5,7,10,7,6,4,5,4,8,5,6,8,7,7,8,2,11,8,2,7,6,3,3,5,2,3,6,5,3,9,7,9,2,4,7,4,7,3,5,8,3,1,1,3,7,4,2,8,9,4,9,1,5,7,13,4,9,10,5,6,6,2,4,6,3,4,5,5,2,3,2,5,7,7,10,4,9,4,1,4,8,2,6,5,4,7,9,7,5,6,5,7,2,4,6,7,6,5,8,8,7,8,4,4,6,7,3,7,3,10,7,7,9,6,7,4,3,6,3,8,10,8,5,6,6,8,4,4,2,7,10,8,7,6,1,5,5,10,5,7,5,8,8,3,6,5,10,2,9,7,2,7,7,10,5,2,1,13,5,7,1,5,4,9,5,6,1,6,7,4,6,5,9,6,5,8,5,5,7,4,4,5,6,7,9,10,9,11,1,7,10,2,7,7,6,5,8,4,7,3,6,8,7,4,8,8,7,3,1,9,5,6,10,5,4,7,9,9,9,6,5,7,7,7,7,4,4,5,7,2,6,8,6,6,3,2,1,2,7,4,5,8,5,5,2,6,5,7,3,6,5,9,10,3,13,6,7,7,7,5,7,7,4,5,11,5,5,6,9,5,4,4,3,3,8,10,7,3,4,8,7,9,5,7,5,4,10,4,3,2,3,2,5,10,7,6,4,9,6,3,10,5,6,3,6,7,8,0,5,4,3,4,12,5.896,10.8403102915026,0.951689708497393
7,7,5,4,7,6,7,8,8,3,6,11,5,8,4,8,8,7,9,2,5,6,4,11,8,6,7,8,8,3,4,7,5,4,5,7,8,5,7,7,5,6,5,7,4,7,4,6,7,7,8,11,5,6,6,3,5,9,1,9,7,6,5,5,3,6,10,8,6,8,5,10,2,10,7,7,2,4,8,2,6,9,7,10,5,5,4,12,6,6,3,7,10,1,7,4,7,14,4,5,2,2,7,4,3,5,6,3,7,8,7,5,4,3,8,9,5,10,3,5,2,6,7,7,4,6,10,4,5,3,4,5,9,5,6,5,3,7,13,4,9,4,5,5,8,3,9,10,4,10,5,5,3,7,5,4,2,4,3,9,7,6,9,1,8,8,7,4,3,8,6,1,7,9,6,3,5,6,3,4,11,4,7,7,6,7,6,11,7,5,4,4,6,6,5,5,9,5,6,8,2,9,7,3,7,4,6,5,4,7,2,7,4,6,9,9,6,6,4,5,10,3,6,2,12,5,7,6,5,7,3,12,4,5,7,0,6,8,2,6,8,3,2,4,8,2,7,6,4,7,6,4,8,5,4,6,7,2,8,8,5,6,4,1,9,3,4,10,8,6,9,4,4,9,7,8,10,6,5,8,8,3,6,3,5,4,2,13,4,13,2,6,2,5,5,8,6,2,5,3,4,5,12,2,5,4,8,4,7,7,4,6,7,8,2,4,12,4,10,7,9,9,5,3,5,7,11,6,9,2,7,9,6,10,8,7,4,13,4,4,6,9,4,8,6,10,1,3,3,7,11,8,6,13,7,9,3,4,6,4,6,6,5,7,8,8,7,7,11,10,4,7,10,4,5,9,5,5,4,7,3,6,7,4,6,5,9,7,8,2,11,5,9,4,5,7,6,3,6,3,10,5,4,5,6,4,5,3,8,6,1,12,6,7,4,8,4,13,9,6,5,5,4,11,12,6,5,5,5,3,4,13,6,4,7,5,3,1,7,4,11,10,4,2,5,8,1,6,8,6,6,6,7,3,4,4,8,8,6,11,4,5,8,6,5,8,5,2,3,6,6,1,4,4,10,10,5,8,2,8,6,5,2,12,3,5,4,8,5,5,5,4,7,3,6,4,5,4,7,4,6,3,4,7,7,11,3,4,5,12,4,10,6,5,5,13,8,3,8,6,6,0,6,1,5,10,2,3,8,6,5,7,8,6,6,8,7,7,5,5,4,10,4,5,3,4,6,2,9,9,5,6,8,9,4,4,5,5,11,6,9,10,3,7,4,8,8,5,7,2,3,11,4,3,5,8,6,7,7,2,6,9,5,6,9,4,5,5,7,3,4,3,6,1,3,4,11,7,3,2,5,3,8,4,7,6,4,6,5,4,2,6,3,9,4,8,10,4,9,6,3,3,3,5,5,10,9,10,8,5,6,7,4,3,4,5,4,9,10,5,6,7,11,10,11,2,5,3,4,3,6,9,4,4,12,6,6,6,3,5,2,10,3,5,5,9,8,4,2,8,9,8,3,3,8,4,8,1,4,6,5,3,11,5,13,5,5,5,8,6,9,6,8,6,7,5,0,9,8,7,5,6,7,2,8,5,6,6,11,3,4,4,2,6,4,3,9,9,13,12,7,3,5,7,6,6,8,4,5,3,4,4,8,4,3,8,9,6,4,6,7,6,5,4,8,2,6,9,4,5,4,7,0,3,6,5,7,5,6,3,10,9,7,5,4,2,11,4,7,7,8,10,4,5,3,4,6,4,8,3,5,4,4,4,7,7,9,6,4,3,6,8,4,3,5,5,9,4,4,6,9,7,8,12,4,10,5,5,5,7,4,7,5,8,7,5,11,6,6,9,4,5,5,6,7,8,8,5,8,8,5,5,4,10,4,5,7,5,2,8,6,9,6,5,9,5,12,3,3,8,10,9,4,4,6,2,1,8,3,7,8,7,6,2,5,5,4,2,2,7,7,3,13,8,5,5,9,8,2,6,6,11,5,6,4,8,6,7,3,8,10,5,7,2,7,6,5,5,8,5,4,7,5,7,6,4,3,7,7,6,3,7,5,2,11,9,5,6,6,8,11,5,5,5,9,6,5,5,3,8,2,7,4,12,1,2,9,9,6,7,7,7,5,3,3,4,5,8,3,8,9,1,2,9,6,5,9,3,7,3,4,2,8,5,6,5,3,5,5,8,12,4,7,4,2,7,7,1,7,4,1,4,3,4,8,6,2,4,7,6,6,4,2,6,2,8,3,3,7,11,5.898,10.9135109953168,0.88248900468316
7,8,7,2,6,3,5,10,6,7,3,5,13,9,3,3,4,4,8,2,3,3,2,6,3,5,5,3,5,5,4,7,2,5,4,9,5,2,3,11,4,7,5,8,3,6,2,7,8,8,4,4,7,5,11,11,8,10,5,11,10,6,6,2,2,6,8,4,7,6,2,4,4,4,15,8,8,6,9,5,10,7,6,5,9,9,3,7,12,4,6,5,7,5,2,7,9,6,12,7,5,3,5,6,10,5,3,7,6,3,3,3,4,7,4,6,4,7,6,10,5,6,5,6,6,6,6,1,1,6,9,6,6,4,3,4,4,3,2,8,3,5,4,8,9,9,5,5,7,6,6,8,6,10,5,4,11,11,4,5,7,13,8,3,7,2,5,9,9,8,4,5,3,7,3,7,2,7,2,9,6,6,1,8,1,6,7,8,5,13,8,7,4,13,6,7,7,4,10,9,6,8,7,7,2,2,6,6,5,6,5,3,8,4,4,2,2,10,8,6,4,10,5,3,4,4,8,11,5,5,5,6,2,7,5,9,6,7,8,11,11,4,13,9,7,1,4,3,6,10,7,5,6,4,8,6,7,7,2,8,8,5,10,5,7,7,3,2,4,8,7,6,7,2,7,8,7,2,11,4,5,3,4,8,3,6,8,5,8,8,8,4,8,8,4,7,6,5,4,7,8,5,6,9,6,5,5,6,5,9,4,5,6,7,5,10,4,3,5,8,6,9,2,4,6,4,4,3,7,4,4,3,1,6,8,7,6,9,7,6,5,5,9,8,4,4,15,4,8,4,5,4,2,4,6,7,8,7,9,2,8,4,4,7,11,9,6,4,8,8,2,6,6,5,3,5,10,6,4,8,5,8,4,8,9,10,7,4,5,4,9,6,7,3,4,2,7,8,6,6,10,7,14,4,6,2,6,3,5,10,7,8,9,5,4,7,5,8,11,6,10,6,7,4,4,4,1,4,8,6,5,6,5,8,10,4,5,10,5,5,12,11,9,7,3,4,10,5,7,7,5,4,5,3,7,3,7,4,5,4,12,5,9,5,8,7,4,2,4,8,5,5,5,4,12,1,1,7,5,4,5,5,4,7,2,4,7,6,4,5,8,5,6,3,9,7,4,6,6,5,10,7,3,6,2,6,2,3,5,7,3,9,7,9,4,10,5,4,9,7,4,2,6,7,5,9,4,3,2,5,8,9,7,8,5,6,4,5,5,8,4,5,5,6,3,5,7,5,13,6,9,1,5,3,2,7,6,9,7,9,3,8,3,2,6,6,9,2,3,3,6,6,9,7,5,5,14,4,8,4,8,5,5,6,6,5,5,6,3,5,6,2,7,6,6,11,12,7,9,2,7,6,5,6,8,5,10,5,2,5,2,3,9,7,4,6,7,3,10,8,5,6,7,4,6,4,7,9,5,9,3,6,2,4,10,8,7,7,4,3,7,7,3,4,7,2,2,3,1,8,3,8,5,10,6,6,6,6,3,11,5,6,1,4,6,7,3,4,2,11,4,9,5,4,1,10,6,4,5,8,13,7,5,5,8,9,8,5,2,1,11,4,7,7,7,9,3,5,7,4,6,1,3,3,3,5,5,9,3,5,10,6,6,6,6,7,3,4,7,7,13,5,6,2,4,10,5,4,7,8,8,3,8,1,3,3,9,5,4,5,8,7,8,5,5,6,7,7,4,2,2,12,5,9,4,3,4,2,7,3,7,6,6,9,6,2,5,4,6,1,7,5,7,6,8,6,3,6,5,9,5,9,5,6,8,5,3,4,9,3,6,3,2,3,3,8,9,12,7,15,5,7,8,8,4,3,6,9,1,8,9,6,6,5,11,6,9,6,6,4,6,4,3,3,7,6,6,4,4,5,6,3,5,8,2,1,10,3,11,12,9,6,5,5,6,2,10,6,10,8,8,10,3,3,3,5,4,8,5,7,2,6,4,4,6,8,8,2,11,8,10,6,2,8,1,6,3,6,8,5,8,11,4,8,7,3,14,5,11,3,4,2,8,9,6,7,4,7,2,5,9,9,9,5,6,7,3,3,2,7,5,10,5,9,5,8,3,2,4,4,7,6,9,3,10,4,5,4,11,5,6,9,4,1,8,6,6,2,8,3,3,7,13,5,7,5,5,7,6,8,6,2,3,6,5,4,2,2,8,3,5,3,3,6,9,7,6,5,5,9,8,4,2,10,6,6,5,9,5,4,4,5,5,5,10,6,4,3,8,3,2,12,5,5,2,6,3,4,8,1,5.862,10.9594018553843,0.764598144615706
6,8,2,2,5,9,10,4,4,5,5,6,8,6,7,6,5,9,5,7,5,4,5,10,5,4,6,8,5,7,8,7,7,4,5,3,9,6,8,7,6,3,10,5,5,10,8,13,4,9,5,7,9,7,6,6,4,5,3,6,4,2,0,2,2,6,5,5,3,5,7,4,3,4,7,4,4,6,8,4,5,4,8,4,3,8,6,6,7,7,7,4,8,4,2,5,11,7,5,9,8,4,9,7,8,4,5,7,6,0,3,7,7,7,6,5,5,5,6,9,4,9,6,11,8,6,8,5,4,5,4,6,3,6,5,3,8,5,7,12,5,7,5,8,6,4,8,8,3,7,8,9,6,3,6,8,2,6,7,8,4,5,8,8,8,6,12,1,5,5,5,3,7,4,4,3,5,8,8,4,9,4,2,12,9,6,5,3,5,8,8,1,5,6,7,7,7,9,12,7,5,7,4,6,8,3,4,4,4,4,5,4,6,2,5,8,5,5,5,4,8,8,3,6,8,3,7,7,3,7,7,2,3,2,10,5,7,8,8,8,4,5,8,4,3,6,8,8,4,4,3,7,5,1,5,7,4,3,1,8,4,3,4,4,7,5,4,7,6,6,1,4,3,5,8,9,6,9,7,8,10,1,6,6,4,5,5,7,6,7,7,8,4,2,4,2,6,3,9,3,2,2,7,6,9,4,7,2,9,1,5,4,3,8,2,5,12,6,7,5,7,6,10,5,5,5,15,10,5,7,4,8,3,3,10,9,5,7,4,7,7,7,5,7,10,4,5,5,5,7,2,5,5,2,12,2,3,4,4,6,7,6,6,7,8,10,6,4,5,4,7,10,4,9,5,5,6,9,3,4,5,5,4,4,1,2,7,2,8,6,9,6,8,6,7,10,9,7,3,7,2,3,12,7,3,4,6,6,5,7,0,3,5,3,6,6,6,9,1,5,3,11,9,8,4,7,5,4,8,6,5,8,9,4,4,3,1,5,1,8,9,5,3,4,5,7,6,6,4,5,8,6,9,3,3,2,8,5,7,8,3,8,4,2,2,12,3,4,3,7,7,4,2,7,7,3,4,2,7,9,7,4,3,4,5,4,4,4,2,13,7,3,9,2,4,11,8,1,3,9,5,5,3,4,5,13,4,8,6,7,9,9,7,4,6,11,4,6,7,14,7,7,7,5,3,8,6,3,7,10,6,6,6,4,6,7,2,6,6,5,6,4,10,5,3,5,3,3,5,11,11,4,6,5,4,3,6,5,8,16,9,6,5,6,5,10,9,7,1,5,2,11,6,7,8,7,5,5,4,2,8,4,6,2,8,8,3,8,4,2,2,7,2,5,10,9,8,4,4,7,7,4,10,2,11,3,8,6,0,2,0,9,4,8,5,11,5,6,4,5,6,5,3,2,7,5,8,10,5,6,3,10,5,6,5,1,8,8,9,1,5,6,5,4,8,4,6,6,3,3,5,8,6,4,6,7,8,3,5,8,3,5,7,7,5,4,6,10,7,11,5,3,3,6,7,10,3,5,8,5,7,4,6,9,4,8,8,4,6,4,9,4,9,6,4,8,12,8,2,4,8,4,7,6,4,5,8,6,11,6,4,5,10,4,1,4,7,6,7,4,3,2,11,10,7,8,10,6,2,4,4,8,5,4,3,9,8,3,5,4,6,11,6,4,6,5,10,5,8,4,2,8,2,5,5,4,7,8,5,4,4,5,3,5,6,8,11,5,5,6,9,7,4,7,5,6,9,1,9,9,5,5,4,3,5,8,10,5,2,10,6,5,8,4,5,5,6,10,7,11,6,4,7,7,5,3,6,6,5,15,1,3,9,9,12,6,6,6,4,6,10,5,8,11,9,10,8,6,9,4,4,7,9,7,6,3,11,7,4,10,4,2,4,11,6,4,9,2,5,7,7,3,8,6,3,8,6,5,9,8,5,3,3,5,15,6,5,2,7,11,4,10,9,10,7,9,3,4,6,4,5,6,6,6,5,7,8,6,3,6,4,9,5,6,7,8,1,10,9,6,3,7,11,3,6,4,9,4,6,12,4,10,1,6,2,9,3,7,7,3,3,5,5,2,8,9,5,3,4,5,5,7,8,3,8,8,6,5,5,4,9,11,6,3,7,7,5,5,6,4,15,9,6,5,4,4,7,2,11,5,1,5,6,7,3,5,4,9,4,10,6,7,3,5,11,3,3,1,10,3,7,4,6,9,6,7,2,5,7,7,3,5,3,5,3,4,5,3,5,9,5.834,10.8467684884022,0.821231511597777
3,7,3,3,5,2,3,12,8,4,8,7,9,9,5,5,5,4,4,6,4,9,6,6,1,7,5,4,5,6,2,7,5,5,6,1,10,5,1,5,4,0,4,7,1,5,6,10,4,10,3,6,3,4,4,9,7,11,7,7,9,3,5,4,4,5,6,8,5,6,8,6,4,5,6,9,3,4,6,3,9,6,2,5,5,5,6,8,4,8,5,3,8,6,8,4,3,6,4,6,9,7,8,7,6,9,5,6,8,8,4,3,6,7,3,5,1,3,8,5,4,6,5,6,6,7,7,15,3,6,6,8,7,4,10,5,5,4,5,2,7,6,7,4,8,2,10,6,4,5,4,6,8,6,5,5,3,2,3,4,3,7,3,11,5,3,7,1,5,8,13,4,3,6,4,4,10,3,2,8,6,7,1,0,11,6,9,6,6,8,7,3,7,5,8,4,12,5,3,6,1,4,5,4,9,4,7,5,8,6,4,8,7,7,8,6,11,1,6,4,4,3,6,1,7,2,3,3,4,8,5,5,5,3,7,4,7,6,3,5,3,4,3,7,6,3,8,3,5,9,4,7,7,5,7,7,5,6,16,4,4,6,9,7,9,12,6,4,4,7,5,3,4,8,7,6,4,4,7,7,5,5,4,6,7,4,7,5,5,13,9,6,7,9,3,7,3,2,2,4,4,3,9,10,7,6,9,7,6,3,3,10,7,10,4,4,7,5,5,7,9,7,12,3,5,4,6,1,6,3,6,9,9,8,7,6,7,5,5,9,2,6,3,10,8,5,6,1,9,3,7,7,2,7,5,7,3,2,11,5,6,4,8,7,9,8,6,4,7,4,3,3,6,6,9,8,5,4,1,6,8,8,6,6,4,4,5,5,6,2,6,2,2,8,2,7,5,2,6,10,5,8,3,7,6,3,9,8,9,5,2,11,1,7,3,4,4,17,5,4,10,5,5,5,2,5,4,5,6,7,7,8,6,16,5,10,11,11,7,3,6,8,9,4,10,4,9,10,2,6,5,4,9,9,4,5,3,7,9,6,10,6,4,5,1,3,3,3,8,8,4,4,9,4,7,8,6,4,3,5,3,2,4,8,7,5,5,8,6,9,3,7,6,4,11,11,6,9,1,10,7,6,2,8,4,8,4,4,6,3,4,10,8,5,4,12,4,5,1,12,6,4,4,8,2,10,3,1,11,7,8,8,5,10,6,6,5,7,9,7,9,9,9,6,5,8,3,10,7,7,7,5,2,6,6,8,7,5,8,8,4,15,6,4,6,6,2,4,9,5,5,4,5,6,4,11,3,6,4,3,14,8,6,7,8,6,7,5,2,12,6,5,4,4,0,7,3,9,6,8,6,7,5,5,7,6,4,3,7,1,4,5,8,11,5,4,8,6,9,2,6,3,8,7,0,4,8,7,11,8,3,3,4,4,8,4,12,6,9,6,9,6,8,6,7,6,4,7,4,3,6,10,10,3,2,3,2,9,4,4,5,8,3,7,7,6,5,1,6,9,8,5,5,9,2,3,4,2,8,6,2,3,13,4,8,5,6,6,8,4,5,5,8,6,10,2,5,6,3,5,11,3,5,5,9,8,9,6,9,1,2,8,5,2,8,5,5,4,9,6,6,8,1,7,8,7,5,5,5,5,10,4,6,2,5,5,1,6,5,5,9,8,4,11,6,7,12,3,3,6,5,8,3,7,10,6,3,5,5,4,7,5,6,7,6,3,5,4,7,10,5,12,2,7,4,6,8,8,7,6,9,5,5,6,7,8,4,10,2,4,3,7,4,3,5,3,9,8,9,6,6,7,7,5,6,8,10,10,3,9,4,5,6,8,5,10,3,6,10,6,6,2,3,6,3,5,8,6,7,4,6,5,7,9,7,6,6,3,6,9,6,4,3,6,7,6,8,8,6,5,12,11,2,6,3,8,8,10,2,5,8,2,7,3,4,11,7,5,7,6,3,6,10,4,8,6,7,3,6,3,12,5,4,4,9,3,4,3,8,5,9,7,9,11,5,8,10,7,7,2,4,5,5,4,2,6,6,2,2,4,11,8,4,3,9,7,4,2,7,6,12,0,2,6,5,5,10,4,8,8,3,11,6,9,8,6,6,9,8,12,2,3,9,6,8,6,10,6,5,10,9,7,8,5,10,3,7,9,6,0,1,11,4,5,8,9,4,8,1,6,10,5,3,9,4,6,4,7,7,2,5,6,4,4,14,6,4,6,10,7,6,6,4,8,2,7,2,5,6,5,5.879,11.0197471846042,0.738252815395806
8,9,2,6,9,5,6,7,7,3,11,5,10,7,8,3,5,11,7,2,6,7,6,6,7,10,4,5,10,5,10,11,7,5,3,9,8,6,11,10,5,1,2,8,4,6,8,5,6,7,4,7,10,6,7,5,8,7,10,9,5,5,3,6,6,7,6,7,3,7,4,4,6,3,7,8,2,8,4,4,9,6,7,5,4,7,6,8,5,12,12,9,5,7,3,3,6,9,8,3,3,6,7,7,11,7,5,7,3,2,9,2,5,3,4,6,4,9,8,6,5,5,4,5,7,5,3,6,0,5,10,8,9,9,6,5,6,5,7,4,5,6,6,7,8,4,10,2,5,6,6,6,5,9,3,2,6,6,5,8,0,4,6,4,10,4,7,5,9,6,7,6,6,8,8,5,6,2,6,6,2,2,5,10,4,5,6,5,6,6,2,4,6,7,5,6,7,6,8,8,3,3,6,4,6,4,6,7,2,6,5,5,5,9,10,2,4,7,5,7,7,3,6,3,2,9,8,7,4,3,8,7,5,3,9,4,3,6,8,7,12,7,0,7,8,2,5,3,5,2,2,4,5,5,5,4,8,6,7,4,7,9,9,6,6,7,9,3,4,10,7,1,4,4,7,7,5,6,4,6,7,9,6,11,7,7,6,9,3,9,5,1,6,8,8,4,7,3,9,9,4,5,3,7,5,4,4,5,6,7,6,5,9,13,5,1,6,4,7,5,11,6,8,9,9,12,4,2,2,7,6,8,4,7,8,4,6,6,6,4,5,4,3,5,7,4,6,7,4,8,8,6,5,9,8,8,4,4,4,2,5,6,4,2,6,8,7,10,8,5,9,3,7,5,5,6,6,9,8,12,5,9,5,5,4,3,5,6,6,1,6,3,10,3,4,7,8,3,1,6,7,8,8,3,10,3,8,3,4,5,3,7,10,5,10,3,5,14,10,8,2,10,5,8,5,10,5,6,6,9,7,3,5,9,9,3,4,5,8,7,9,3,6,4,6,6,2,6,13,6,7,4,11,6,2,1,6,4,3,7,4,4,6,4,1,6,6,5,3,8,6,3,5,3,8,1,7,8,4,7,7,5,6,3,6,7,4,7,3,0,7,7,3,3,9,4,8,4,5,3,4,6,4,3,10,9,4,8,6,5,6,8,7,5,6,3,3,5,4,9,10,2,6,6,5,9,5,5,13,3,9,9,4,5,6,5,3,4,6,7,4,5,2,3,3,7,4,7,8,6,5,7,5,5,4,7,8,6,8,5,5,5,2,3,4,7,5,3,7,4,3,9,4,4,5,4,3,5,6,3,5,3,5,6,4,2,10,10,2,4,4,7,8,7,5,9,2,5,4,4,5,7,8,4,5,3,5,2,1,7,4,5,4,4,5,7,7,2,5,7,5,6,3,6,5,6,3,6,4,9,8,7,1,4,8,3,7,10,4,8,5,5,9,7,2,4,9,6,5,4,6,9,4,1,6,5,9,4,4,8,7,8,2,9,6,9,9,3,8,9,1,3,5,3,7,9,3,5,8,2,5,10,6,8,8,5,4,5,1,8,6,7,3,8,3,4,5,5,2,2,4,4,4,5,5,4,6,3,5,5,9,3,5,2,6,5,8,4,12,1,13,6,5,4,5,3,6,4,10,3,6,6,7,6,2,10,3,1,3,4,3,7,10,5,3,5,4,6,2,5,5,7,6,6,7,10,1,7,4,9,3,3,7,6,3,5,9,6,8,4,3,4,7,8,3,4,12,2,4,4,6,10,4,2,4,8,7,7,6,4,6,5,4,3,6,7,3,9,9,6,8,5,7,5,6,5,5,7,8,12,5,6,6,5,6,6,7,9,4,3,3,6,7,5,7,4,2,5,5,6,8,3,7,6,5,3,3,4,4,7,6,8,4,4,8,6,11,4,4,3,6,9,5,9,6,12,5,5,11,7,3,4,6,3,7,2,5,5,9,9,7,5,4,5,5,6,4,8,5,7,5,10,4,6,2,9,5,8,10,6,5,6,4,7,11,6,3,4,9,9,3,6,7,7,6,4,6,0,8,4,8,10,10,8,4,6,5,7,2,9,6,1,7,4,4,5,4,4,7,8,4,10,9,10,11,4,10,5,8,8,6,13,8,3,6,5,3,5,7,8,6,4,6,7,6,13,12,5,6,7,5,1,9,8,9,6,7,7,3,3,7,4,7,10,6,2,5,5,2,6,4,5,4,5,8,6,4,8,3,8,4,8,2,5,3,4,5,3,3,8,5.756,10.4959236891514,1.01607631084856
18,5,9,7,10,4,5,9,9,5,11,10,10,4,2,7,4,5,6,8,6,8,2,9,8,4,9,1,4,8,6,4,5,7,4,10,5,4,4,2,7,10,9,4,6,8,8,7,7,3,7,8,7,6,8,1,7,7,9,9,6,5,4,4,5,4,4,4,4,6,4,5,7,4,9,5,6,5,9,4,6,8,5,7,1,9,2,5,7,2,7,4,7,5,6,6,8,9,11,10,7,1,6,6,5,7,7,5,4,5,3,7,7,4,3,2,5,3,4,7,6,7,6,3,3,5,4,4,4,4,6,6,9,6,5,4,6,9,5,3,6,2,3,5,7,3,7,3,6,6,2,9,1,8,5,2,6,9,4,6,5,7,4,10,7,1,9,5,7,5,5,9,5,7,4,6,7,10,8,6,7,4,5,9,3,5,2,8,5,5,4,5,7,2,7,6,6,5,6,7,2,9,12,5,6,1,8,7,8,8,4,3,2,6,4,3,2,6,6,5,7,7,5,4,7,4,10,2,0,5,5,3,4,5,4,2,4,11,3,5,2,5,8,4,7,3,7,6,6,5,3,2,9,10,1,6,6,6,8,2,4,8,2,6,5,8,4,4,7,4,3,5,3,2,11,2,7,2,3,12,9,3,4,10,5,2,2,6,7,6,9,9,4,7,3,3,2,5,9,8,4,8,7,4,11,4,8,5,6,6,5,9,2,4,2,6,7,6,8,4,1,9,3,4,7,3,3,6,2,4,3,7,5,5,7,6,8,6,6,9,2,10,6,3,7,10,10,5,8,3,5,1,10,8,13,3,8,3,9,7,3,5,10,11,11,6,9,8,3,7,8,7,5,12,4,9,5,7,6,6,5,7,4,4,7,9,3,5,12,4,10,5,6,7,10,6,7,12,5,5,4,4,2,5,4,3,4,5,8,10,3,9,6,3,5,4,8,5,5,7,11,5,8,5,4,9,5,2,8,7,7,5,12,5,8,8,7,7,8,9,13,8,5,4,3,8,11,5,8,3,7,6,8,9,4,6,4,5,11,5,6,7,4,4,4,7,3,2,2,2,10,3,2,10,6,2,7,6,6,3,4,3,4,7,4,1,0,0,3,5,7,5,7,5,6,8,5,9,2,5,3,5,6,7,5,4,3,8,4,4,9,5,5,9,12,13,4,2,4,7,8,2,5,4,1,7,4,2,4,5,5,11,5,5,9,15,11,4,2,9,5,9,5,4,3,6,6,2,6,3,2,7,5,7,4,9,11,8,6,7,3,8,5,1,7,9,5,5,8,3,6,8,9,6,6,7,3,3,9,6,6,7,6,5,5,3,4,4,8,5,10,6,4,3,7,8,9,7,7,4,2,8,9,6,7,3,4,2,1,9,3,8,7,6,0,12,4,7,4,9,6,4,2,3,4,9,6,4,4,6,4,4,3,1,2,5,9,2,7,2,8,10,1,7,6,6,10,5,5,4,3,8,4,6,6,5,9,6,2,6,8,8,9,1,4,10,6,5,8,9,2,11,5,3,11,9,10,7,7,5,8,2,4,4,5,6,4,4,6,4,6,6,3,2,2,5,3,5,3,7,6,1,6,4,3,4,5,7,5,4,6,8,4,5,7,7,9,5,17,8,5,9,7,4,5,9,8,7,3,4,8,5,6,7,2,8,6,7,7,5,8,11,7,10,8,4,9,7,6,5,4,8,5,8,6,4,4,4,4,4,4,7,6,3,7,3,7,4,4,5,9,9,2,6,5,4,8,9,4,6,8,4,3,7,11,6,10,6,9,5,5,9,10,9,6,5,5,4,13,5,9,4,6,7,7,7,9,13,6,6,3,5,9,7,5,6,6,3,10,9,2,5,7,8,11,5,7,3,5,9,5,8,9,7,7,7,7,4,9,6,6,4,6,4,8,7,7,5,11,8,3,11,7,4,3,3,5,5,4,13,6,7,11,3,8,5,10,6,8,6,9,5,9,4,2,8,6,11,6,6,9,9,5,7,4,11,5,5,10,9,9,7,5,12,8,9,7,4,6,9,8,5,10,4,2,8,4,7,2,7,5,3,7,5,3,5,5,3,12,6,9,4,8,6,6,3,2,4,2,3,8,7,3,9,8,5,6,4,8,4,9,8,7,6,10,8,2,4,8,6,6,10,5,9,8,4,7,2,5,6,3,3,5,3,1,8,9,5,8,6,6,7,5,6,6,6,9,4,6,1,6,5,2,8,7,6,7,3,3,11,8,7,2,6,2,4,2,5,7,8,5.871,10.9379097395462,0.804090260453753
8,1,4,6,6,3,2,9,3,7,5,2,4,1,7,4,7,10,9,7,4,5,3,10,5,9,7,5,3,6,3,4,3,1,5,13,9,5,7,7,11,6,3,11,10,8,7,3,6,7,4,5,10,3,8,7,5,10,7,12,9,3,8,6,6,9,7,7,4,9,8,5,6,4,8,7,6,0,5,6,3,8,3,8,3,10,2,10,14,9,11,7,7,7,4,2,5,10,4,5,11,4,7,3,8,10,4,8,3,2,2,6,6,5,9,8,5,5,2,6,6,7,5,5,10,7,2,2,4,5,7,10,3,6,8,3,8,3,3,9,7,8,8,7,5,10,10,6,8,2,3,10,2,4,7,7,7,11,4,7,9,8,7,3,7,4,4,4,9,6,6,8,8,10,2,4,9,5,3,5,7,8,3,7,6,6,3,7,5,10,2,5,7,8,6,9,11,2,7,10,5,8,4,1,3,2,9,7,4,5,4,9,7,6,5,3,8,9,6,4,6,3,4,1,4,5,4,7,2,9,10,5,7,2,4,5,4,3,4,9,7,7,10,7,7,6,6,9,7,7,8,3,7,12,3,4,5,7,10,2,5,8,10,4,10,7,3,5,6,5,6,6,4,7,5,5,5,3,7,11,8,6,6,13,5,5,4,5,9,8,7,6,4,4,3,5,7,3,11,7,5,6,3,4,4,7,7,6,5,6,5,8,6,5,7,3,6,4,4,6,7,7,10,2,2,5,9,3,4,7,6,5,9,5,10,9,5,8,6,2,4,7,6,8,7,8,5,3,12,4,10,3,5,7,8,10,6,5,8,10,7,7,3,4,3,10,7,6,8,2,5,5,5,12,9,5,8,5,3,10,8,4,14,2,5,6,7,6,6,2,10,6,2,5,10,9,8,4,10,5,5,6,4,3,5,2,3,1,6,8,7,10,5,6,10,4,8,10,6,7,4,6,9,10,5,6,5,7,7,6,3,5,10,10,7,10,6,7,5,9,2,8,8,8,4,8,7,2,5,7,8,3,3,6,3,5,7,9,6,7,10,8,6,9,4,4,3,11,4,7,9,4,2,3,4,4,6,5,1,8,3,7,4,5,4,2,9,3,5,6,7,3,9,2,8,5,4,5,5,10,4,3,5,5,5,8,5,3,3,5,4,6,8,6,4,6,5,2,8,8,7,5,6,6,0,9,9,4,7,0,4,3,6,6,7,8,7,12,6,6,6,7,6,8,2,8,6,7,14,8,5,9,7,4,1,6,6,7,6,9,2,6,6,7,8,6,9,2,9,2,4,8,7,1,6,5,5,5,3,11,3,8,3,9,9,4,7,1,8,2,4,5,1,3,6,4,9,6,5,7,5,1,5,11,9,6,4,7,6,3,3,4,8,6,4,7,3,6,2,6,3,8,7,1,9,8,10,12,5,3,4,6,4,7,6,1,7,1,1,7,5,5,5,7,3,5,9,9,1,2,7,8,5,10,8,6,6,14,5,3,2,7,8,3,6,3,6,3,6,10,7,9,4,6,2,5,4,5,6,5,5,5,5,7,8,6,4,0,2,5,9,2,13,3,10,6,7,5,7,2,6,5,6,5,8,4,5,7,5,7,4,7,8,10,4,6,9,10,7,2,10,6,8,3,5,5,9,10,1,8,5,6,5,2,4,6,6,2,14,4,9,3,7,4,4,2,5,6,4,7,5,6,3,10,4,6,3,3,1,3,8,6,5,2,5,8,8,5,5,10,11,6,3,3,5,8,5,8,6,4,5,9,5,3,3,5,4,8,7,4,8,6,4,8,4,4,3,12,8,8,5,8,10,2,2,7,5,4,5,14,8,4,3,5,7,8,13,10,7,6,4,5,4,4,5,5,7,3,1,3,8,4,4,11,5,3,8,6,8,16,12,6,3,8,15,3,9,4,8,7,12,15,6,8,4,6,5,6,2,6,5,5,3,11,10,5,6,8,8,2,8,4,8,7,7,5,4,8,3,4,10,7,7,4,5,9,6,3,3,5,9,2,9,4,7,7,7,5,4,4,3,7,6,5,7,7,9,3,3,8,5,7,8,3,10,3,4,6,3,4,3,5,7,5,9,4,5,5,8,5,10,7,3,10,10,1,6,9,5,7,6,7,5,4,9,9,5,6,5,8,7,2,5,5,12,6,7,4,10,5,5,10,7,11,9,7,4,2,3,6,5,6,9,9,9,7,5,7,8,3,5,4,3,8,4,11,2,5,4,3,2,5,1,9,1,4,11,6,4,5,5.945,11.1161827942446,0.773817205755392
5,9,5,2,8,7,7,10,7,6,9,12,9,8,7,5,9,3,10,4,7,8,4,11,5,9,5,8,6,3,7,7,5,5,7,8,9,6,8,4,9,3,3,1,7,4,4,4,8,11,4,6,2,9,6,2,5,13,12,6,6,6,2,4,4,6,7,6,5,6,7,3,6,2,5,4,5,6,6,4,8,8,5,4,5,7,6,8,4,1,10,3,11,8,4,3,5,8,7,11,2,7,8,4,7,5,8,4,6,1,4,1,4,8,2,0,3,3,4,3,6,7,4,7,8,6,6,6,6,2,4,5,8,5,1,4,7,4,5,10,10,2,7,5,5,5,5,7,3,7,4,7,3,9,3,5,6,8,5,7,2,5,3,8,8,4,5,1,6,4,3,6,4,6,4,6,3,4,2,6,10,3,4,7,5,6,9,5,6,8,3,4,5,2,14,4,5,7,6,2,2,6,9,9,7,2,8,4,9,10,3,6,0,4,8,2,5,3,7,9,3,4,4,3,5,5,8,5,5,8,6,5,2,2,4,6,3,5,7,4,9,6,4,8,6,10,9,5,7,4,1,7,4,0,5,10,8,4,3,7,6,2,2,5,7,8,6,4,4,4,8,5,4,2,8,4,8,5,6,10,6,9,8,8,11,4,10,2,8,9,4,7,7,6,5,7,11,11,7,6,2,4,6,11,4,5,5,4,8,6,4,5,5,7,3,5,7,0,10,7,8,7,4,5,5,12,10,7,10,10,5,8,2,10,10,6,6,6,5,6,2,3,10,0,6,9,8,5,10,9,4,4,5,8,5,7,5,1,8,3,9,7,7,7,11,13,6,9,6,7,7,10,6,8,6,4,7,7,5,9,7,5,7,9,1,9,6,2,7,3,1,5,9,4,2,7,7,8,4,9,7,9,7,8,7,3,10,5,3,10,1,9,5,6,5,2,3,10,6,6,7,8,9,5,6,6,4,6,2,2,6,7,6,6,9,9,8,7,5,4,8,8,5,5,5,4,4,8,5,6,5,6,7,5,4,3,6,9,7,8,8,6,3,7,2,3,3,3,3,6,7,6,8,4,6,4,6,1,5,3,9,4,5,6,11,2,4,7,4,6,6,7,4,5,7,1,7,8,7,8,6,5,6,4,5,9,7,5,3,5,9,9,4,12,8,11,4,8,4,11,4,3,6,4,7,7,4,2,6,7,5,5,8,3,4,5,4,4,9,6,8,5,3,10,3,10,5,5,11,7,4,2,5,5,6,5,6,4,9,6,12,8,5,4,1,10,2,7,4,7,3,8,12,7,5,7,6,6,6,7,8,6,7,5,6,8,9,7,6,5,4,4,7,5,2,6,6,7,8,4,11,6,5,6,13,4,8,7,4,2,4,4,8,7,3,5,3,8,2,2,3,3,3,4,8,5,5,6,9,4,2,6,10,3,5,4,8,3,7,8,4,4,3,4,9,2,5,2,1,3,7,7,7,9,6,7,4,1,8,13,5,7,8,5,7,6,9,6,8,6,4,3,6,3,9,4,7,6,9,4,4,5,5,6,5,2,12,10,4,2,11,8,7,3,3,8,7,8,4,4,8,4,5,3,2,2,6,2,8,6,7,9,6,3,3,8,6,6,6,4,6,4,4,5,5,7,14,7,4,5,2,7,4,5,4,8,2,5,3,4,7,5,9,5,4,7,5,7,8,8,5,6,4,5,10,5,7,9,2,5,4,5,2,8,7,7,9,4,5,5,6,10,7,5,8,6,6,3,2,10,6,12,8,4,3,7,5,8,5,5,4,8,7,6,7,4,8,13,7,6,12,4,12,2,7,4,7,4,7,7,6,6,3,6,6,4,4,10,3,3,4,4,4,4,4,6,6,6,8,5,5,2,11,4,8,11,9,5,6,7,9,11,6,5,8,4,4,2,3,7,8,1,5,8,4,8,9,10,5,3,8,6,8,4,5,5,2,7,5,9,5,5,7,7,10,5,12,6,9,6,9,7,6,8,4,3,8,9,15,3,6,5,9,7,3,5,5,7,5,6,7,6,13,4,7,6,6,4,10,7,7,8,8,5,6,6,3,5,9,2,5,7,5,1,5,8,7,2,6,2,6,8,11,4,9,7,2,8,5,3,7,5,6,7,5,7,2,7,4,5,6,8,4,9,9,10,9,4,9,8,1,6,3,7,5,6,7,8,7,8,2,3,5,5,7,9,9,9,6,3,7,3,2,8,18,5,6,10,5,7,3,3,4,5,6,6,5,4,7,9,5.888,10.8401873075166,0.935812692483378
6,6,4,9,9,3,3,9,8,5,11,4,6,7,1,2,5,9,7,4,6,5,1,9,7,8,9,4,10,4,9,8,7,5,2,12,6,5,9,3,8,3,4,12,3,7,7,9,1,5,4,5,6,5,8,4,7,5,7,5,9,2,4,3,4,4,5,6,5,1,7,4,1,5,7,4,6,5,5,5,7,3,3,3,6,5,9,8,9,5,6,8,7,8,7,2,3,9,11,7,4,5,7,10,5,8,7,8,5,3,4,4,3,6,2,1,2,5,5,6,6,6,8,6,5,8,3,13,4,3,8,6,5,5,10,6,3,8,9,11,4,6,9,14,7,5,12,4,6,11,6,8,4,8,3,5,8,6,2,6,6,7,5,8,9,8,2,5,8,3,9,4,6,8,2,8,4,7,6,7,6,5,3,6,2,6,8,10,3,10,1,4,2,7,6,5,9,7,8,7,3,13,4,7,8,2,4,5,7,7,2,5,4,3,9,7,7,8,7,2,5,7,5,5,6,7,10,2,2,5,11,4,4,2,8,6,6,6,3,6,10,1,5,3,6,7,5,5,8,7,8,5,9,11,4,4,5,10,8,7,8,4,8,7,2,11,3,1,8,14,3,3,10,4,10,6,7,2,3,5,5,4,4,9,11,2,8,5,12,13,6,9,9,5,6,9,7,7,8,6,4,3,8,3,2,4,11,3,6,3,2,6,2,5,10,6,4,1,8,1,7,7,6,6,1,14,7,2,5,4,7,4,7,2,6,2,6,5,6,11,11,4,3,3,8,4,2,5,1,2,10,10,4,8,8,7,6,5,6,5,5,4,9,9,11,4,7,4,5,3,2,7,6,7,8,7,9,6,5,8,6,5,7,1,3,4,10,10,4,3,7,3,12,8,4,7,3,8,10,7,4,4,3,5,7,5,3,10,3,9,4,13,5,6,5,9,6,16,5,3,5,6,5,3,7,8,7,2,9,7,2,8,9,14,6,6,8,5,3,6,9,6,4,7,8,9,6,5,7,6,12,7,6,8,3,5,5,6,6,3,9,9,6,8,3,10,3,3,8,9,9,8,8,9,5,7,0,9,6,7,9,4,2,7,7,3,7,8,6,7,7,6,4,3,4,3,5,1,4,1,8,5,5,3,10,12,4,7,1,3,5,9,10,5,7,5,8,6,3,10,4,5,11,3,6,8,7,3,9,4,6,4,5,4,8,10,3,5,8,4,13,6,3,2,4,10,3,3,7,7,5,6,5,7,9,4,5,12,6,15,4,7,9,6,9,5,6,4,5,2,5,3,5,8,4,8,10,4,3,4,11,9,9,9,4,4,10,7,6,7,7,3,3,4,5,9,0,5,5,9,6,3,5,5,11,3,7,7,4,1,6,4,4,6,1,3,9,9,1,5,7,6,6,7,6,4,7,7,10,7,5,5,12,7,3,6,2,4,4,8,1,9,7,8,8,4,8,3,1,7,4,8,6,1,7,8,4,6,7,4,3,3,3,9,5,4,5,3,4,7,7,2,7,7,1,11,4,5,5,5,4,3,9,8,8,6,3,4,7,5,7,3,5,3,8,6,5,8,4,5,10,5,3,5,6,2,9,3,6,5,7,4,6,5,10,4,5,7,7,3,5,6,5,8,6,6,5,6,3,10,9,1,3,4,5,10,3,4,4,3,5,6,8,7,5,4,7,5,5,5,4,7,2,8,8,7,3,6,4,5,4,7,8,6,6,7,9,6,6,9,6,7,5,8,2,9,11,5,2,1,8,3,4,4,4,4,7,6,5,8,8,5,6,4,4,5,4,8,9,6,9,5,4,5,7,7,5,7,7,11,3,3,4,7,7,11,6,5,5,12,4,10,5,8,6,4,9,7,4,6,8,4,5,4,4,5,3,11,2,6,10,6,2,4,5,5,7,6,9,9,3,5,7,2,2,5,6,5,4,10,4,6,5,6,5,5,5,6,9,16,6,6,7,6,7,3,4,7,4,2,11,3,3,3,2,7,5,11,4,4,5,3,6,9,4,10,7,5,8,10,6,4,7,4,6,7,4,4,3,5,10,10,10,6,2,3,8,8,6,10,5,7,5,5,7,7,7,4,2,8,5,5,5,5,8,8,6,4,7,1,7,12,2,6,9,6,4,8,5,7,6,11,7,4,4,8,6,3,10,1,2,1,9,6,8,11,5,8,9,5,5,9,5,4,5,6,3,5,6,3,9,7,7,5,7,9,2,8,7,5,3,2,2,6,3,6,4,6,6,6,5.883,11.0061202502673,0.759879749732725
4,6,3,6,6,6,6,13,9,6,11,4,8,8,3,10,12,6,11,5,8,8,2,5,13,7,6,8,5,8,6,5,7,8,7,10,10,4,5,6,7,7,10,10,6,4,9,3,9,8,4,6,5,5,0,8,3,8,4,8,7,7,2,1,6,4,6,9,6,4,4,2,3,1,6,10,4,3,4,4,9,3,11,3,4,8,3,7,6,6,7,4,4,5,2,11,11,11,10,9,3,9,3,2,6,4,5,6,3,4,5,6,5,6,2,7,3,3,6,8,9,8,2,4,2,10,6,3,3,3,5,4,6,7,4,5,6,7,3,5,9,4,5,2,3,6,10,2,4,5,8,5,7,8,5,8,2,5,4,2,9,7,5,8,5,3,7,5,8,3,3,8,7,10,1,4,7,8,4,8,7,9,6,5,5,6,9,3,8,6,4,8,3,6,9,7,11,5,7,7,2,7,6,5,7,3,5,3,8,8,9,6,5,7,8,4,5,4,2,7,11,9,4,6,8,5,8,2,6,8,9,4,7,2,6,5,5,9,5,4,8,6,5,7,8,2,5,5,7,4,5,4,5,6,6,5,5,8,7,4,6,5,4,6,7,8,7,3,5,7,8,3,6,7,7,7,5,2,5,6,0,4,3,9,7,6,5,9,7,7,7,6,5,8,4,8,5,10,5,7,8,5,3,3,4,6,8,5,10,5,7,8,5,10,11,6,6,3,7,7,7,8,10,5,3,4,7,2,3,5,11,3,12,2,6,3,9,6,4,4,4,3,5,5,9,3,7,8,9,9,5,3,2,12,9,10,4,2,9,8,3,9,8,1,8,4,10,11,7,8,6,9,3,5,5,6,6,7,5,9,10,4,6,7,3,5,11,8,8,5,1,6,8,10,12,5,8,3,12,5,9,6,3,1,10,7,7,6,7,4,6,7,6,6,7,6,6,7,8,10,6,2,6,7,3,2,11,5,3,4,5,6,10,8,6,5,4,8,4,5,15,4,5,9,4,5,11,3,10,4,3,3,12,7,2,3,8,6,7,6,7,8,6,2,2,10,4,5,4,8,4,6,5,4,5,5,2,12,5,5,10,5,5,10,5,6,7,6,4,5,1,5,4,6,6,4,2,5,9,6,2,7,1,4,4,10,1,2,9,4,4,6,2,9,7,12,3,6,3,9,5,4,7,5,1,14,3,4,4,7,5,8,3,7,4,6,4,9,2,6,8,10,8,3,7,7,3,10,3,5,5,4,5,3,3,8,7,8,4,5,5,4,6,3,5,11,9,3,10,7,3,4,11,5,5,11,6,4,2,4,6,2,5,9,5,6,7,7,8,6,6,4,8,2,2,6,3,6,4,5,3,7,7,5,1,5,5,6,5,7,6,3,2,4,5,9,2,9,1,2,2,8,8,8,5,8,5,3,8,5,5,4,1,1,3,4,8,4,4,7,7,7,6,2,1,7,13,6,2,9,6,9,0,9,9,7,8,7,7,4,8,6,7,6,8,5,5,5,6,4,3,7,6,8,7,7,9,10,4,4,9,7,6,7,7,5,2,7,11,4,8,8,2,12,3,8,6,10,1,4,9,1,3,4,9,6,5,4,8,3,3,3,10,3,5,6,6,6,9,6,8,4,9,6,4,4,7,1,3,5,8,9,4,5,4,7,5,5,5,4,8,10,6,9,4,2,4,3,5,5,4,11,3,5,4,8,3,3,5,6,7,0,3,12,9,8,9,5,4,3,8,5,5,6,7,8,7,1,10,10,5,5,5,5,3,6,6,7,2,7,2,6,5,7,5,9,6,9,6,8,3,5,9,11,7,8,6,6,4,8,9,4,5,6,6,10,5,7,7,7,2,5,5,3,3,9,10,4,6,2,11,4,11,7,11,3,6,5,4,7,7,2,4,5,8,8,8,9,9,3,4,8,12,9,5,5,8,10,4,5,4,5,7,6,3,8,6,4,6,9,7,5,1,5,4,8,6,3,7,4,10,7,6,5,11,11,2,6,6,6,10,4,7,11,6,3,10,5,9,7,7,3,1,9,10,1,9,3,6,6,4,8,4,2,9,6,2,10,8,9,9,3,4,6,4,8,7,5,10,9,5,7,11,10,8,5,13,8,3,8,7,7,3,8,8,5,2,9,8,4,4,6,5,5,10,8,9,2,7,11,4,9,7,10,6,9,6,2,6,4,12,3,7,3,9,3,3,4,4,5,12,7,8,6,8,4,3,6,8,6,5,6,5,11,4,5,3,6,2,4,5.936,11.0057720061749,0.866227993825117
15,6,7,5,6,3,4,8,5,10,8,10,10,6,5,4,8,5,3,3,6,5,5,10,6,9,9,4,5,4,9,5,4,7,4,4,9,6,4,3,4,4,8,4,7,5,9,5,3,4,6,13,1,2,9,6,5,8,16,7,4,5,6,1,1,5,7,9,4,2,4,3,6,8,8,9,3,2,12,2,6,3,5,5,2,4,5,10,8,10,7,7,6,13,5,4,7,4,9,8,9,8,8,8,9,9,4,3,3,1,2,8,6,4,4,4,3,9,4,4,3,5,7,7,10,8,5,6,10,5,3,3,5,5,4,2,5,8,6,9,7,5,8,4,8,2,10,2,5,5,6,9,2,10,8,3,5,7,3,4,3,3,5,6,5,5,5,8,7,5,2,10,5,4,3,6,9,2,7,6,1,1,5,5,5,7,2,7,9,15,2,8,6,6,6,11,5,6,12,9,1,7,12,7,2,5,7,7,9,8,6,6,7,7,3,9,4,5,9,3,9,1,7,5,8,5,10,7,6,10,3,4,5,5,3,5,4,1,6,5,4,6,10,6,9,5,5,5,6,5,3,5,5,5,5,8,7,6,8,5,7,5,3,7,10,9,8,3,7,9,3,3,7,3,8,3,6,4,6,5,6,7,5,9,5,8,7,6,6,8,8,5,4,12,5,12,6,9,6,8,5,6,3,5,5,7,6,9,4,7,7,8,5,4,6,9,5,5,5,8,8,7,8,6,5,8,10,3,3,5,3,4,2,4,3,7,4,8,3,6,6,4,9,4,6,8,8,4,4,7,9,3,9,8,2,5,7,4,7,5,10,8,6,4,14,3,7,9,10,4,10,6,4,5,7,4,7,9,6,9,8,7,8,6,8,6,7,3,8,3,11,7,3,5,4,8,6,6,6,5,7,4,5,9,9,8,4,4,5,11,5,11,7,7,9,4,5,7,4,4,6,4,10,10,2,9,5,4,2,4,7,6,13,9,5,7,10,3,4,6,8,7,8,10,3,8,11,9,10,2,4,2,5,5,2,3,5,6,4,9,4,7,8,6,3,4,7,4,3,7,9,4,4,3,3,7,6,7,0,3,3,7,5,3,8,3,7,4,6,3,4,4,10,4,2,5,8,5,5,4,4,6,6,3,4,10,6,9,3,8,3,9,8,4,7,11,4,2,3,4,9,5,7,5,3,3,5,6,6,3,9,2,8,7,5,4,5,5,3,3,9,5,3,7,4,8,7,10,4,4,8,5,3,5,6,7,8,4,3,6,10,7,5,1,10,9,7,4,7,8,1,6,8,4,2,8,7,3,5,12,9,2,5,1,7,2,12,8,9,4,9,5,1,6,5,8,8,1,6,7,10,8,6,8,5,4,8,3,3,4,3,8,5,7,6,4,3,11,3,3,6,4,8,5,4,11,10,8,10,7,3,9,4,6,8,1,11,4,5,10,6,4,9,3,3,8,9,7,6,6,8,4,9,4,4,13,1,3,7,7,3,3,8,6,5,5,5,5,9,11,3,8,8,5,7,7,11,8,12,6,4,7,7,4,4,4,7,11,4,7,11,5,7,3,9,10,8,1,2,4,12,9,4,3,2,6,7,3,4,7,1,7,10,6,3,7,4,7,11,7,7,1,5,5,7,8,9,10,5,6,5,5,6,5,8,6,4,6,6,7,6,8,6,7,9,4,2,7,3,5,8,8,8,11,7,4,8,7,4,7,4,8,15,4,5,3,8,3,1,6,8,11,4,6,8,5,5,6,4,2,3,7,7,2,3,13,2,6,6,8,6,8,7,2,11,2,6,5,3,10,8,11,6,9,4,9,13,4,6,7,5,6,10,8,8,5,8,6,3,6,8,8,7,6,5,4,7,2,3,6,4,7,12,8,5,12,4,2,4,8,10,8,7,4,9,7,8,5,9,5,6,9,1,3,12,2,5,6,7,10,4,5,12,9,4,9,8,6,8,6,7,3,7,5,4,7,8,7,5,7,6,3,10,5,3,8,4,10,5,5,5,2,5,6,8,6,5,10,9,10,11,9,8,6,8,5,5,6,5,7,8,11,7,9,11,8,7,8,5,6,1,7,3,9,5,4,4,5,2,6,7,8,9,7,7,3,5,4,4,5,7,5,5,4,4,9,6,6,2,7,4,7,10,10,8,6,6,9,6,8,6,4,8,5,3,5,6,8,8,3,7,7,8,8,6,4,6,8,8,2,8,4,3,8,11,4,7,7,3,5,6,4,1,6,6,4,13,7,8,4,6.045,11.1235141987068,0.966485801293211
9,6,5,2,6,6,2,9,6,6,6,8,3,10,4,5,4,4,8,8,4,5,1,8,6,8,9,4,13,8,5,2,6,6,12,3,5,6,7,10,6,6,2,9,4,3,6,4,7,10,3,3,5,10,3,6,0,13,7,5,6,5,4,5,4,9,10,5,8,5,7,1,7,4,11,8,4,3,6,3,9,1,4,7,4,4,6,6,8,7,6,3,11,9,7,6,1,14,7,8,6,6,15,4,7,8,7,7,3,4,1,10,5,8,3,4,3,7,6,6,5,6,10,8,5,8,4,9,3,4,5,10,6,9,11,2,2,7,7,3,8,4,7,8,8,2,10,8,8,7,3,8,4,7,2,5,6,6,5,10,9,8,8,8,9,2,5,7,9,4,7,9,9,5,9,5,6,8,5,4,7,3,7,8,3,9,18,3,6,5,6,2,4,6,10,7,4,3,8,3,2,7,4,6,10,6,7,9,8,6,6,8,3,12,1,5,5,2,7,8,4,10,4,3,8,4,6,3,5,8,10,5,2,7,3,6,1,13,8,6,6,6,6,6,7,5,2,2,3,4,6,3,12,6,4,6,5,4,10,5,9,4,8,6,8,3,5,6,5,7,5,6,8,7,11,2,6,3,3,8,5,9,7,6,7,8,9,5,10,6,7,6,4,8,5,7,3,3,8,5,3,3,3,4,6,3,6,2,8,5,5,2,0,5,10,3,5,2,8,5,3,4,7,13,7,11,5,4,2,5,4,5,8,6,7,3,6,5,2,5,3,2,11,5,8,5,5,9,7,2,9,8,8,10,5,10,6,3,3,7,7,1,4,5,9,7,12,3,6,6,16,6,10,6,8,4,6,7,8,3,4,1,7,5,4,5,4,7,7,7,4,6,6,4,11,8,3,3,8,7,5,9,4,9,11,4,5,1,4,2,7,7,3,2,4,4,3,8,6,4,7,6,6,6,7,5,4,5,6,8,7,5,5,8,8,7,6,6,5,2,5,10,8,10,5,8,6,9,6,4,2,6,6,8,7,4,6,11,10,2,6,6,3,5,2,8,7,9,6,3,8,4,4,7,7,6,7,2,8,4,6,6,7,2,3,6,3,3,5,6,9,4,8,6,2,1,8,4,8,7,7,6,7,6,3,8,11,6,6,4,7,12,9,6,3,2,6,4,7,8,3,3,7,9,5,13,7,5,10,5,8,4,12,3,2,7,5,11,4,4,12,10,5,2,5,8,7,8,4,7,4,5,4,5,4,7,8,10,6,10,4,5,13,6,9,4,6,6,9,5,0,9,5,7,5,4,3,2,3,5,8,3,5,4,5,5,5,8,7,5,5,2,4,2,6,1,8,4,7,5,4,7,2,6,11,3,5,4,6,5,10,6,10,5,6,8,6,5,1,8,5,4,3,4,9,2,2,9,6,8,6,7,6,4,2,8,6,3,5,10,4,5,4,6,3,4,6,7,1,6,5,8,5,5,6,10,9,5,3,3,3,5,7,6,2,5,10,3,6,6,6,8,7,7,3,7,6,9,6,6,6,8,6,6,8,5,11,6,7,5,7,4,7,3,2,8,3,4,2,3,7,7,5,4,9,0,5,4,3,5,3,6,4,6,5,7,1,6,2,3,8,6,6,10,8,2,10,4,6,9,2,4,8,4,4,9,3,6,8,5,9,7,8,8,4,14,6,8,7,4,1,9,4,9,9,4,4,7,7,2,6,5,7,4,9,8,4,10,9,8,7,5,6,5,7,4,7,6,12,4,11,10,4,4,4,6,5,3,4,6,6,4,9,15,3,7,10,9,5,8,6,8,8,4,4,4,5,4,3,12,6,6,8,7,1,6,9,9,7,7,3,5,6,5,7,8,6,5,8,7,8,4,8,6,8,7,5,8,3,11,14,9,5,5,4,4,13,2,12,9,8,5,4,7,5,8,11,3,3,9,10,8,5,4,7,0,6,5,8,4,8,6,4,6,8,3,6,9,7,11,10,5,5,3,4,5,5,11,5,6,8,5,5,5,6,3,8,6,6,4,5,8,7,7,11,6,4,2,5,4,8,8,3,4,5,6,5,7,5,4,4,10,7,2,2,5,8,6,8,5,4,7,7,11,3,5,6,8,8,6,5,8,7,4,10,2,3,4,4,7,5,6,0,8,5,8,10,4,11,4,5,8,8,8,3,9,7,13,6,7,5,8,8,2,6,4,6,4,7,2,6,6,5,7,11,7,3,6,7,4,8,9,4,1,3,8,8,4,8,6,5.96,11.0602089340704,0.859791065929642
7,5,7,8,9,3,8,6,2,10,10,8,7,9,6,8,4,4,5,8,6,3,2,8,5,10,7,5,10,4,10,4,3,2,4,5,5,6,7,6,8,3,4,8,7,4,4,2,9,4,3,5,8,4,8,1,5,5,9,5,10,6,4,7,7,6,2,6,6,4,3,6,6,4,9,4,6,10,8,3,6,5,8,6,11,6,10,6,4,5,6,8,7,7,5,7,4,10,11,6,5,7,4,5,3,6,12,7,5,5,4,3,6,6,3,2,8,10,6,3,14,7,6,6,6,4,5,3,8,4,10,5,5,1,8,8,8,6,5,8,5,7,4,7,10,6,7,6,7,9,7,6,2,7,6,8,3,7,4,7,5,7,6,3,7,7,2,3,9,8,6,6,2,1,2,6,4,4,2,7,6,5,6,7,5,8,4,7,5,7,4,5,8,7,6,5,11,7,5,4,4,4,5,5,6,8,6,10,6,6,6,2,6,9,5,6,8,2,4,6,4,8,4,1,5,6,10,8,6,3,8,2,3,2,3,4,10,4,9,2,10,8,4,4,1,4,7,9,11,7,6,2,7,7,4,4,8,5,6,10,4,8,4,7,4,3,5,1,8,5,5,5,9,5,6,1,5,4,6,10,9,6,7,8,8,7,8,9,5,8,7,2,6,9,3,6,3,8,7,9,3,5,4,7,8,6,5,3,6,9,8,7,4,3,8,7,2,4,9,8,4,9,5,3,5,4,2,4,5,6,7,8,7,3,5,9,10,8,7,6,4,5,6,5,1,3,8,4,12,4,10,6,5,3,5,12,4,3,10,7,8,5,7,6,5,3,6,3,7,7,5,4,12,3,11,9,7,6,5,5,3,6,13,7,3,5,7,4,8,5,2,6,3,5,10,7,2,5,3,5,3,6,2,4,4,6,11,7,3,4,4,6,7,6,1,4,5,4,9,3,6,11,7,10,3,3,6,7,11,8,1,6,5,6,3,5,4,5,3,6,7,4,5,6,5,9,7,6,7,8,7,8,7,6,3,1,7,10,6,4,5,4,5,8,3,9,4,8,10,2,4,1,9,7,7,4,3,13,3,12,10,4,2,4,5,2,4,5,7,3,2,4,9,5,2,3,3,7,2,7,9,9,9,5,4,7,7,7,5,4,6,8,7,4,5,10,8,4,3,8,5,6,14,5,1,13,7,5,8,8,4,7,4,3,7,11,4,9,4,4,7,6,6,10,9,6,6,9,8,7,8,5,8,4,10,1,6,11,3,9,11,8,9,10,7,7,8,2,5,4,4,16,7,8,4,4,6,7,3,6,12,2,7,8,6,2,10,7,7,6,6,5,3,4,3,4,9,9,9,4,10,4,6,6,10,5,6,9,3,5,6,3,7,5,4,7,5,4,3,6,1,8,4,5,4,6,5,12,4,6,1,5,6,2,4,4,11,3,3,6,6,10,5,6,5,4,8,6,2,5,9,6,9,3,4,4,9,8,4,8,5,7,10,4,3,4,8,2,4,10,4,3,5,6,6,10,1,6,9,6,7,5,2,6,7,8,6,5,5,2,7,6,11,7,10,5,4,4,3,8,8,4,8,5,5,3,5,8,9,3,6,12,3,3,6,6,7,7,12,6,6,3,4,14,4,5,4,8,4,6,5,3,10,6,7,5,5,3,14,5,11,5,9,6,6,11,10,5,8,6,7,10,4,7,11,7,11,4,2,13,4,6,3,5,6,2,10,9,7,9,8,5,8,4,9,5,8,4,5,4,7,6,5,6,3,4,6,5,6,8,4,7,7,8,9,4,8,4,6,5,9,8,9,5,7,7,3,3,4,4,6,3,4,7,7,3,4,5,6,4,8,4,7,7,7,2,4,8,6,6,6,6,5,3,11,2,7,11,8,4,7,18,6,10,11,2,6,4,5,5,2,11,5,6,1,1,6,6,4,8,6,4,7,10,7,6,4,9,5,9,9,7,4,4,7,4,4,9,7,12,7,5,6,9,9,11,8,7,5,6,6,3,4,5,5,9,9,3,3,3,2,8,8,6,2,5,4,7,6,8,5,6,5,5,6,3,10,3,8,5,2,7,4,6,4,8,5,7,4,6,9,3,8,4,6,4,7,9,7,2,4,4,0,5,5,7,3,6,2,4,5,9,6,6,7,12,3,4,7,8,5,6,8,11,7,3,6,6,6,5,8,9,5,9,7,6,5,7,7,4,11,9,7,13,4,9,6,5,4,6,7,6,4,7,5,7,7,7,3,8,5.968,10.9293107144792,1.00668928552083
4,5,4,7,7,8,3,5,5,8,10,5,9,13,8,8,6,4,7,7,12,5,9,8,7,11,7,5,9,5,6,7,5,8,3,15,6,4,10,7,7,8,3,7,4,7,5,7,4,9,3,6,4,5,6,2,4,7,7,9,4,3,2,5,4,5,4,5,15,4,5,5,5,4,6,6,5,4,4,3,4,4,6,9,5,5,6,13,7,4,12,5,3,6,6,2,2,0,9,6,9,2,7,6,7,6,12,4,6,5,6,2,3,6,8,7,3,4,7,7,6,3,7,8,6,6,6,7,4,7,4,4,4,3,10,5,2,4,6,8,4,5,6,8,9,7,11,6,6,5,2,7,5,10,6,6,5,8,7,3,7,5,5,13,5,5,5,3,4,11,8,5,6,8,3,8,14,4,5,11,8,5,6,4,6,6,12,5,8,8,4,8,2,7,9,9,9,9,11,11,9,9,9,6,6,2,11,5,7,7,7,7,8,7,9,6,4,4,6,8,6,4,6,7,3,10,11,3,8,3,8,3,1,6,2,6,7,5,4,9,11,4,13,7,3,6,7,3,7,5,5,2,3,5,4,0,6,12,7,9,5,4,5,3,11,11,6,3,5,8,8,2,8,6,8,4,5,4,7,10,7,5,8,5,4,9,8,6,8,7,3,6,2,9,9,6,5,5,6,8,2,7,10,4,2,4,12,3,5,8,4,6,4,5,5,4,4,6,10,4,4,4,4,3,6,10,11,8,2,6,8,3,3,4,9,11,2,9,3,6,4,3,7,4,4,5,2,9,3,1,5,7,1,8,1,3,4,2,3,4,6,7,8,5,8,6,4,6,6,5,7,7,5,7,6,2,9,7,1,9,8,8,5,5,3,3,8,7,4,5,3,2,4,5,8,7,5,4,6,6,4,3,6,5,9,5,2,7,6,15,8,11,6,1,13,6,1,9,5,7,5,8,12,6,4,11,7,5,8,5,3,9,4,10,4,8,5,7,4,8,7,6,7,10,2,9,7,3,4,5,9,10,6,6,4,5,3,5,5,7,5,7,5,9,2,8,6,4,7,8,7,8,5,6,5,3,4,11,1,4,6,6,4,3,2,6,4,1,7,7,6,4,4,7,6,8,7,8,6,1,6,7,3,5,8,10,10,5,5,2,5,5,7,11,7,5,5,5,5,5,4,3,8,4,7,10,4,5,8,4,13,6,6,4,5,5,7,7,8,5,10,7,6,11,10,13,6,5,3,7,6,2,5,6,7,2,7,6,2,9,9,10,7,5,4,9,4,6,1,4,3,4,5,4,1,13,10,6,4,2,7,4,7,7,5,9,7,4,5,9,4,6,3,2,1,7,4,3,5,7,9,7,6,1,10,5,6,4,5,3,6,4,6,9,6,5,5,9,6,2,3,5,8,5,10,5,8,8,6,8,4,2,7,5,3,5,4,5,5,12,5,6,4,8,4,1,9,3,9,6,4,7,12,10,8,7,7,9,4,7,6,7,8,4,5,2,2,6,4,14,5,8,5,3,10,5,6,5,7,7,8,2,3,6,6,2,9,5,5,5,6,1,3,11,5,8,7,5,2,4,5,7,2,9,7,2,6,4,8,7,8,5,2,11,4,5,8,10,8,3,7,7,2,7,4,9,3,4,6,9,7,5,4,1,6,6,6,4,9,8,7,8,3,6,5,10,10,8,5,13,6,6,3,5,2,11,6,8,3,2,5,5,3,5,10,7,4,4,6,6,8,4,7,3,7,8,5,7,9,6,3,4,7,3,5,12,5,3,3,3,9,5,10,7,13,2,6,7,7,9,7,7,4,6,10,5,7,8,8,7,4,6,4,8,2,5,3,9,2,5,3,3,6,7,5,7,5,1,6,7,8,12,6,5,11,6,8,7,3,6,6,6,6,6,8,5,3,7,6,7,7,10,3,3,4,7,9,5,3,9,4,7,2,3,7,10,5,2,5,8,3,7,4,8,5,3,6,8,4,9,8,7,6,3,6,8,7,6,2,6,4,2,5,4,3,5,6,5,6,6,10,6,6,7,6,7,3,7,7,5,7,11,10,4,7,6,6,10,4,9,4,3,7,4,3,7,5,5,2,5,3,10,9,8,3,5,5,9,6,4,5,3,7,10,5,6,6,5,4,5,7,13,12,4,5,3,4,8,4,2,8,1,4,7,10,4,7,5,5,3,8,6,5,4,4,9,8,10,6,3,10,6,5,5,13,9,6,5,5,12,5,9,3,6,2,3,9,10,8,5,5.961,11.0199802735144,0.902019726485606
6,5,7,7,7,7,3,13,7,9,6,9,6,5,7,5,4,8,7,3,4,8,3,8,3,6,6,6,14,8,8,5,4,9,1,11,6,4,9,1,7,10,2,4,9,7,5,2,6,5,4,6,5,6,5,3,6,7,8,5,10,7,7,3,5,5,3,8,7,2,5,6,2,4,7,18,6,5,7,5,6,5,5,7,8,7,2,7,11,9,4,8,5,8,7,4,2,10,4,6,6,7,7,12,9,6,4,6,3,4,2,7,5,5,1,3,2,4,5,5,5,10,4,9,7,7,5,9,1,3,7,5,8,7,4,6,3,6,7,7,3,5,5,4,7,4,13,5,1,6,9,9,2,11,5,5,8,6,8,4,8,8,8,12,4,4,11,8,7,4,3,1,2,7,2,5,13,8,5,8,7,5,7,7,4,5,6,2,9,8,5,9,5,5,16,9,6,10,7,9,5,4,5,5,12,4,6,2,2,11,5,13,2,9,6,11,8,2,7,8,8,10,4,7,5,3,6,7,4,6,6,5,4,4,8,10,11,2,6,2,11,6,6,8,7,5,4,5,6,7,2,6,2,5,9,6,4,5,6,5,8,5,4,10,10,10,5,5,3,8,5,5,7,4,6,4,2,6,6,2,5,3,7,10,9,4,10,5,8,11,9,6,4,3,7,13,8,4,3,5,3,7,2,4,6,6,8,9,9,1,7,7,4,8,7,7,2,4,6,4,2,7,8,10,4,6,9,5,5,8,5,6,4,4,9,7,3,6,6,6,5,7,11,8,5,6,6,2,6,4,9,8,6,7,8,5,5,7,3,4,8,6,5,7,9,4,8,3,4,8,6,3,5,4,5,2,7,10,3,5,5,5,7,10,3,12,12,8,5,7,4,2,3,7,12,3,5,7,5,2,8,10,5,7,4,7,8,6,3,10,8,6,7,8,5,3,3,2,6,8,12,6,5,9,7,6,2,7,6,8,9,7,4,10,3,6,9,3,2,4,8,5,6,12,7,7,12,9,10,2,5,3,7,10,2,6,7,10,3,4,5,7,6,8,6,9,5,6,6,6,7,7,9,5,3,5,4,11,4,5,4,6,8,8,9,6,7,9,4,6,5,4,5,3,2,6,4,8,4,4,7,8,7,4,3,7,6,6,4,4,9,7,7,7,4,7,3,6,2,12,3,3,8,5,9,9,5,8,9,4,6,5,3,5,7,7,6,4,5,5,12,8,5,7,2,8,6,4,5,4,6,3,5,7,9,5,4,4,3,7,5,2,7,6,7,5,6,9,2,8,5,5,7,9,5,7,3,5,7,7,5,4,5,7,7,5,3,5,6,7,10,8,8,2,5,4,4,2,12,4,4,8,3,5,8,6,9,6,4,4,5,4,9,4,3,12,2,3,5,9,5,7,8,4,4,10,3,7,12,6,5,4,5,3,5,3,7,5,4,4,6,10,4,1,1,6,8,5,3,6,3,7,6,6,6,3,6,4,6,6,4,5,2,12,5,9,5,6,6,8,6,2,10,6,5,7,7,7,2,2,6,2,5,9,11,5,7,7,8,10,4,4,3,5,4,15,13,8,3,3,9,8,6,3,8,2,7,4,4,10,8,3,4,5,8,4,3,9,10,2,7,2,5,7,4,4,9,1,5,7,2,7,5,3,7,9,3,8,2,7,6,4,4,4,10,4,3,8,8,4,8,13,8,7,7,7,4,5,3,10,6,3,3,4,13,10,5,6,6,7,9,7,3,7,2,5,7,7,6,1,9,4,5,5,3,4,1,7,3,8,1,5,6,10,8,4,7,6,4,8,9,7,13,8,1,8,8,4,3,5,6,5,10,4,4,5,9,9,4,7,5,5,7,7,6,6,2,5,5,9,8,5,10,5,9,6,8,7,7,6,13,7,2,8,7,3,4,6,18,6,5,6,4,5,4,5,4,4,1,4,8,5,7,6,7,5,13,8,3,12,5,1,7,8,6,6,7,4,6,7,9,5,4,6,9,7,6,8,7,9,5,3,5,6,4,7,4,11,8,4,7,9,10,9,4,5,4,6,2,6,15,7,4,6,6,6,8,8,4,10,7,10,4,11,8,4,5,6,7,5,4,6,5,4,6,6,8,6,3,5,6,2,3,9,2,3,3,5,6,5,5,7,8,7,8,5,10,1,4,8,2,7,5,10,3,4,7,4,7,4,6,8,6,9,6,7,5,6,9,11,12,10,8,7,9,11,2,4,8,3,8,4,1,3,4,5,4,11,9,5,6.02,11.1402254705109,0.899774529489093
7,5,2,8,6,4,1,6,7,4,7,12,4,4,4,5,6,5,5,6,5,7,2,6,11,3,6,5,10,5,8,13,6,3,7,4,8,5,8,6,6,7,2,7,7,4,8,6,11,9,5,8,7,7,6,5,3,7,8,6,8,8,6,5,7,6,4,4,4,4,6,9,8,5,8,7,4,6,8,3,8,2,10,8,2,6,4,7,7,10,7,7,9,3,6,6,7,7,11,5,5,5,10,0,14,9,5,5,3,3,3,5,10,7,4,3,8,5,6,4,11,5,8,8,2,6,2,5,10,7,8,6,8,8,5,2,3,1,9,3,6,5,6,5,4,4,12,9,12,4,5,5,5,8,2,8,4,7,4,7,6,10,6,6,6,3,5,6,4,6,1,10,5,5,2,1,3,6,3,9,4,3,1,10,5,7,6,1,4,5,6,4,4,5,2,8,8,6,4,8,5,8,7,6,4,8,6,10,6,5,6,10,5,7,2,4,4,3,4,2,6,5,4,7,12,6,10,4,7,8,4,2,6,6,5,9,2,9,8,4,5,4,6,3,4,5,3,5,7,7,4,1,6,1,3,6,10,7,6,7,6,10,2,6,2,7,7,3,4,7,4,8,6,5,3,3,5,5,3,1,7,4,5,7,5,4,8,6,5,6,7,3,4,6,6,9,4,6,4,13,4,6,5,4,8,7,6,7,6,3,7,6,7,6,10,3,4,5,8,3,7,4,13,5,6,7,9,1,1,2,10,7,5,2,8,7,14,4,4,12,4,0,8,2,7,5,6,3,4,4,9,8,9,4,7,8,6,5,6,8,7,6,7,6,6,5,6,10,12,4,4,5,13,4,11,4,3,6,8,5,7,1,1,9,5,2,9,2,4,3,5,7,6,5,6,4,5,3,8,8,6,9,3,3,5,2,9,4,7,9,6,8,7,5,8,5,8,4,4,8,4,6,13,11,3,4,11,7,7,5,11,8,4,7,4,7,10,4,3,4,8,6,4,7,6,10,8,6,9,4,6,6,10,3,2,1,3,7,3,6,4,6,5,6,6,4,6,2,3,12,9,5,2,5,9,8,6,5,5,9,6,6,12,6,4,7,8,8,5,8,2,4,10,6,6,2,8,6,3,7,11,5,2,9,7,5,8,4,1,6,4,5,9,4,2,5,7,6,6,8,3,7,9,1,4,7,6,7,7,7,5,5,7,8,6,8,5,9,5,1,15,7,5,3,11,9,9,4,3,8,5,7,6,5,7,4,8,9,6,8,5,3,6,8,1,8,10,3,7,7,5,5,6,4,4,5,5,8,8,11,6,5,4,6,5,4,11,6,3,3,9,3,7,2,11,5,9,2,5,7,5,5,6,5,6,3,7,3,4,5,8,5,6,7,7,4,4,6,4,5,5,8,8,10,4,7,6,11,9,7,6,4,4,0,2,7,6,5,6,12,7,7,3,1,9,2,5,6,4,5,6,6,4,3,5,4,13,5,3,9,1,7,4,8,3,6,6,9,5,9,3,7,6,5,7,7,4,4,8,5,8,5,5,8,8,4,9,4,7,9,7,1,10,10,3,6,4,8,3,2,9,4,8,4,4,5,5,5,6,5,3,9,4,3,4,8,5,7,7,4,3,8,7,10,5,6,2,13,4,9,7,2,9,7,5,9,6,11,4,4,7,7,9,5,7,7,9,9,5,9,3,4,6,8,5,8,6,11,6,5,5,8,5,9,5,5,6,10,8,2,5,8,6,4,2,6,5,5,6,7,5,3,2,4,4,9,4,5,4,6,4,5,6,6,7,8,11,5,6,6,6,9,5,11,4,3,12,6,2,8,4,11,6,4,6,6,11,2,4,6,6,11,3,7,7,8,7,4,6,2,5,3,5,3,9,3,8,8,6,7,6,7,7,6,3,7,5,8,8,4,4,10,3,6,3,3,13,2,6,8,4,7,8,7,7,8,9,3,8,0,6,7,8,7,5,11,6,5,3,8,7,7,6,7,6,3,2,4,4,9,3,2,4,5,4,4,8,5,9,6,9,8,4,11,10,5,9,3,4,4,5,8,6,1,7,7,7,11,5,2,6,7,4,5,1,2,4,6,5,8,5,6,6,8,5,1,4,4,3,14,5,5,7,5,3,6,5,7,6,7,9,6,6,7,3,7,7,4,2,4,11,8,8,4,7,18,6,9,9,10,6,6,7,4,4,7,7,6,9,3,6,4,7,8,9,6,3,9,5,5,8,8,2,8,3,8,8,8,3,3,5.908,10.8726269767847,0.943373023215287
10,5,7,5,5,5,4,2,6,6,11,5,9,7,6,5,7,4,8,10,9,1,4,6,6,7,7,8,6,5,8,5,6,6,3,12,6,8,7,8,10,2,3,10,6,4,9,5,5,8,8,6,5,4,4,4,4,6,7,11,5,5,7,5,3,6,9,7,7,5,5,4,6,3,8,8,4,1,4,4,6,5,8,8,6,5,11,5,4,11,10,9,8,9,6,6,2,3,5,10,3,9,11,10,5,3,5,4,3,4,7,7,14,5,4,3,5,10,8,7,4,5,2,6,8,5,3,6,3,10,9,4,7,1,9,6,7,9,6,7,3,6,3,6,8,4,6,3,7,5,6,9,7,4,0,6,1,4,6,7,11,10,5,3,6,6,6,8,10,9,8,7,5,7,2,4,9,7,5,5,2,7,4,2,5,11,7,7,8,8,5,5,7,9,6,10,6,8,5,7,4,3,5,7,7,6,3,8,4,9,8,8,6,6,5,5,7,6,6,11,7,7,5,6,5,6,4,6,5,6,6,7,10,6,3,6,3,3,8,2,7,4,8,8,6,6,5,9,4,5,3,2,7,9,5,3,3,6,5,10,4,4,3,7,7,10,4,8,7,5,8,5,15,7,3,5,5,4,4,5,7,4,3,7,8,8,8,4,7,10,4,4,9,10,7,7,2,7,9,6,5,9,8,9,4,9,7,5,2,4,5,8,7,4,4,6,4,1,7,5,2,3,8,7,3,3,3,4,4,7,3,7,3,6,8,3,8,7,6,7,4,3,3,5,6,5,11,12,5,5,4,3,6,6,4,3,2,5,3,2,8,8,4,6,6,5,3,5,6,6,15,6,6,6,7,4,4,6,12,4,6,7,6,1,3,7,7,8,3,3,6,5,2,8,3,6,4,6,6,5,2,7,1,5,4,6,12,7,9,4,5,6,7,0,6,3,7,7,3,7,1,8,7,6,8,6,8,10,7,4,5,8,9,6,7,5,4,3,7,7,2,3,5,13,7,9,5,5,9,3,4,7,7,3,7,4,2,8,3,4,12,6,7,10,6,7,4,2,4,5,7,9,7,4,4,9,8,11,7,10,5,7,5,5,4,8,7,11,9,2,7,7,7,5,4,3,7,7,9,7,7,8,7,3,6,5,9,9,3,4,7,6,8,3,7,8,4,6,9,9,3,7,9,8,5,12,6,5,3,8,6,7,6,7,10,9,8,6,9,7,8,8,6,6,6,13,4,7,8,4,6,5,4,2,9,6,6,6,4,2,5,6,7,4,0,2,7,3,5,11,4,6,4,3,5,5,8,8,4,5,5,4,6,8,6,0,8,7,4,8,4,5,7,2,5,8,9,4,8,6,5,12,7,4,6,6,7,7,4,1,5,2,8,2,3,9,3,3,8,5,2,5,5,3,4,5,11,9,6,4,4,3,7,9,3,7,8,7,6,11,2,5,8,7,7,7,7,3,7,5,3,9,8,6,4,9,8,6,5,8,6,6,7,3,5,10,6,7,4,9,5,7,5,6,3,4,5,4,3,8,4,12,3,5,3,6,3,4,11,5,8,2,5,1,8,7,10,2,10,3,4,6,5,6,4,5,6,4,3,3,6,14,5,6,8,6,10,9,9,3,10,9,2,14,4,7,5,6,8,3,4,2,7,6,7,6,5,4,9,5,8,9,8,8,11,4,8,3,6,11,6,8,3,9,4,5,8,2,2,9,6,8,5,7,12,3,5,12,14,4,4,9,4,3,5,9,8,4,8,3,11,6,4,5,5,11,4,4,7,6,2,5,8,6,1,4,11,5,3,12,9,9,13,4,10,6,3,3,8,6,9,5,3,6,2,2,3,12,9,6,8,6,8,6,6,1,4,6,7,6,6,4,10,6,16,4,4,4,7,7,9,7,8,3,4,2,9,7,5,3,5,12,7,3,6,2,7,6,4,6,3,10,6,4,10,5,5,7,4,7,8,4,7,7,6,2,9,6,8,8,9,7,5,10,8,10,8,4,8,5,7,1,3,6,9,5,3,6,7,5,9,6,6,7,4,5,5,6,7,4,8,6,4,4,8,7,9,6,3,3,2,8,2,4,8,8,3,11,8,5,8,10,5,7,7,5,6,8,4,3,1,4,5,6,8,4,8,7,8,10,4,11,0,2,2,6,9,6,4,8,9,7,3,7,8,7,10,11,4,6,10,8,6,5,9,4,3,8,7,3,6,3,4,5,3,1,6,9,4,5,9,6,5,6,6,5,3,8,2,6,5.997,10.9451225269937,1.04887747300633
8,8,7,2,5,5,4,9,3,11,9,2,10,9,5,7,4,4,6,9,10,7,6,8,6,12,9,7,8,4,5,4,4,6,4,10,6,3,5,3,3,9,1,5,7,13,4,5,6,2,3,3,7,2,5,3,4,9,6,5,12,1,4,6,6,7,6,5,4,7,7,7,7,4,6,15,4,6,8,2,7,8,4,11,7,8,9,12,6,9,8,8,8,3,6,4,5,8,4,7,4,2,7,8,5,7,16,6,2,4,1,8,5,7,6,3,3,8,4,5,8,6,10,4,4,6,7,11,9,8,9,6,5,4,4,5,2,5,10,5,3,7,6,3,7,4,7,5,2,5,5,18,2,6,2,4,4,6,5,4,5,6,10,7,6,7,5,9,9,6,6,8,8,8,5,6,5,11,3,5,3,6,1,6,1,9,4,4,7,8,9,5,5,7,7,3,5,4,6,5,15,6,7,10,4,5,9,4,6,5,7,8,3,10,4,5,4,2,7,9,4,8,6,4,7,7,12,7,7,3,5,4,2,2,4,10,4,4,5,6,4,8,7,8,6,4,8,4,8,2,8,4,6,5,9,1,6,7,4,2,8,4,4,6,2,8,2,6,2,3,6,5,8,13,7,2,4,5,5,7,3,5,7,5,8,7,2,6,9,5,5,5,2,8,5,8,8,5,3,9,2,10,6,4,4,6,10,8,11,8,9,9,8,3,4,6,3,4,6,10,5,6,5,6,4,9,1,7,5,8,8,8,6,8,10,5,4,2,4,5,9,6,11,1,3,11,7,8,5,8,8,5,9,4,4,6,2,2,6,2,10,5,8,8,7,7,9,6,14,6,6,4,4,8,5,5,5,3,6,7,5,9,8,5,6,8,6,7,5,3,5,2,10,5,10,7,6,6,6,7,8,3,6,12,10,4,9,4,6,10,8,3,8,4,8,6,2,8,5,6,6,8,8,4,4,5,9,10,6,5,6,5,5,8,7,7,10,6,4,7,3,5,9,10,1,6,6,7,8,4,8,12,2,5,3,2,4,7,7,8,5,8,6,6,8,5,8,7,5,9,3,8,6,11,10,6,5,6,3,12,6,6,6,3,7,2,1,6,5,5,9,5,9,3,9,5,5,12,4,5,6,6,7,4,8,5,4,13,5,4,7,5,6,5,7,6,0,11,8,4,3,5,5,5,9,6,6,7,7,6,5,13,5,3,5,5,7,9,4,2,9,7,6,6,7,8,4,9,6,5,9,8,6,7,5,10,6,5,5,5,8,7,10,10,9,9,6,5,6,6,4,9,11,5,6,8,8,7,3,6,13,3,11,4,10,5,8,2,6,5,6,6,3,7,9,3,2,3,4,6,6,5,4,3,12,6,7,5,5,6,6,2,9,3,4,8,2,5,5,11,5,6,5,2,4,4,4,8,4,12,2,4,6,8,9,4,7,4,8,2,7,7,1,5,3,4,8,2,6,6,2,9,5,7,6,6,2,1,5,7,6,3,6,6,5,6,5,9,5,7,5,7,5,4,4,8,4,7,8,7,6,5,5,5,6,6,6,8,6,8,2,4,4,4,8,7,7,5,7,2,8,8,8,8,5,4,3,5,15,6,1,2,4,5,3,7,8,6,1,4,10,6,5,7,9,3,7,5,3,8,7,2,6,5,3,1,4,2,4,4,4,5,6,4,5,5,7,2,7,5,5,15,2,6,7,3,4,6,9,4,6,6,5,4,9,6,7,6,10,4,8,6,7,7,6,13,6,6,8,3,13,7,11,5,1,10,2,4,4,8,7,6,4,6,14,3,2,7,6,5,5,6,6,9,2,7,9,3,6,5,6,5,3,6,10,5,1,3,5,3,8,5,5,5,4,3,4,5,8,3,4,9,7,4,11,4,5,7,3,5,13,16,4,6,7,3,7,5,6,3,9,9,5,4,6,12,9,3,1,5,7,7,9,7,4,5,9,6,5,10,5,6,5,9,11,10,7,8,4,11,1,6,2,2,7,8,5,4,5,8,6,5,5,3,7,5,4,3,9,3,9,2,4,12,7,3,6,5,8,7,5,4,10,3,9,8,5,6,2,3,7,8,4,9,2,7,11,7,4,4,4,6,4,9,7,9,8,8,8,6,9,3,7,10,7,6,6,4,4,7,5,6,5,2,3,8,11,3,7,7,9,4,7,6,11,8,4,8,9,3,6,7,7,9,5,5,8,6,8,4,10,6,8,4,7,4,4,5,7,9,8,3,5,8,4,6,4,6,10,3,6.005,11.0774529903528,0.932547009647189
4,8,4,11,11,9,4,6,3,9,5,10,5,8,10,7,7,3,3,3,7,8,7,4,7,8,7,8,9,6,4,8,6,5,4,3,5,8,2,5,6,11,4,13,5,9,3,9,7,2,4,8,5,8,1,4,7,8,8,12,8,8,7,3,9,1,9,6,7,5,5,6,2,7,6,5,4,8,4,3,4,2,5,7,4,7,6,9,9,10,10,3,9,10,5,5,6,3,9,4,7,3,7,3,9,3,7,4,8,2,5,4,8,6,3,1,6,12,12,4,8,6,4,10,9,3,6,9,4,3,6,4,9,5,3,5,4,8,8,10,5,8,8,6,9,6,11,0,7,4,5,7,6,4,6,11,5,3,10,3,6,10,8,12,4,3,6,8,6,7,6,5,5,4,0,6,5,3,5,9,7,5,5,6,4,7,11,5,4,8,8,4,6,5,8,6,6,6,11,11,5,6,8,11,10,11,8,6,5,9,10,5,7,8,8,4,3,4,8,3,5,2,6,6,8,6,8,9,8,5,8,2,2,10,9,6,8,4,6,6,7,2,5,8,2,8,3,6,7,10,5,7,7,5,4,5,11,4,3,12,7,8,3,5,6,5,6,5,9,4,5,12,10,4,5,8,5,3,3,4,4,3,10,13,4,3,9,6,3,5,11,5,3,8,5,11,6,7,2,5,1,9,5,6,5,7,10,7,8,4,6,5,7,5,4,1,3,4,6,3,7,11,8,8,4,7,5,8,4,9,6,4,4,7,2,7,9,12,7,3,8,5,8,6,4,4,9,5,6,8,3,9,1,9,4,8,8,6,8,3,15,9,6,6,7,6,8,3,5,3,7,9,6,1,4,3,4,7,3,12,5,7,8,8,8,1,7,11,4,5,3,7,4,10,6,6,7,6,6,6,6,12,6,6,6,5,7,10,3,8,3,7,6,4,1,5,4,6,3,8,5,6,5,7,6,8,4,7,6,5,4,6,5,5,5,5,5,5,4,8,8,5,6,4,9,12,7,1,5,2,6,7,6,9,6,5,9,6,8,4,3,5,8,9,8,5,6,2,5,8,7,9,5,6,5,6,3,9,2,7,9,7,6,7,6,10,6,7,11,7,3,4,10,8,8,8,6,1,2,8,6,3,5,3,8,9,10,3,9,5,5,2,1,1,6,9,4,5,4,6,3,5,6,5,12,7,4,5,10,5,8,3,3,5,5,5,4,9,10,8,8,5,4,8,4,2,7,4,4,4,8,5,9,4,9,2,7,12,3,11,6,4,8,9,5,7,10,9,5,1,5,10,5,6,5,5,4,7,6,8,5,5,9,6,3,2,2,5,9,8,7,10,3,3,5,9,6,4,6,8,11,9,9,5,7,7,3,10,5,4,5,3,8,9,6,4,3,5,6,6,6,4,5,3,4,7,3,3,7,7,4,3,7,6,2,3,11,2,5,7,10,6,3,9,5,3,8,5,4,4,4,7,7,4,11,1,5,8,10,2,4,6,4,7,4,5,12,5,7,8,5,7,5,4,4,11,4,9,7,8,4,5,3,11,5,9,8,7,2,9,9,4,5,6,5,9,4,9,5,5,5,7,8,4,6,2,7,7,4,3,7,4,1,10,8,10,11,8,7,8,5,4,5,12,9,5,7,10,1,7,7,7,4,5,4,6,4,7,8,8,9,4,7,3,4,6,5,7,7,12,7,8,4,6,2,8,6,6,6,6,6,5,4,5,8,4,8,3,9,3,10,9,5,3,3,5,6,8,5,3,6,2,5,2,4,4,3,3,4,7,6,8,4,8,7,5,9,5,6,9,6,5,13,9,3,7,7,6,4,5,4,2,8,6,7,5,2,3,0,3,5,4,5,8,2,4,2,4,5,5,4,6,4,4,9,4,8,9,2,5,12,9,5,2,4,6,2,5,8,7,12,6,8,4,4,4,7,6,2,9,8,9,2,5,4,5,5,5,7,3,7,5,3,7,7,6,5,5,7,10,6,7,6,3,12,6,7,7,4,8,6,1,2,5,6,3,7,9,4,2,5,5,4,11,4,7,7,4,5,8,10,9,3,3,5,5,9,6,3,5,5,4,5,6,3,6,5,8,4,4,7,3,6,5,3,4,5,2,6,1,8,2,9,15,3,6,5,7,3,9,5,9,4,7,6,5,10,5,5,7,4,3,11,7,5,8,10,5,5,6,11,4,10,9,6,9,10,7,8,5,4,10,6,7,10,6,2,5,10,3,2,7,1,2,5,3,12,8,2,6,5.991,10.9855062942721,0.996493705727876
4,5,7,3,4,9,10,11,10,10,3,7,4,7,7,6,9,4,3,6,6,8,8,6,8,7,8,3,12,5,11,8,3,3,5,7,5,10,9,10,9,8,2,10,9,5,4,4,6,4,5,6,3,5,8,7,4,9,9,4,7,3,5,6,6,7,6,5,6,2,4,2,5,5,13,7,2,4,3,5,7,4,10,7,5,9,7,5,7,8,12,3,11,6,5,7,8,5,3,2,4,6,11,6,7,7,7,10,7,3,9,3,10,2,7,5,4,7,6,6,5,8,10,6,5,6,4,7,4,7,7,5,9,6,4,5,3,6,5,5,4,7,15,3,8,7,11,7,6,2,6,10,7,8,3,3,5,4,6,3,1,11,1,15,4,4,7,8,3,6,7,10,1,3,5,2,8,3,3,8,7,5,6,15,5,5,5,3,7,7,3,3,8,5,5,3,5,3,13,10,8,14,4,6,9,6,7,7,9,8,1,10,9,8,5,4,2,1,7,3,11,7,6,5,8,10,6,3,8,9,4,10,4,5,7,5,5,9,7,4,9,4,7,4,6,6,7,2,7,8,5,5,5,1,6,7,8,7,8,3,6,11,6,5,5,6,7,2,4,17,11,5,8,8,9,2,4,9,6,5,6,4,6,5,8,6,5,7,6,6,7,3,3,9,5,15,8,6,11,14,5,3,8,6,6,13,12,10,6,2,6,3,6,5,5,7,6,4,5,3,8,6,10,6,6,6,12,4,4,5,5,9,9,6,6,5,8,3,5,7,3,4,11,4,8,6,5,8,7,8,6,5,7,2,2,7,5,7,6,6,2,12,5,10,6,4,7,4,7,5,7,7,4,1,4,7,4,4,5,6,6,6,2,5,5,7,6,9,6,6,9,3,5,9,6,4,5,9,1,5,6,6,6,6,7,5,4,4,5,5,9,5,7,4,3,6,9,9,6,11,9,9,6,8,9,7,8,8,12,11,6,8,6,7,6,8,7,10,3,6,5,9,4,8,3,12,2,7,6,4,7,11,7,3,8,4,4,4,5,1,2,7,4,9,2,7,1,4,10,7,10,7,4,5,4,7,7,12,4,6,3,2,7,4,4,4,8,6,5,9,4,6,4,11,10,3,3,6,0,5,4,4,9,7,5,6,6,8,6,5,1,8,5,6,4,4,8,4,7,15,5,8,5,6,10,8,8,8,11,4,9,7,6,8,7,6,6,8,14,4,7,4,6,3,4,5,5,5,3,6,2,1,8,4,6,6,5,6,5,4,7,6,9,7,2,8,7,8,8,6,2,7,5,3,7,4,9,5,9,11,6,7,7,6,6,4,5,8,4,4,9,7,2,0,9,7,2,6,11,6,9,7,5,3,6,1,11,4,5,7,6,5,3,5,8,10,6,4,3,7,5,6,9,3,5,4,5,8,8,5,5,4,4,4,4,6,6,1,7,6,9,8,8,5,2,8,4,3,3,6,5,9,7,8,7,8,6,5,5,4,8,6,6,2,2,11,4,7,5,9,7,8,5,7,5,6,4,0,4,4,2,10,4,5,6,4,9,4,15,8,7,6,2,5,8,7,3,10,3,7,7,9,7,2,10,3,7,8,8,8,9,5,7,9,6,4,3,4,8,7,9,6,5,7,7,5,4,6,6,6,5,3,8,4,8,7,7,7,11,1,3,9,3,7,12,7,5,8,6,12,8,4,3,3,6,8,5,13,7,7,5,6,5,8,15,7,7,8,5,5,5,5,5,7,4,13,7,7,2,5,10,5,6,5,6,9,2,5,1,5,8,6,3,5,5,6,7,3,4,4,10,5,9,8,10,7,5,6,7,7,4,3,6,5,2,6,3,7,7,7,8,7,4,2,4,7,8,3,3,3,9,4,5,4,7,4,4,4,7,7,11,8,5,5,10,1,3,7,9,4,7,7,4,5,5,5,12,3,4,5,5,7,2,13,4,6,2,8,4,1,10,9,2,2,6,8,5,3,9,8,8,4,4,3,8,2,4,9,7,3,10,5,2,6,5,4,2,3,11,4,10,9,6,8,4,7,1,7,8,6,8,5,6,4,5,8,3,6,4,3,7,4,9,4,7,5,7,8,3,7,6,7,4,7,4,6,9,1,1,7,9,2,3,7,3,3,3,8,4,3,10,10,5,7,7,3,11,9,7,9,9,5,5,9,8,5,6,5,11,11,5,8,10,2,5,2,5,8,5,8,4,6,8,3,13,0,5,9,6,3,3,11,6,10,2,5,11,12,8,4,6.079,11.2734743659333,0.884525634066677
7,7,7,2,3,7,8,4,4,5,2,6,2,4,4,2,3,4,6,11,6,7,4,3,2,7,7,5,14,7,6,15,5,3,0,15,7,4,9,2,4,7,3,11,11,9,5,4,5,5,5,7,5,5,5,4,7,3,5,6,4,4,7,4,6,4,6,6,7,4,5,8,5,4,9,3,5,5,6,3,3,8,9,9,5,7,8,4,6,7,6,13,6,7,5,3,5,4,2,9,4,2,8,1,5,5,5,6,5,7,10,7,8,10,4,5,8,10,8,4,6,3,3,6,6,0,7,10,4,4,8,7,7,3,4,7,4,3,8,6,6,4,10,3,7,3,15,6,5,4,7,12,3,12,3,4,4,4,6,3,11,3,5,5,3,6,8,8,6,7,6,11,7,1,4,7,5,5,3,10,7,9,4,11,6,8,7,10,5,3,8,4,6,8,6,5,4,6,6,7,9,10,11,5,4,5,4,5,6,1,5,9,6,8,4,6,2,5,9,9,7,10,5,11,6,4,6,7,3,7,5,7,3,10,5,9,6,3,6,3,12,5,8,12,3,3,5,7,14,6,6,5,8,4,5,7,6,5,9,9,11,5,3,6,9,9,8,6,8,6,9,6,11,1,6,5,3,4,3,11,7,3,8,5,6,3,8,7,3,8,6,5,12,5,7,7,5,4,5,7,4,7,5,4,4,4,10,6,1,3,5,6,8,4,4,3,3,3,8,8,9,3,2,3,7,4,7,5,6,5,10,7,7,6,5,8,3,7,6,1,5,5,2,8,8,2,10,6,4,5,9,2,8,2,4,9,4,8,6,9,10,8,7,2,2,6,5,6,8,5,9,10,6,3,9,5,7,3,9,7,4,2,10,5,5,9,10,7,8,5,3,8,5,5,3,7,7,2,4,9,3,3,5,6,3,7,3,3,7,6,3,5,3,5,3,6,11,4,4,7,4,7,8,7,8,5,7,6,5,8,10,2,4,8,2,2,6,3,8,7,7,8,4,11,3,5,5,4,7,5,3,6,6,2,8,1,6,7,9,8,3,7,7,8,3,8,7,5,3,5,8,3,2,7,7,11,3,3,2,2,7,2,3,4,4,7,3,3,6,12,5,7,4,7,2,5,4,9,5,6,5,8,2,3,4,5,4,12,2,5,4,6,10,6,3,5,3,9,5,11,4,2,9,10,3,11,3,7,4,10,4,4,6,6,4,11,8,3,3,6,7,13,4,4,2,2,5,3,1,7,2,6,1,3,4,5,4,6,8,7,7,3,5,3,3,10,5,5,8,5,11,10,4,3,6,8,9,8,6,10,7,4,8,7,4,4,10,4,3,3,7,6,9,5,10,3,12,6,10,6,2,15,4,4,5,4,4,6,6,5,7,3,6,3,5,9,2,2,3,7,6,6,7,6,7,4,7,5,5,7,2,4,6,5,4,1,7,3,7,4,9,3,2,5,4,6,4,6,6,7,6,6,4,6,4,3,7,4,6,4,4,4,3,4,4,9,5,5,8,10,4,6,9,6,6,5,6,5,5,2,1,3,4,5,8,2,7,4,6,12,8,5,5,2,6,7,5,13,11,4,6,6,6,4,4,7,3,6,3,8,5,6,6,2,3,7,11,8,4,5,9,9,9,10,1,5,6,3,8,8,4,4,7,2,7,5,6,5,6,5,7,6,7,2,8,9,5,10,6,11,8,5,3,7,3,1,6,6,7,8,4,5,6,4,7,6,5,8,9,5,4,10,8,5,5,8,3,9,3,7,4,7,9,5,6,5,2,3,3,8,9,6,4,9,5,3,6,4,7,4,11,8,11,11,4,6,6,9,4,8,10,7,7,5,5,5,6,6,3,6,5,4,8,8,8,7,5,1,6,2,7,5,2,9,9,6,5,5,9,5,9,9,1,3,1,5,7,6,6,3,7,6,5,4,3,2,12,4,11,4,4,8,2,4,5,3,5,6,5,7,6,8,7,3,4,6,10,7,1,8,5,11,4,6,6,6,9,4,9,3,6,3,4,5,9,4,4,2,8,8,5,4,7,7,8,4,4,7,8,5,9,10,6,4,9,6,8,5,5,3,6,7,5,7,3,2,10,3,5,5,9,5,8,9,4,5,7,9,5,4,7,3,7,9,5,10,8,4,6,7,8,7,3,7,7,6,9,5,4,7,3,6,12,4,4,8,7,6,8,6,10,7,7,6,5,5,3,9,5,2,10,8,5,4,10,9,2,6,4,5,10,5,4,7,5,3,6,5,4,6,5.818,10.7862428965459,0.849757103454069
7,4,5,5,8,9,6,11,7,0,8,3,2,4,7,7,13,4,3,8,6,8,8,8,9,7,12,7,4,8,5,5,5,4,7,11,8,9,6,2,6,4,6,6,6,8,8,5,4,8,3,7,5,5,4,9,7,4,9,7,7,5,9,5,4,7,8,4,7,7,7,6,3,8,8,11,5,6,7,5,6,9,9,4,6,6,8,8,3,5,9,6,5,5,8,4,3,4,7,4,2,8,13,5,2,7,6,6,5,6,3,7,13,8,8,5,5,2,9,4,9,5,9,7,7,5,4,9,5,5,7,7,7,2,11,6,3,8,7,8,9,3,7,9,5,0,9,2,7,2,7,10,4,4,4,5,6,6,6,3,3,4,5,4,7,6,4,8,6,5,2,8,3,7,3,4,12,5,7,5,7,6,1,5,3,4,9,5,8,2,9,5,2,6,4,8,9,6,4,9,3,5,6,10,5,4,5,8,5,9,5,5,6,6,6,3,3,10,9,4,6,6,5,6,10,3,11,9,6,9,4,10,3,8,7,6,2,7,13,11,6,1,11,6,6,7,6,7,6,6,3,3,2,7,6,7,5,3,1,9,9,12,7,2,7,2,6,3,2,5,7,6,10,8,9,3,6,5,6,6,2,4,3,9,7,13,3,5,8,7,5,6,5,5,8,11,3,4,5,6,6,5,8,2,7,3,5,5,8,1,6,5,7,8,4,5,4,9,4,4,5,10,7,10,7,6,7,5,2,8,4,6,4,11,9,7,4,6,2,7,4,7,7,3,3,4,6,9,5,10,7,7,10,3,2,1,4,4,5,4,7,6,8,6,2,9,5,4,5,9,7,7,12,9,6,5,2,3,4,7,8,10,7,7,4,3,6,5,4,5,6,4,6,4,4,8,8,5,5,7,6,2,8,5,9,6,2,9,5,8,8,8,7,2,7,2,5,6,8,15,10,7,5,4,3,5,6,8,10,8,6,11,7,3,5,1,4,6,5,7,7,6,5,6,3,8,9,7,15,4,7,8,4,4,4,8,4,4,9,6,6,5,10,6,4,5,9,5,7,6,7,11,14,6,3,7,1,6,3,8,8,7,7,12,6,4,3,8,7,7,3,3,7,4,5,8,7,7,6,2,7,4,6,5,9,6,7,6,5,6,2,7,5,5,3,6,4,10,6,10,8,8,6,4,6,9,7,8,6,15,7,11,0,4,5,4,4,8,7,6,8,3,8,12,5,7,3,5,8,5,7,7,0,7,7,8,10,5,4,3,6,3,9,7,4,6,8,3,8,6,5,13,3,4,9,7,5,6,7,8,12,5,7,4,7,6,7,11,4,5,8,6,8,1,4,3,7,4,3,4,7,6,4,4,6,6,5,6,7,1,11,0,5,8,8,5,5,6,6,7,6,7,8,8,7,5,11,11,9,11,3,4,6,5,3,4,5,8,7,6,6,9,5,4,5,5,5,2,0,12,5,6,4,11,10,9,8,9,8,9,7,5,7,5,6,9,5,7,7,4,2,4,7,7,8,4,6,5,3,8,7,3,4,5,9,2,8,8,9,8,8,4,6,5,7,8,3,5,5,2,5,7,4,2,1,8,3,4,8,6,5,13,2,7,7,13,7,5,4,5,8,9,8,3,5,7,6,7,4,3,5,2,5,4,3,4,2,6,7,10,14,1,6,10,6,7,6,4,8,8,6,10,4,12,6,5,10,4,9,5,3,4,8,8,10,4,4,5,5,4,9,9,2,8,4,11,7,5,4,11,6,4,4,5,6,10,3,8,3,7,12,3,8,4,3,10,6,7,7,10,6,11,11,12,4,5,13,9,11,9,1,2,9,1,7,3,3,7,6,6,4,4,4,5,1,5,1,4,8,5,5,7,8,8,9,7,4,7,6,7,12,11,2,5,7,3,8,4,7,2,10,4,10,2,5,4,9,3,8,4,2,7,6,8,9,4,10,5,11,4,8,1,8,13,4,5,9,7,8,10,11,4,4,5,5,5,6,6,5,5,3,6,4,6,4,4,5,6,4,5,11,9,6,4,4,4,4,3,6,11,7,12,3,2,3,10,7,10,3,3,4,1,6,5,4,13,5,8,4,5,9,6,4,9,6,5,4,5,6,3,5,4,8,7,6,4,4,7,5,2,5,8,13,6,7,5,14,7,4,5,5,5,11,5,8,8,4,6,3,5,5,5,8,4,10,3,8,3,5,2,8,11,4,3,8,4,4,9,6,3,2,5,6,9,9,4,5,7,10,4,6.068,11.1866390483514,0.949360951648638
8,4,7,4,7,5,4,5,2,5,5,3,7,5,6,5,5,4,3,5,10,5,3,7,4,4,10,4,8,5,11,6,8,9,3,12,3,6,6,4,2,3,4,8,5,9,6,6,6,6,4,6,5,5,7,4,3,6,7,5,8,9,5,6,10,8,3,6,8,1,5,13,8,6,4,6,3,7,4,4,2,0,16,5,2,10,5,4,9,10,6,6,6,8,5,7,3,5,12,7,4,3,13,3,4,12,3,6,4,3,5,6,7,2,6,5,6,7,11,6,4,8,3,10,9,3,5,8,3,4,5,5,5,4,5,8,7,12,6,8,8,3,6,5,9,1,6,2,5,9,5,12,10,13,3,6,4,5,4,6,8,7,5,4,5,10,10,4,4,9,9,5,3,8,4,5,6,2,2,5,4,3,3,7,5,7,9,3,7,6,10,8,10,10,8,4,6,6,7,3,13,6,4,12,6,11,4,4,6,7,7,6,4,10,2,4,1,4,4,5,3,7,3,5,9,5,6,8,8,2,3,8,6,4,14,10,6,6,5,8,1,4,5,6,4,13,6,4,7,5,6,7,3,3,9,9,7,7,9,5,6,7,2,4,5,5,6,6,7,5,10,7,5,3,6,3,5,2,5,4,0,6,5,6,2,4,6,7,6,7,13,5,5,9,2,9,8,3,5,4,6,6,8,7,12,10,6,8,5,1,9,3,5,2,8,4,9,5,6,4,6,5,12,13,2,2,4,4,5,3,6,8,7,8,6,7,4,7,9,5,6,7,10,8,4,7,6,8,6,6,5,9,8,5,7,7,5,9,6,5,10,9,7,4,4,5,14,4,9,5,7,7,2,6,9,4,7,6,5,6,7,9,10,3,1,7,3,5,6,5,8,7,5,5,8,4,7,3,8,2,7,5,4,8,6,3,8,4,13,4,7,6,6,4,4,5,6,10,4,5,6,6,7,4,5,5,5,4,6,6,10,8,5,6,4,6,5,5,8,6,4,7,10,5,4,9,4,4,10,3,4,12,3,6,7,2,7,8,5,8,4,1,4,8,7,7,6,6,2,9,9,7,5,8,4,5,5,9,6,9,10,7,5,5,5,9,8,7,7,8,7,6,10,4,4,7,9,8,3,4,3,5,5,8,6,8,9,4,3,6,7,3,3,5,9,8,10,4,6,12,7,9,6,6,3,4,6,6,8,10,6,9,4,7,5,8,7,7,5,2,8,4,4,4,8,12,4,6,4,4,2,6,2,5,2,7,6,10,9,5,6,6,8,9,2,7,5,9,4,3,4,5,5,4,2,11,9,5,3,5,6,3,14,4,6,7,6,10,4,11,2,9,3,2,6,5,11,5,7,3,8,5,7,6,12,5,8,7,4,4,8,4,6,3,8,4,3,3,5,3,5,8,9,7,3,5,5,6,8,2,5,1,6,11,8,5,4,3,4,6,5,5,4,6,11,4,6,3,6,6,4,10,4,2,5,0,9,6,8,4,7,4,5,4,1,3,5,9,5,11,5,3,4,7,7,5,5,8,6,6,4,5,9,3,6,3,5,4,9,13,3,2,4,6,7,5,6,7,7,4,6,6,3,8,9,3,3,5,9,10,8,6,6,6,5,6,4,8,5,6,8,6,5,6,6,7,6,3,10,3,4,6,2,5,3,7,5,2,12,3,5,3,3,4,8,4,7,5,7,15,6,6,4,5,3,4,7,6,7,4,4,5,5,4,13,3,5,8,7,6,4,8,1,7,4,8,9,2,3,5,10,2,4,4,6,3,3,5,7,8,9,5,7,4,7,4,4,2,7,6,8,7,9,4,8,4,12,3,2,7,6,4,3,8,1,2,3,3,6,3,6,5,7,2,4,4,2,4,6,2,5,8,4,5,7,7,7,4,4,8,6,6,2,9,7,6,5,6,9,4,8,7,7,2,7,5,4,3,5,10,7,5,6,12,5,6,6,5,7,9,9,6,6,2,7,5,8,9,10,9,8,4,4,2,6,8,7,4,8,7,4,3,7,8,10,5,4,5,9,9,5,3,4,10,2,6,10,5,3,4,5,9,7,3,5,5,8,4,3,8,6,7,3,8,3,5,7,9,8,8,5,5,3,6,2,4,5,7,5,4,11,7,9,8,2,5,7,8,7,8,7,14,3,3,4,5,8,11,7,3,6,8,4,8,7,6,11,6,6,9,3,11,9,3,11,5,4,8,9,5,6,6,6,8,12,5,6,7,10,4,6,9,4,11,5,1,9,17,5,6,5.938,10.9529589333017,0.923041066698291
4,6,8,6,7,6,8,4,8,6,7,8,7,6,7,6,4,8,4,9,6,8,9,7,3,6,3,5,6,11,3,9,5,5,7,7,4,6,7,10,5,7,3,12,12,6,4,4,4,11,2,6,4,3,3,3,7,7,4,4,6,5,4,6,4,3,6,6,8,4,7,7,6,5,2,10,4,11,4,3,4,6,5,4,3,7,4,6,9,7,5,5,7,6,9,4,7,8,2,5,4,6,6,6,7,5,9,9,7,6,6,9,6,7,8,3,10,7,12,7,7,7,6,8,5,3,5,10,8,4,8,1,8,3,8,5,3,6,2,4,3,10,11,2,11,5,8,4,7,7,6,13,7,9,4,9,6,3,2,7,4,7,6,9,5,6,7,6,4,5,4,6,9,6,3,2,13,8,4,6,7,9,5,7,8,6,5,6,4,7,5,3,5,4,10,2,6,6,9,7,12,5,12,6,8,7,5,4,5,9,5,7,8,10,6,8,3,6,6,5,10,5,10,9,8,9,6,3,10,7,6,7,2,9,10,8,5,6,6,7,9,8,8,3,10,5,6,5,10,7,6,7,8,7,2,8,6,8,4,3,5,7,2,4,1,5,11,4,9,7,4,11,4,8,8,11,6,8,10,11,6,7,2,10,4,10,4,7,6,10,13,7,4,6,9,10,3,6,6,7,4,11,7,10,4,7,8,8,3,9,7,4,5,1,7,6,6,5,5,4,3,9,5,6,4,4,6,7,9,5,9,9,4,5,6,4,5,8,5,6,9,2,8,6,4,6,5,7,8,5,7,6,7,5,3,9,2,6,4,5,9,5,12,6,8,6,8,2,6,5,2,9,4,10,4,6,10,5,6,11,11,7,9,9,4,3,1,9,4,5,6,5,6,6,6,7,11,6,4,9,7,0,11,6,8,6,6,7,7,12,6,6,6,5,7,8,4,6,8,7,6,9,4,2,6,5,6,9,8,6,4,6,5,3,8,9,5,11,6,9,8,0,3,6,5,6,3,5,4,6,7,10,9,10,8,6,8,7,7,5,7,8,6,9,10,9,6,6,6,7,6,7,8,8,5,4,3,4,1,5,5,6,5,7,4,8,5,8,5,7,6,5,8,9,7,6,6,7,1,10,4,6,6,8,7,9,7,4,8,7,5,3,6,1,10,6,7,7,5,6,5,6,7,4,7,7,7,5,3,8,3,5,8,6,2,4,7,8,10,8,7,8,8,5,6,7,6,8,9,7,5,5,3,5,7,9,1,10,3,5,7,8,7,3,4,7,6,6,6,3,4,12,4,6,3,5,4,13,8,7,7,4,6,3,5,3,4,8,7,5,9,8,8,7,6,9,11,8,5,5,4,8,4,5,4,4,8,5,5,4,9,6,9,8,6,6,2,7,8,7,5,8,10,4,8,6,5,7,8,10,6,4,5,6,2,6,5,6,7,14,9,7,5,4,2,7,6,6,5,3,1,6,5,5,9,1,4,5,6,6,7,6,3,8,7,4,6,5,4,7,3,6,8,5,4,5,5,4,5,7,5,4,3,4,10,6,5,4,4,5,8,2,7,7,11,9,4,8,10,4,4,6,9,4,5,5,5,4,8,6,7,5,10,6,5,7,7,4,11,5,6,7,6,8,3,4,4,3,8,3,2,5,4,7,6,5,4,2,5,5,3,8,11,2,6,6,8,4,3,9,6,4,3,8,5,3,7,6,2,7,4,2,4,3,11,5,2,9,4,3,6,5,7,1,5,6,8,9,2,8,3,4,7,5,6,6,4,10,3,6,7,7,3,5,3,7,4,7,7,3,7,8,6,10,6,7,3,5,7,5,1,5,3,3,6,5,7,4,3,8,8,4,1,10,12,10,5,3,8,11,8,8,9,1,3,11,8,6,6,3,12,8,8,3,2,5,2,5,5,8,11,6,4,3,7,8,11,8,5,6,6,5,3,12,1,4,3,7,5,7,3,5,1,4,3,6,6,5,7,13,4,4,3,6,12,7,8,7,7,5,9,7,3,5,4,6,3,1,9,3,8,5,3,3,5,4,4,8,6,10,16,4,3,1,8,9,6,7,5,10,5,7,6,6,4,5,8,10,7,3,4,7,5,4,8,4,7,3,7,9,4,5,8,9,8,5,6,4,3,8,8,4,7,6,8,7,7,5,5,3,9,6,9,8,8,7,10,7,4,8,8,4,6,6,8,6,7,9,7,7,5,9,8,4,5,11,2,6,9,5,3,5,4,13,2,8,5,8,7,2,6.109,10.8540543401621,1.36394565983791
3,2,5,3,8,5,6,10,6,9,5,3,5,8,4,8,7,0,0,7,5,4,9,4,4,8,6,8,7,6,6,5,5,5,7,9,8,10,10,8,1,7,7,11,6,4,8,5,6,3,4,9,4,7,3,8,8,3,11,5,6,7,9,4,5,10,7,9,7,6,6,6,4,6,5,2,5,4,5,2,7,5,9,5,9,7,10,3,6,5,7,10,7,5,8,11,8,5,1,6,4,6,6,5,4,5,10,6,6,8,10,8,5,6,5,5,4,3,7,4,6,5,5,4,8,3,6,11,5,5,10,1,2,5,3,8,3,9,8,7,7,8,9,5,6,4,7,6,3,2,5,8,12,10,5,5,4,4,10,3,7,1,5,3,8,4,5,6,2,7,6,7,7,6,4,7,10,8,4,4,5,6,3,5,6,9,2,8,8,8,7,6,7,4,6,6,6,4,6,8,7,4,5,4,6,10,2,6,4,11,2,10,5,5,8,8,3,5,8,8,5,3,7,4,4,2,7,10,6,6,6,4,9,7,10,12,5,5,3,6,7,6,6,9,4,4,7,7,6,1,9,7,4,1,11,7,4,5,10,2,5,3,8,7,2,5,8,10,6,8,5,11,10,6,5,7,1,10,7,6,7,4,7,7,10,2,9,5,4,7,7,11,6,3,2,12,4,10,4,7,4,2,5,11,5,6,7,7,9,4,6,6,8,6,8,6,3,0,5,6,7,9,7,8,5,6,5,2,8,2,7,4,5,6,4,3,5,6,6,3,3,7,3,2,3,6,6,9,3,7,11,7,7,2,3,8,1,5,7,6,10,6,6,7,3,8,6,5,6,2,11,11,9,4,4,6,5,4,6,8,5,8,4,3,10,2,8,7,6,7,9,7,3,11,5,3,7,8,2,7,6,5,6,8,8,4,6,6,9,9,2,0,6,7,6,5,3,5,5,9,7,12,8,7,8,8,7,4,5,5,9,4,8,4,3,4,3,4,6,5,5,14,6,10,11,11,6,5,4,4,3,7,3,3,8,4,4,9,1,5,4,7,6,7,8,2,3,3,4,4,6,10,5,6,5,8,7,6,4,5,3,3,4,6,2,6,7,4,5,7,5,8,6,6,3,6,4,9,4,2,6,2,10,5,4,4,4,8,8,9,3,7,7,6,7,4,3,6,7,11,5,8,8,8,9,11,8,9,3,3,5,10,3,8,4,4,4,9,6,7,6,10,3,7,11,5,5,6,5,4,2,3,1,5,3,5,4,8,5,4,4,9,8,4,5,6,7,9,4,9,7,8,3,8,11,5,4,6,10,5,6,5,9,10,6,9,7,3,6,5,8,4,5,4,6,5,6,2,7,6,3,10,8,1,7,4,7,8,5,8,4,1,5,6,2,6,5,6,2,4,3,6,4,4,6,9,3,4,3,5,4,2,4,7,4,10,10,7,6,4,7,6,3,4,5,2,5,2,5,9,3,9,4,7,8,7,5,5,5,8,4,6,4,5,2,7,4,8,7,12,3,6,6,6,4,6,5,2,5,7,6,2,8,7,2,2,6,4,6,8,6,7,4,4,7,2,5,8,2,5,2,9,7,3,11,7,8,10,3,7,7,8,4,4,9,4,7,3,1,5,8,9,12,7,7,11,8,3,4,4,6,9,6,5,7,3,5,4,6,4,8,11,2,8,10,6,5,7,5,13,2,8,5,7,4,1,4,6,6,2,3,6,5,0,9,9,9,5,3,3,8,8,3,6,8,5,5,2,4,4,15,6,5,6,3,4,5,6,1,4,8,4,0,5,6,7,6,5,15,6,9,6,12,7,4,5,2,7,8,6,9,2,5,3,7,6,1,9,6,6,1,9,5,10,5,7,3,7,9,3,3,5,7,7,9,3,4,4,7,5,10,9,5,6,2,5,5,7,6,5,7,7,8,3,4,6,9,1,4,2,6,8,5,8,4,9,3,6,7,4,11,6,3,8,5,12,8,1,7,10,10,5,7,6,5,4,8,5,9,8,4,5,6,5,9,5,5,2,5,4,9,7,3,6,2,4,3,3,2,8,8,11,6,9,9,4,3,10,8,2,1,3,8,3,3,7,8,9,3,7,9,4,8,7,5,7,4,3,6,2,7,4,3,11,3,6,8,10,6,4,4,8,3,8,7,3,9,4,3,7,4,8,7,7,6,7,6,5,6,10,6,5,4,7,5,5,3,14,4,4,6,8,3,7,10,13,6,5,7,6,2,6,3,4,7,5,8,8,5,5,5.857,10.7620204430917,0.951979556908339
7,3,10,8,3,10,3,8,6,2,7,4,4,7,9,3,3,4,6,9,6,8,5,8,5,8,10,9,6,7,2,9,6,8,9,10,6,7,5,4,5,3,2,6,10,5,3,4,4,7,4,5,7,5,7,5,9,1,6,7,9,9,4,7,4,14,4,5,10,5,6,5,6,5,8,11,3,10,6,5,5,5,10,7,3,8,7,3,5,9,5,8,8,6,5,6,6,8,4,6,5,1,10,5,5,4,6,9,6,6,7,5,11,6,4,6,1,5,5,5,6,3,4,4,11,5,6,7,9,3,5,8,6,7,7,5,3,6,8,8,9,9,13,4,6,0,15,2,1,2,3,6,5,8,9,9,5,8,4,6,10,9,7,8,8,4,8,7,5,3,6,14,6,4,3,7,8,7,8,10,10,6,4,6,7,6,9,4,4,4,9,8,7,7,5,5,5,6,7,12,8,7,5,6,6,6,7,6,6,5,13,5,9,8,9,4,2,7,6,6,5,7,6,6,6,4,8,11,4,8,5,4,7,3,5,9,2,5,4,4,8,6,8,7,5,4,3,8,12,5,9,6,4,5,3,11,7,4,3,4,8,4,6,5,8,2,4,7,8,3,5,10,8,6,8,5,3,6,7,6,4,2,9,8,6,4,3,7,3,5,4,4,6,9,4,11,1,4,8,8,6,2,6,3,6,8,6,7,3,7,7,3,10,8,7,2,9,1,8,6,5,6,3,5,5,6,10,6,7,10,11,6,9,7,4,6,5,3,10,9,5,7,7,9,6,7,5,11,2,4,12,11,5,6,6,9,7,9,6,5,4,13,7,4,7,7,8,6,7,8,0,14,8,11,5,4,6,4,6,7,4,4,6,4,9,8,4,10,4,2,3,6,5,7,4,7,14,4,4,6,5,1,5,8,4,6,3,1,8,4,5,7,3,7,5,4,9,8,7,6,7,8,9,6,4,5,5,8,10,10,5,2,2,9,2,7,2,4,8,3,6,6,2,9,2,5,4,10,9,2,6,6,8,6,7,9,1,3,7,3,8,7,5,7,5,3,4,4,11,7,6,3,7,1,3,6,7,9,5,8,3,5,4,6,3,3,7,4,12,8,5,6,6,13,8,5,8,5,4,3,7,5,10,7,1,3,8,7,7,3,8,5,7,5,3,7,7,3,6,6,8,5,10,15,12,10,5,3,7,9,8,4,7,5,3,5,11,3,5,4,7,6,7,3,3,5,7,3,9,1,6,5,6,6,5,7,4,6,10,5,9,2,5,7,10,8,5,2,7,3,5,7,2,3,4,4,4,6,4,10,8,4,4,4,7,3,5,9,6,4,7,3,5,5,4,8,12,6,7,7,6,8,10,4,4,11,6,3,4,4,5,6,3,0,8,7,9,3,2,5,4,3,8,5,4,2,4,10,3,7,4,4,2,6,2,3,9,5,4,4,3,8,2,6,6,5,7,4,6,9,7,0,4,11,4,9,5,7,7,3,3,6,6,5,4,7,3,6,6,8,5,6,4,8,8,3,4,3,7,10,4,14,6,2,2,4,3,6,2,6,6,8,5,1,11,6,3,13,10,6,7,3,3,5,2,5,6,5,5,7,7,6,6,6,5,8,5,4,4,10,5,6,5,3,4,10,2,6,7,2,1,9,5,6,7,9,3,4,6,4,9,5,5,3,7,7,3,6,6,13,5,7,6,3,0,3,4,9,13,6,1,5,6,6,13,4,6,4,3,5,6,4,4,11,8,7,5,4,2,6,8,2,7,4,6,7,7,3,4,3,13,7,4,5,4,8,8,7,3,6,11,11,11,10,2,6,5,7,7,4,4,5,8,2,3,5,7,5,6,3,10,8,10,7,5,5,5,4,4,7,7,6,7,6,6,5,4,3,12,12,7,7,3,6,5,4,6,15,6,3,6,5,4,6,5,6,4,4,7,9,2,5,6,5,9,6,8,4,9,7,6,8,7,3,5,4,8,7,6,5,2,8,6,4,3,6,5,7,5,5,2,5,4,5,4,4,6,7,6,3,3,7,8,10,4,9,5,7,2,6,5,3,2,7,5,10,9,14,1,6,6,6,4,4,8,5,4,1,5,5,4,7,7,6,7,6,9,8,1,7,4,4,5,8,5,4,9,10,8,1,10,8,4,4,4,4,7,5,6,4,5,6,10,7,5,7,5,8,8,4,6,4,9,4,4,10,3,6,6,9,4,8,11,5,7,9,4,4,8,6,5,8,4,5,6,5,8,3,8,6,5.929,10.9315994538535,0.92640054614647
9,1,6,8,5,4,9,9,4,6,14,2,4,3,8,2,3,2,5,10,6,10,5,5,2,6,5,3,10,5,10,7,7,5,2,12,7,3,4,7,8,4,6,8,4,5,5,3,9,3,3,6,3,8,4,9,2,4,4,8,4,7,7,2,2,10,6,6,9,5,7,4,6,10,5,6,4,5,4,4,4,8,4,6,2,7,8,4,8,12,7,7,8,3,3,3,3,7,4,7,4,6,14,6,2,4,2,8,5,8,7,4,9,10,9,4,0,11,12,12,4,4,6,5,5,3,7,12,5,6,12,4,9,3,7,6,3,6,8,3,7,2,8,8,11,7,10,2,9,9,6,2,5,2,7,2,2,10,7,2,8,4,10,3,7,2,6,7,3,4,7,5,8,9,1,4,10,10,3,4,8,10,5,6,4,5,11,7,4,6,5,6,4,4,10,12,4,6,6,5,12,7,7,7,8,6,4,4,3,11,6,5,8,4,7,5,7,4,5,3,7,6,8,6,5,6,4,6,5,2,8,8,11,4,8,10,3,9,12,7,8,7,5,8,4,11,9,6,11,4,5,3,6,7,8,10,6,7,10,4,9,3,5,3,4,6,6,10,11,4,5,6,2,5,6,9,8,5,2,12,5,7,2,3,2,4,6,6,10,7,5,4,6,5,11,9,8,9,4,9,5,7,5,7,8,7,5,8,3,7,9,2,5,5,7,4,9,3,8,5,6,5,11,11,5,5,8,6,4,7,4,7,1,8,9,5,4,5,8,4,9,4,7,5,2,5,9,14,8,4,11,5,7,5,2,4,5,9,13,5,4,8,9,5,7,8,10,6,5,5,10,4,3,6,9,5,10,3,4,4,3,3,4,3,7,5,4,5,8,2,5,8,6,7,6,5,6,7,11,3,2,6,4,4,7,7,7,8,7,6,8,9,4,5,3,3,4,6,8,7,6,8,7,9,9,7,8,7,12,5,7,6,8,7,2,5,8,7,8,7,7,8,6,12,6,2,2,10,8,3,5,16,5,11,8,12,10,9,5,4,5,10,8,5,5,9,4,6,6,4,10,2,9,9,4,4,6,4,4,7,5,7,8,9,5,4,10,5,10,4,6,7,4,4,4,5,2,7,4,3,4,6,6,4,5,5,6,5,4,9,10,2,5,4,7,5,8,5,7,11,13,3,9,13,8,6,5,6,6,6,9,10,4,7,9,7,4,6,6,5,10,6,6,3,6,11,4,12,9,4,4,8,5,2,9,8,6,6,5,6,4,5,11,3,5,8,8,3,4,9,5,12,2,5,8,4,7,6,3,10,7,5,7,9,6,6,3,7,7,10,4,9,7,6,5,5,8,2,9,7,9,7,6,6,3,7,6,5,8,9,10,3,3,9,11,6,4,5,4,6,6,6,2,8,8,8,3,6,7,1,3,3,6,5,3,4,4,4,5,2,9,3,5,8,5,4,3,2,10,9,7,4,6,10,8,3,8,5,11,5,7,6,8,2,8,5,5,3,5,3,6,4,8,6,7,6,8,8,6,6,7,3,4,6,5,3,6,2,9,7,6,5,10,6,7,7,4,12,7,3,5,8,10,3,5,5,5,7,8,8,7,7,6,1,4,5,5,5,7,8,5,7,3,4,6,6,6,5,8,4,9,2,4,9,3,12,4,6,8,5,4,3,3,7,5,7,10,5,7,4,2,7,7,7,4,6,6,4,4,10,7,7,6,6,10,6,3,11,11,3,5,8,9,10,1,13,9,5,5,11,11,6,7,3,4,9,0,4,3,10,11,4,4,6,4,5,5,5,7,9,9,8,7,6,4,6,4,12,9,10,3,3,1,4,8,5,4,0,7,6,8,5,6,5,6,6,7,7,9,2,5,5,5,7,8,5,7,9,9,5,7,7,8,3,2,2,6,7,3,7,12,8,6,3,8,7,5,3,8,5,3,10,3,6,4,2,6,5,7,7,8,7,8,3,2,5,5,12,3,9,6,5,7,4,6,6,7,6,9,6,4,8,3,5,10,5,2,8,7,7,3,5,8,7,4,4,5,7,4,11,11,6,4,4,11,4,7,4,6,5,5,8,6,9,12,8,3,3,6,6,9,8,3,10,6,7,8,5,2,8,8,3,10,3,7,10,9,6,5,7,5,9,10,10,3,8,10,11,5,3,5,5,5,12,9,4,6,4,6,6,3,9,5,3,5,5,8,11,10,8,6,1,8,3,7,11,6,6,8,4,7,5,2,7,5,2,6,4,4,5,6.132,11.2141478321855,1.04985216781446
7,9,7,11,2,5,1,8,13,4,4,8,4,6,5,7,4,4,5,8,7,5,7,4,3,8,10,2,2,3,7,7,5,5,4,8,3,3,7,7,7,3,5,7,4,5,7,5,8,8,7,6,6,4,6,7,2,8,5,3,7,3,9,6,9,2,4,10,7,5,5,10,6,6,8,5,12,4,6,5,8,6,15,6,7,7,3,11,10,6,5,4,8,6,9,8,8,3,3,5,5,3,10,4,6,7,7,9,5,5,6,6,7,5,5,5,7,5,3,6,4,5,6,6,11,5,3,2,3,4,7,9,7,4,4,9,3,9,10,9,4,8,5,8,10,2,6,4,7,3,6,6,5,5,4,6,6,3,4,7,4,5,8,6,6,6,5,3,5,6,6,7,5,3,3,6,9,5,7,6,7,5,5,4,5,5,5,9,9,3,4,9,4,4,9,2,4,5,10,9,5,7,9,7,10,3,6,6,7,11,7,6,8,11,1,1,3,6,4,5,5,4,7,2,12,6,1,4,9,9,3,3,4,8,6,12,5,8,4,10,11,7,10,6,9,9,8,6,5,4,6,6,3,10,5,12,8,9,7,6,7,7,9,3,7,2,8,7,6,6,6,8,4,4,2,8,7,5,2,4,4,2,10,2,7,7,2,8,8,9,4,9,8,2,10,9,8,7,4,5,5,6,3,8,5,3,4,7,9,5,5,5,7,2,7,4,3,7,6,5,5,8,4,4,2,7,9,6,7,5,7,6,6,6,6,4,5,6,7,3,7,6,8,5,2,6,4,6,3,2,7,4,7,9,5,5,6,3,6,3,4,6,12,6,11,4,7,4,9,4,12,8,13,3,7,2,9,5,4,2,5,5,11,6,3,4,8,7,6,4,7,5,3,7,4,4,6,9,10,8,5,10,5,3,7,4,5,6,8,4,1,3,6,5,2,10,4,7,10,7,9,5,4,8,5,9,7,8,14,5,10,5,8,10,4,5,3,2,5,5,5,11,2,7,4,10,3,1,1,12,7,7,9,5,7,5,5,6,7,5,8,3,3,6,7,7,5,9,5,6,3,6,8,2,4,9,4,4,3,5,9,10,6,2,8,5,7,11,6,6,1,7,9,4,6,7,4,4,4,4,5,8,5,9,4,9,7,8,4,7,9,7,5,1,5,8,6,3,4,8,3,6,3,4,5,8,5,15,8,10,9,8,10,5,6,4,4,8,5,3,7,2,4,9,6,6,3,6,5,7,6,7,2,3,10,7,5,7,7,6,4,4,11,4,6,8,11,5,8,7,9,6,1,3,4,6,6,7,5,4,4,5,8,2,5,4,8,7,3,7,8,6,6,1,6,5,7,6,7,5,3,7,6,8,7,1,6,8,5,6,10,6,3,10,6,8,6,4,3,4,3,10,6,5,5,9,6,8,12,7,6,7,6,8,5,7,7,9,4,4,4,6,4,7,2,4,6,2,2,3,2,8,6,3,14,3,2,4,8,5,5,4,5,7,7,4,5,10,3,9,9,3,6,4,3,1,4,8,4,8,4,7,11,4,5,8,4,5,5,3,8,4,8,10,5,6,6,2,7,4,2,5,2,4,2,9,8,6,3,9,8,8,11,7,4,5,2,10,8,4,2,5,6,4,6,10,1,8,4,7,9,2,10,4,2,4,2,5,3,5,8,8,11,4,9,3,5,7,1,4,9,6,7,7,9,2,3,2,8,7,7,7,4,7,6,7,6,5,5,2,7,3,3,4,6,7,10,8,1,8,9,5,3,3,5,7,4,3,2,7,6,1,9,2,8,2,2,3,3,5,7,10,4,8,5,6,7,8,9,10,1,5,6,3,3,4,5,2,4,6,8,12,6,2,4,11,3,4,9,11,6,7,2,3,5,5,3,6,4,4,4,8,5,6,8,2,6,4,5,6,4,6,8,5,6,5,4,5,11,4,3,6,3,8,3,10,9,3,12,9,9,9,5,2,4,8,10,11,10,12,10,5,2,5,7,2,4,6,5,5,6,7,2,7,9,6,5,2,7,7,11,6,3,6,5,9,13,8,3,10,8,10,4,5,6,10,7,10,6,3,8,7,7,6,5,5,4,8,5,8,5,4,3,5,3,5,5,7,11,5,5,4,7,14,7,6,7,5,5,4,6,7,2,7,6,8,3,8,2,8,3,5,1,6,6,7,10,6,6,5,7,8,7,5,9,7,7,7,6,6,6,5,8,7,10,9,3,4,12,3,5,12,5,4,5,4,6,5,7,3,5.903,10.8427999969239,0.963200003076076
4,2,10,8,5,3,3,3,3,12,3,7,8,6,10,7,8,3,1,5,8,7,10,6,4,3,11,9,11,6,8,7,10,14,7,8,7,8,6,6,5,12,4,7,6,12,10,6,2,6,9,4,6,3,8,8,6,5,7,3,11,6,7,3,8,5,10,12,8,4,1,6,8,5,7,4,5,12,3,2,6,5,9,3,3,6,4,6,8,12,6,10,4,6,8,6,6,7,7,5,4,9,6,8,4,5,6,3,5,7,4,9,11,7,4,2,7,3,7,6,8,3,3,5,4,6,5,11,7,3,7,9,6,1,9,10,5,7,7,9,12,8,4,8,8,5,8,2,6,3,3,11,13,10,5,3,8,8,6,7,2,2,11,6,11,7,5,2,4,6,12,4,7,5,7,8,15,5,7,9,7,7,4,12,4,6,8,1,4,5,5,6,8,4,12,6,10,11,15,8,9,4,7,8,5,10,8,9,8,9,5,2,10,7,11,9,4,6,5,4,6,5,7,7,8,7,5,4,7,10,5,9,6,1,7,5,8,1,6,10,7,3,5,7,6,5,6,6,7,5,6,5,6,9,5,9,7,7,5,7,6,5,4,5,3,8,6,7,6,8,4,6,5,4,9,8,8,5,8,6,10,5,9,4,3,6,8,8,3,8,7,9,11,4,6,6,7,9,11,5,4,2,5,5,10,8,6,8,6,4,8,3,9,6,4,3,7,6,2,4,7,4,3,7,10,8,6,7,6,4,7,4,5,6,5,3,3,5,10,7,7,9,7,5,5,9,9,9,11,5,10,12,4,5,7,13,3,3,4,3,9,7,8,8,6,9,5,6,8,5,7,7,4,8,6,6,6,3,4,8,6,8,5,3,5,5,2,4,9,6,8,9,11,9,7,3,4,3,5,10,4,5,4,8,7,8,3,7,14,3,4,7,5,7,10,4,7,3,10,10,8,11,3,6,4,3,4,7,4,8,8,7,6,4,3,11,3,14,8,4,5,7,7,9,9,7,4,9,1,5,4,7,6,4,9,1,0,6,5,5,2,8,8,6,7,4,11,4,3,4,9,5,10,5,6,6,3,5,4,2,3,4,6,10,2,6,6,8,4,9,3,2,5,5,7,4,2,10,6,4,3,5,4,4,7,7,4,5,5,7,5,7,4,3,3,6,6,9,6,5,2,6,11,5,9,5,4,5,4,3,5,9,4,8,6,7,7,8,8,12,8,6,9,7,7,7,6,9,8,3,2,8,4,8,9,7,2,11,6,4,5,5,14,9,6,5,5,7,5,8,4,8,2,9,2,4,6,8,6,8,5,5,5,1,6,4,8,8,3,13,4,6,5,3,4,4,5,3,3,3,5,5,8,3,6,4,5,5,4,5,5,6,13,4,6,4,3,8,4,3,6,5,9,6,5,7,7,7,8,6,8,7,8,1,4,8,5,3,6,4,5,8,4,7,9,1,8,10,5,4,3,4,6,7,9,4,7,3,8,5,2,6,9,7,5,4,7,6,5,6,4,7,2,10,7,12,3,3,7,9,8,4,4,9,3,0,8,5,1,5,5,1,6,4,8,4,9,5,6,6,5,4,4,2,3,5,8,6,6,8,5,5,6,6,4,5,4,7,4,9,6,8,9,8,6,6,4,9,6,2,4,7,3,4,5,7,9,5,4,7,3,11,5,4,4,6,6,3,8,4,7,7,4,5,3,7,8,7,4,5,3,6,3,6,10,7,4,6,5,5,8,8,4,9,7,7,8,2,6,10,13,10,7,10,4,12,3,7,4,10,7,7,1,7,9,4,9,2,8,5,5,13,11,7,8,3,1,6,6,5,7,5,6,5,8,7,5,4,3,6,3,9,8,5,5,7,4,2,5,5,10,6,3,3,9,9,6,4,10,8,7,4,5,6,6,3,7,8,1,11,10,6,4,5,4,3,7,7,6,1,6,6,3,6,12,6,2,7,4,8,6,3,8,6,6,8,7,6,7,8,6,4,2,3,3,7,6,9,9,14,3,3,6,4,7,2,8,7,6,5,6,9,2,9,1,3,8,4,6,13,8,13,9,6,6,11,6,9,6,4,7,5,7,4,4,4,2,6,11,8,4,10,3,7,7,2,8,8,8,6,6,10,6,11,3,10,5,7,5,7,8,7,3,7,8,5,6,5,5,4,6,6,6,7,11,4,7,3,5,14,11,6,7,3,6,9,5,5,2,6,8,10,7,4,12,10,7,7,2,4,9,7,10,9,10,8,5,11,10,5,6.174,11.264142440882,1.08385755911797
6,4,11,7,3,4,5,8,5,4,4,5,9,8,11,7,4,6,4,14,5,6,5,6,4,6,4,7,6,4,6,9,8,8,6,6,9,7,7,2,4,5,5,7,9,4,6,2,1,6,3,8,8,4,7,4,4,6,10,8,8,7,2,5,12,7,6,8,8,4,11,3,7,6,8,4,4,10,2,4,8,7,10,5,6,8,6,6,9,8,8,6,8,7,4,8,5,10,1,11,5,7,9,3,3,6,6,6,8,7,8,9,8,8,11,3,3,5,6,4,4,6,7,8,3,2,7,7,10,2,12,3,8,5,7,4,6,8,9,12,2,6,9,7,9,1,11,6,12,4,8,7,8,10,9,9,3,5,7,3,5,5,5,4,3,5,4,5,7,3,13,8,6,5,4,5,12,6,11,5,4,7,3,4,11,7,1,7,7,6,8,5,10,7,5,5,2,6,6,5,7,10,3,2,9,9,6,6,10,9,6,8,5,6,5,4,7,7,5,3,5,6,6,3,3,1,7,11,8,5,4,3,11,5,4,6,0,2,9,4,6,2,7,8,3,6,9,4,3,6,5,9,1,6,6,13,8,9,7,8,8,6,7,3,6,5,4,8,11,6,7,8,5,6,5,6,5,13,3,5,3,5,6,8,8,4,6,8,3,6,5,6,4,3,8,7,5,4,5,6,7,4,8,5,5,9,4,12,4,5,5,4,13,2,7,5,12,2,9,5,6,5,8,8,3,3,4,2,5,4,15,7,9,7,5,3,10,6,7,4,7,6,3,5,1,9,8,4,6,1,10,7,5,4,6,10,3,8,0,7,5,6,5,5,9,7,10,4,11,8,2,10,9,5,6,4,5,5,8,7,5,5,6,5,6,3,3,4,4,8,7,10,6,7,7,7,5,4,6,6,4,6,2,15,6,8,6,6,9,4,6,8,4,5,4,8,5,7,5,4,7,5,6,6,6,3,5,6,9,10,7,5,9,2,4,5,9,5,9,3,6,9,4,6,4,9,4,11,6,6,8,13,6,6,5,8,5,14,2,3,11,7,5,8,7,6,6,5,9,5,3,8,6,8,5,6,7,6,9,3,4,4,8,6,3,3,10,12,4,7,8,7,6,15,7,1,5,8,7,7,10,3,9,4,7,6,6,10,8,7,5,5,4,7,8,8,6,13,4,6,4,3,14,8,10,8,4,9,8,4,8,6,3,7,8,7,8,10,6,10,9,6,3,3,5,10,8,3,5,3,5,3,5,3,4,8,7,8,7,5,7,12,4,7,4,9,8,6,7,4,6,3,3,5,4,2,8,6,4,10,2,11,9,5,6,5,8,5,7,2,5,5,4,7,6,2,13,1,9,7,6,6,12,3,9,7,8,6,2,5,3,6,3,7,5,10,7,3,3,8,6,6,7,2,6,11,6,6,9,5,6,5,3,11,6,6,9,7,9,12,4,10,3,6,2,7,7,4,2,3,2,4,6,4,5,5,6,5,10,5,7,5,9,3,8,3,4,6,8,3,3,5,3,6,6,6,4,2,11,9,6,7,4,4,4,2,6,11,3,7,7,7,4,5,11,5,6,3,7,7,2,11,9,5,9,6,8,4,4,6,4,6,5,8,4,6,4,3,5,5,9,9,6,1,6,7,7,6,3,5,5,5,3,8,7,2,7,9,4,9,5,3,7,6,4,4,6,7,4,5,0,4,3,1,7,5,7,8,10,8,4,5,4,5,12,7,7,3,7,3,6,6,8,9,6,6,4,5,2,5,9,2,6,4,4,17,10,5,6,6,11,3,8,8,5,6,10,3,4,6,10,4,9,4,9,7,4,7,7,6,5,7,7,5,3,9,2,2,2,7,7,9,8,8,4,6,6,13,6,4,6,2,10,5,8,15,4,3,12,6,7,6,3,4,7,5,3,9,4,5,5,6,5,2,6,4,6,2,10,8,5,7,8,3,7,5,6,5,12,9,8,9,5,6,6,6,6,8,3,11,7,7,2,9,7,6,8,3,8,9,1,4,6,5,8,6,10,6,5,9,8,4,9,5,4,5,8,5,8,5,5,7,4,7,6,7,7,6,1,5,3,12,2,3,6,3,4,8,6,4,4,11,7,6,11,3,12,8,3,6,10,4,2,6,5,5,6,8,6,5,6,6,5,7,2,3,11,12,9,2,10,2,9,11,6,4,6,7,4,5,7,4,9,4,3,9,8,6,6,5,4,8,5,5,9,7,6,6,6,3,4,1,5,4,8,6,3,7,7,2,6.103,11.1956601745309,1.01033982546908
6,9,5,6,5,4,5,4,4,7,2,4,8,8,5,4,3,3,6,5,8,7,10,4,9,13,12,9,8,9,9,3,7,6,18,4,7,5,10,3,9,5,8,5,10,7,3,6,4,5,2,14,5,6,4,7,4,10,10,6,8,10,11,7,6,9,3,5,8,9,7,7,2,5,7,6,8,8,5,7,5,4,7,10,8,6,7,4,8,7,4,10,3,9,7,1,4,6,4,8,8,7,6,9,5,4,3,6,9,6,8,5,7,6,6,3,5,5,4,9,8,2,6,9,7,4,5,7,4,6,9,2,1,4,5,8,5,7,5,5,4,2,6,7,7,5,14,3,9,8,4,7,7,8,6,2,7,9,4,5,2,4,11,10,10,4,3,4,1,3,4,12,5,7,6,4,13,11,5,8,4,5,4,13,6,8,11,8,6,3,5,6,4,6,14,6,6,6,13,8,6,9,9,10,8,6,6,7,5,8,8,7,9,7,5,9,4,7,6,5,5,5,8,6,14,6,4,7,3,9,7,3,8,7,9,5,9,7,4,5,8,10,8,7,5,9,6,3,6,2,6,7,6,6,4,9,3,2,8,2,9,11,12,8,7,5,5,9,7,6,8,8,7,3,8,7,8,5,4,4,7,6,0,5,6,4,6,4,5,4,9,12,11,3,10,7,7,6,3,8,10,1,4,14,4,6,9,9,7,5,7,6,4,8,2,5,3,7,8,12,10,5,3,7,10,10,10,4,13,7,9,7,7,5,2,4,7,5,7,5,4,4,8,6,3,8,11,14,3,12,7,10,8,7,4,7,5,3,6,3,4,11,10,7,7,3,2,3,6,6,4,9,3,6,5,7,8,9,3,4,7,5,3,5,4,5,2,8,3,5,7,8,8,7,3,5,7,11,5,5,7,4,2,5,2,6,3,7,9,8,3,11,6,9,5,4,6,8,8,10,12,6,4,11,7,6,6,4,10,2,7,10,7,8,4,6,7,9,1,9,4,6,11,3,7,7,7,7,9,6,4,7,7,10,2,9,7,11,7,7,5,4,4,10,7,0,5,10,5,4,4,7,6,5,4,7,7,5,3,10,2,3,5,10,8,2,13,6,11,5,6,8,5,9,10,9,4,5,5,4,4,8,11,6,7,9,10,7,7,8,8,6,10,6,6,6,4,6,6,6,11,7,5,12,4,5,4,12,2,10,6,6,5,5,4,8,4,6,4,2,5,4,8,9,4,8,5,8,9,3,5,7,6,1,4,4,6,10,8,4,8,4,6,4,7,8,4,6,4,8,6,8,14,8,7,4,3,10,4,5,6,8,8,6,10,8,12,7,5,12,5,3,7,2,4,6,4,7,6,6,2,7,10,3,2,7,7,6,8,5,6,2,8,7,4,7,4,5,7,9,3,3,2,3,6,5,4,5,4,9,5,5,5,9,12,8,4,10,5,4,5,9,5,5,3,4,4,3,4,11,6,2,2,13,8,6,5,6,5,2,3,6,1,3,7,8,2,10,6,9,6,6,6,3,9,9,6,4,10,5,8,8,10,7,7,7,7,2,5,7,8,4,3,7,8,4,4,11,8,9,3,6,4,6,3,4,3,4,4,5,5,13,4,3,4,4,6,7,7,4,1,12,2,3,4,6,3,3,5,3,7,8,4,4,4,5,5,6,5,7,7,2,7,6,8,4,7,3,7,8,6,7,3,7,5,11,3,9,6,10,5,7,3,10,6,9,7,4,6,7,4,5,3,6,8,5,6,11,8,6,9,8,4,5,5,5,5,6,5,4,11,7,4,4,9,6,8,4,9,8,7,5,7,7,3,9,5,8,5,9,4,6,4,4,6,3,5,6,7,5,9,5,5,4,6,9,2,4,7,11,10,5,5,6,11,6,7,9,9,4,5,8,6,8,3,9,5,6,9,7,6,5,2,2,3,5,7,4,10,2,6,13,4,13,6,8,6,8,2,8,8,10,7,4,9,7,5,10,3,6,11,7,4,5,4,4,7,5,10,7,8,3,8,7,7,1,4,10,6,5,10,7,8,7,2,9,9,8,4,8,11,10,4,12,6,8,7,10,5,5,6,14,8,6,8,5,5,6,5,5,9,10,6,9,5,8,8,5,4,8,8,1,5,5,2,4,2,9,8,6,6,8,7,9,5,4,5,8,8,4,5,5,6,4,9,8,3,3,4,10,5,3,6,6,6,4,2,9,9,4,8,7,7,8,10,11,3,5,10,10,10,7,6,9,2,4,4,5,5,2,6.278,11.4091473237921,1.14685267620794
11,3,6,8,7,9,5,7,9,11,9,3,2,3,11,1,7,5,11,5,9,7,7,8,4,10,12,9,9,4,12,8,6,5,5,3,4,6,6,6,5,6,8,9,8,5,8,2,8,3,6,7,4,5,6,8,5,6,7,8,5,6,8,6,8,5,2,6,6,4,9,4,9,6,2,2,7,2,3,6,4,6,13,8,8,10,12,10,7,6,8,5,9,4,10,4,6,5,6,3,2,4,11,5,6,6,6,7,7,4,3,12,8,11,8,4,6,6,4,4,5,2,7,4,7,2,6,8,4,9,5,12,5,6,8,5,2,5,14,6,9,7,8,5,7,4,9,5,11,6,7,6,7,3,3,2,4,7,10,6,9,7,4,5,8,8,5,6,5,3,3,2,9,5,2,5,10,12,8,4,8,5,3,6,5,4,4,7,13,9,6,3,6,6,6,2,7,4,11,6,3,4,7,8,11,3,11,7,7,8,6,5,2,4,5,7,3,10,8,9,5,3,6,4,8,5,5,2,4,7,4,3,8,9,6,5,7,9,4,6,5,5,7,3,9,8,4,7,8,5,1,6,3,12,13,11,7,9,13,6,7,10,12,6,4,2,4,14,6,12,5,7,6,3,8,7,4,8,5,10,6,5,2,7,5,7,4,11,7,6,3,4,6,6,5,10,11,6,8,7,7,5,4,6,5,5,5,11,8,3,1,4,1,4,6,7,6,8,13,8,8,7,8,8,5,4,7,4,3,3,8,10,6,5,5,6,9,6,4,4,6,6,6,6,3,10,7,11,6,4,10,11,4,4,7,7,8,7,7,5,3,9,7,12,9,6,7,7,7,8,8,7,5,9,10,11,7,1,4,4,5,2,10,7,8,6,8,3,5,5,6,9,7,5,5,4,10,5,5,10,6,6,6,8,6,11,3,7,12,5,9,8,8,4,2,6,2,9,6,3,6,6,6,5,6,9,5,8,9,6,4,5,6,9,4,7,10,10,8,5,6,6,8,9,7,10,5,5,5,4,7,11,4,7,6,8,7,8,12,5,6,4,6,7,11,4,2,10,8,7,3,5,12,6,8,3,1,1,5,4,5,11,5,7,7,11,6,4,4,8,6,3,8,10,5,4,5,6,6,5,8,2,6,4,7,5,8,7,11,13,7,8,6,2,4,3,5,5,3,5,7,3,15,7,5,7,1,7,6,5,6,4,8,3,5,5,6,11,11,4,7,9,6,6,2,9,3,6,10,5,5,5,3,4,6,15,5,2,11,3,3,4,7,6,3,8,11,4,7,10,6,9,6,4,8,6,9,5,4,7,11,5,4,6,5,2,7,3,3,4,1,6,7,4,6,1,2,5,4,6,5,11,7,9,8,6,6,6,4,7,10,6,3,8,8,7,6,5,6,8,1,6,4,8,4,4,6,11,9,6,8,3,5,6,9,11,4,5,7,7,8,10,5,9,5,1,4,5,3,5,7,6,5,7,7,8,9,4,11,3,5,3,9,4,9,4,7,6,7,10,6,3,13,9,5,5,6,5,10,6,7,5,7,7,4,3,1,10,5,10,2,6,7,9,13,8,8,9,6,7,2,6,8,4,9,6,8,6,5,3,4,12,8,5,8,7,6,4,4,6,2,8,5,3,7,4,3,3,4,6,4,2,6,4,5,10,4,9,7,7,4,6,7,8,5,4,5,5,5,12,2,12,9,2,4,5,5,4,8,2,3,7,4,9,12,4,4,9,5,6,7,8,8,11,8,8,7,7,6,11,3,7,3,8,5,8,2,7,3,4,10,6,3,6,5,5,4,5,8,7,5,9,9,11,6,2,4,11,12,8,4,4,3,6,7,5,2,6,8,3,6,4,8,5,5,1,7,8,7,9,10,4,9,6,6,12,5,5,2,8,4,6,3,6,3,3,6,5,10,8,7,8,8,7,10,5,3,2,7,5,4,6,6,10,2,10,5,11,4,5,7,5,7,4,5,6,10,9,7,12,4,7,11,6,4,4,5,8,9,7,2,12,3,4,6,1,5,10,5,8,4,8,4,6,3,8,8,3,10,9,7,12,0,9,10,12,4,4,7,8,5,12,4,7,5,6,7,5,12,8,8,8,7,12,8,4,9,5,6,8,8,5,7,6,0,8,8,6,10,7,5,10,7,6,6,4,9,7,3,6,5,4,7,8,8,5,7,4,3,8,14,11,6,7,4,10,6,3,7,7,7,2,12,7,11,10,1,1,2,4,5,2,5,6,7,7,8,5,7,5,6.291,11.4816085855021,1.10039141449793
4,4,9,5,2,7,4,6,1,4,4,9,13,5,6,5,6,9,6,8,4,9,8,9,10,7,9,6,15,4,8,11,3,10,7,8,5,3,5,6,8,4,6,5,5,4,7,3,6,3,2,12,6,5,6,8,3,9,1,6,5,7,8,5,9,6,3,7,6,5,5,6,7,5,11,9,7,8,6,6,5,4,8,5,2,8,8,5,13,7,8,7,7,10,5,8,6,4,7,8,3,6,8,6,6,6,7,9,7,7,6,7,15,8,5,6,5,7,5,11,6,7,3,6,4,3,6,6,10,5,6,8,7,6,12,8,5,7,4,8,3,4,3,8,11,9,5,4,5,9,5,7,3,7,4,3,7,8,4,1,6,10,10,6,4,6,7,10,5,7,8,7,11,5,7,3,8,11,3,7,6,2,2,7,6,3,5,8,4,4,6,7,4,12,9,4,7,8,4,5,5,4,4,13,7,8,9,1,4,8,12,3,7,13,4,5,5,15,5,6,9,5,5,6,8,1,8,8,6,6,5,8,7,5,6,5,9,5,5,7,6,8,4,4,7,8,3,8,5,1,4,10,5,12,3,10,8,8,8,6,7,4,9,6,6,5,11,5,6,13,6,3,5,3,7,6,12,4,4,8,5,4,6,5,9,7,0,7,6,9,9,3,9,6,7,7,5,10,7,6,7,6,2,4,7,5,3,6,7,1,7,8,6,3,6,6,8,5,9,5,4,6,6,5,4,5,8,6,11,4,7,6,3,9,5,1,5,3,7,8,7,7,7,8,4,7,6,10,3,2,10,6,5,1,8,9,5,6,4,4,4,3,13,5,8,3,8,5,7,10,8,10,6,6,7,5,12,3,7,3,6,3,6,5,2,8,8,7,4,7,4,10,12,3,6,10,9,3,14,9,5,9,3,3,8,5,6,3,6,7,5,6,8,7,8,9,5,4,9,10,10,9,1,4,7,6,5,12,4,5,8,9,6,9,4,8,1,8,2,6,6,4,5,6,9,12,7,7,5,5,8,11,8,7,4,8,4,7,4,7,4,4,6,3,2,3,8,6,5,7,4,9,6,5,6,9,9,5,6,6,4,8,8,6,6,3,9,10,2,12,3,6,6,9,3,3,6,5,5,4,4,2,4,4,6,4,3,8,6,5,7,4,9,6,6,8,8,3,3,8,3,8,7,5,8,8,9,10,6,4,1,7,7,10,6,4,5,3,5,9,8,8,10,4,8,4,3,4,9,3,7,2,5,5,12,7,5,8,7,7,10,4,11,5,3,6,4,7,9,5,6,4,6,3,5,6,7,6,4,5,3,8,13,3,14,10,3,8,2,3,8,8,1,6,6,5,10,4,10,5,4,8,9,2,7,4,7,4,5,4,5,5,6,7,3,7,11,3,4,3,4,8,5,9,5,4,8,5,7,7,11,4,10,9,9,6,6,7,3,12,4,7,2,11,8,5,5,4,7,3,2,4,4,7,9,7,7,1,4,7,6,5,9,5,4,2,6,10,7,7,11,7,5,7,3,0,4,3,9,7,7,8,11,7,5,10,12,6,3,5,6,4,6,12,7,5,7,9,8,6,1,5,8,4,1,5,4,4,5,6,3,7,9,10,4,6,2,11,2,10,5,8,6,8,7,7,4,4,9,10,4,5,4,2,5,4,4,6,3,8,3,7,4,7,2,2,5,8,3,7,7,12,10,2,4,3,10,7,7,5,3,6,5,6,9,6,4,4,8,6,3,4,4,10,5,7,14,7,6,1,10,9,5,5,8,3,2,9,9,6,7,3,7,5,5,7,7,4,5,7,7,6,3,9,3,9,6,11,5,9,6,7,9,8,5,4,3,2,6,1,5,7,6,7,7,6,3,10,11,5,2,4,3,5,7,6,7,7,5,8,5,8,9,12,3,5,2,15,5,8,7,3,7,5,5,7,3,6,7,10,1,7,10,8,7,7,4,6,5,9,9,7,5,4,8,8,4,4,10,3,3,9,2,7,6,7,12,8,12,4,3,4,4,7,9,6,4,6,3,8,5,6,7,4,6,8,6,6,4,6,10,6,10,7,9,7,4,10,10,7,5,9,6,6,3,8,6,4,8,3,8,4,8,5,6,5,6,7,4,1,4,7,4,8,6,7,3,4,5,7,3,8,7,10,9,7,3,7,2,6,4,6,9,9,3,4,8,6,4,8,6,8,11,4,4,8,8,3,5,9,6,3,10,6,6,12,7,9,10,7,7,5,6,4,6,3,5,8,4,9,6.19,11.2232305778744,1.15676942212559
5,1,11,11,6,2,4,8,4,5,4,3,7,8,6,6,7,4,2,7,7,7,8,2,9,3,16,10,8,4,11,5,7,10,4,5,3,1,11,6,6,15,5,8,6,12,6,3,2,2,5,4,6,1,4,7,3,10,8,3,11,3,3,4,9,11,8,4,5,6,6,9,12,5,6,10,10,8,0,8,5,4,7,8,4,4,4,5,6,11,11,7,6,5,5,7,11,6,2,5,3,3,11,10,5,3,4,11,5,12,6,8,9,5,4,3,2,3,3,5,2,8,5,8,5,4,4,11,11,4,4,7,13,5,6,7,4,8,2,6,5,4,4,7,7,7,14,2,10,6,2,8,6,11,8,12,10,3,8,5,4,7,6,5,7,4,3,3,10,6,3,7,4,7,3,3,14,6,8,7,8,4,7,6,3,3,9,10,2,5,4,5,6,6,11,5,6,4,9,9,5,8,7,3,8,5,9,9,5,10,5,9,2,6,5,7,4,4,9,5,4,6,8,6,11,3,4,10,8,5,6,8,5,4,5,7,7,1,4,11,7,9,13,6,4,8,2,6,6,6,3,5,3,8,10,5,7,6,7,4,5,4,5,8,9,6,6,6,7,6,3,3,6,7,10,7,6,8,4,4,4,5,5,6,5,7,5,9,2,4,9,9,7,2,7,6,2,10,4,3,14,5,2,9,6,7,9,7,9,2,4,4,5,5,6,8,5,10,6,10,6,6,5,8,4,5,4,4,6,5,8,2,12,5,4,4,4,5,6,13,6,6,8,1,6,4,10,8,10,7,4,10,10,7,7,5,6,7,8,5,6,9,10,7,4,6,4,7,9,4,10,8,6,7,5,6,8,4,6,6,5,4,5,2,6,3,8,6,6,6,9,8,6,7,3,2,6,5,13,7,6,7,11,13,6,5,6,7,8,8,4,10,6,2,9,1,15,8,8,7,7,15,6,6,4,6,6,6,6,5,6,8,8,5,9,3,4,5,4,8,2,2,4,7,8,9,5,6,4,7,3,10,5,8,3,15,5,15,8,7,8,9,5,7,7,3,5,9,8,8,5,5,10,6,6,3,1,3,3,5,7,6,6,7,8,4,7,11,10,5,5,3,8,8,13,4,2,12,6,6,12,6,7,10,5,5,2,1,7,6,7,8,6,7,8,9,3,9,5,11,5,7,4,9,4,5,5,10,5,7,6,15,6,7,1,8,2,10,5,3,6,9,5,2,4,8,4,4,3,8,5,5,10,5,10,2,6,10,4,7,10,3,6,7,2,7,6,7,5,6,5,9,4,9,7,5,7,11,5,12,8,3,7,6,9,2,5,6,3,15,2,3,5,5,3,7,10,1,8,7,9,7,6,7,7,3,6,5,8,5,7,7,7,4,4,4,8,8,3,4,4,5,9,2,3,14,6,11,8,2,9,8,5,3,7,6,8,5,3,5,4,8,4,5,7,1,6,2,7,9,3,8,2,8,5,5,2,3,7,2,4,3,9,6,7,8,6,8,7,4,5,4,5,8,2,8,6,3,8,6,6,3,11,3,6,7,11,11,3,4,6,1,5,10,7,8,6,2,12,8,7,5,3,4,10,5,7,3,10,6,4,12,8,5,8,6,6,11,10,4,2,8,5,3,4,4,7,6,4,12,4,6,5,4,6,7,6,5,8,6,9,8,10,5,7,3,3,4,7,3,4,3,6,8,7,7,2,4,5,4,3,6,5,7,8,13,6,8,8,3,7,11,7,5,8,6,9,4,7,6,10,2,3,6,6,12,4,8,5,10,5,2,9,3,7,4,11,4,3,9,4,4,9,8,8,8,5,5,4,9,4,4,7,3,12,7,5,5,7,7,12,7,9,7,6,10,7,5,10,7,8,4,9,4,8,10,5,6,3,5,6,3,6,3,5,3,7,7,5,8,4,6,6,4,9,7,8,6,7,3,5,9,3,3,12,7,5,8,5,5,14,5,4,10,3,5,6,8,5,4,8,7,7,5,1,9,7,7,3,7,5,7,2,6,16,7,4,6,3,6,12,2,5,12,6,7,7,7,3,9,13,12,5,8,9,6,6,3,4,6,6,5,3,8,7,4,4,7,10,4,9,3,5,3,13,3,6,11,5,5,7,3,5,8,4,5,7,4,9,6,5,10,6,6,6,5,10,10,4,7,7,6,5,8,5,5,9,6,12,5,5,7,6,7,10,4,10,8,5,7,5,9,7,8,6,6,8,5,2,6,7,10,5,6,7,5,4,7,10,4,6.248,11.5717994208905,0.924200579109502
9,4,5,11,5,4,4,5,4,5,8,11,9,5,6,3,5,5,5,7,5,6,7,5,1,6,14,3,7,9,6,8,5,8,10,8,8,10,6,1,4,11,9,3,4,5,5,7,8,9,2,4,8,1,1,6,4,8,11,4,7,9,6,4,13,10,6,7,5,6,3,3,10,5,7,7,5,8,5,7,7,6,12,6,8,5,8,3,6,10,7,4,4,11,4,3,10,9,3,9,2,8,7,5,6,5,3,8,8,6,5,6,8,4,7,7,3,5,6,7,4,4,5,4,4,3,8,10,5,6,10,5,4,10,9,4,3,13,6,5,2,6,9,6,8,4,4,8,12,4,6,4,6,6,7,2,6,5,3,3,8,6,11,7,4,6,3,7,5,7,5,14,10,5,5,5,9,6,4,12,6,7,1,5,7,8,6,6,6,3,5,4,3,11,5,4,3,5,11,2,8,6,9,6,6,5,5,8,8,2,7,3,4,6,6,6,9,5,2,6,6,7,2,12,11,2,5,6,6,9,9,5,2,7,8,6,4,3,5,5,8,10,8,5,3,10,7,6,6,7,7,7,7,6,5,12,8,8,3,5,9,6,7,4,7,6,9,7,12,5,8,8,6,3,9,9,9,8,3,5,8,12,6,8,9,11,6,14,4,7,7,3,7,2,9,7,12,5,4,8,12,4,4,8,7,3,16,8,9,5,6,4,8,1,7,4,4,4,5,4,8,6,6,5,6,9,7,5,8,5,6,6,5,7,4,5,4,4,1,5,5,7,5,4,5,12,9,3,3,10,9,11,5,5,6,5,2,6,6,9,8,9,11,8,5,6,13,7,8,7,7,4,8,5,10,11,5,5,4,0,5,3,2,7,4,6,2,6,5,10,7,5,4,7,7,3,4,6,8,4,7,5,4,6,7,4,6,5,3,1,8,6,4,5,6,9,4,6,7,10,10,4,5,8,7,7,3,2,8,2,7,4,10,3,2,9,8,11,8,3,6,5,10,5,7,7,13,7,7,6,8,12,11,5,5,9,4,5,3,3,6,1,11,10,6,8,6,6,4,4,4,5,5,8,17,3,2,4,3,6,8,3,7,10,8,9,6,7,7,8,3,6,4,10,9,7,5,5,7,6,8,2,10,6,3,5,8,10,10,9,5,10,5,3,2,5,11,5,5,7,12,6,8,6,4,13,5,3,6,10,1,5,11,2,11,2,7,8,7,6,7,6,6,9,7,8,4,10,11,4,7,5,4,4,10,9,9,7,4,5,10,6,13,12,6,9,10,6,6,5,9,2,6,3,6,5,5,9,5,10,8,2,8,3,4,10,3,7,7,4,6,8,5,8,12,5,5,5,5,4,5,8,4,6,7,3,10,13,9,4,10,4,5,9,5,9,7,9,7,6,3,3,3,3,1,5,4,6,5,2,4,8,8,4,10,6,8,9,12,8,3,2,3,7,3,3,4,3,2,5,4,3,8,6,0,11,6,9,7,1,8,4,5,3,2,7,4,6,4,9,4,3,3,8,6,5,6,6,7,8,7,6,6,3,5,6,7,6,8,6,4,6,6,9,11,5,6,6,7,7,8,10,6,7,9,10,11,6,8,5,3,9,8,7,4,5,10,3,4,7,6,11,7,1,7,3,2,7,7,8,11,8,2,8,5,6,7,6,7,3,9,5,5,6,7,6,3,5,13,13,0,9,4,3,5,8,5,10,8,8,2,4,4,8,7,2,6,7,9,8,1,7,6,10,7,6,3,8,8,4,7,10,3,1,12,9,4,1,11,9,6,3,4,5,5,5,7,4,6,4,11,5,9,5,5,11,0,11,6,10,5,3,1,4,12,7,5,7,9,10,7,7,5,4,7,5,9,11,11,10,5,11,6,8,12,5,8,11,7,6,5,8,8,3,7,7,14,9,3,6,5,8,6,7,6,5,4,10,9,6,5,3,3,12,9,6,5,5,9,9,8,6,5,3,4,5,9,3,7,9,9,11,4,2,8,4,4,6,9,8,4,6,8,5,8,1,4,6,6,5,4,5,8,6,5,3,8,6,5,12,4,8,7,10,9,6,3,8,10,5,7,8,8,7,4,7,3,4,8,10,11,7,8,8,11,6,7,6,9,5,3,4,5,8,4,5,6,11,7,3,10,6,6,10,6,6,5,6,6,7,3,8,8,5,7,6,1,8,4,4,11,7,4,2,8,6,6,4,9,9,4,7,5,5,4,10,4,5,7,4,5,7,6,9,4,3,2,7,5,2,6.288,11.5246102410258,1.05138975897422
8,7,10,7,5,6,6,5,0,9,5,12,14,8,9,8,8,3,6,12,7,11,11,10,6,10,12,5,11,3,4,9,10,11,10,6,4,7,3,0,5,7,7,9,5,6,7,5,6,5,7,7,5,2,1,4,9,5,5,7,10,10,9,3,6,7,6,5,5,5,4,8,4,7,8,8,7,5,4,3,11,3,8,8,3,6,10,7,9,5,3,6,6,10,8,10,5,8,7,5,3,5,7,4,5,6,9,7,7,13,4,6,9,8,4,3,3,7,3,7,3,4,6,3,12,7,6,8,6,3,7,9,9,2,7,3,3,3,8,4,6,4,9,5,14,9,13,8,8,3,5,3,8,8,7,2,7,6,9,9,3,2,4,5,3,7,4,3,6,5,9,10,4,4,7,1,6,5,5,9,9,8,7,9,4,5,5,4,11,6,11,6,4,4,8,4,7,9,6,7,8,9,5,3,6,4,8,6,6,9,5,6,5,4,7,10,8,3,3,3,4,3,8,3,8,6,3,6,6,3,5,3,8,8,9,6,5,7,4,7,8,5,12,2,6,7,4,3,10,6,6,7,9,6,5,9,4,5,6,4,11,7,6,6,8,3,4,6,6,3,7,9,10,4,9,4,6,4,5,7,3,4,3,6,7,8,5,7,8,6,8,6,4,6,4,7,6,11,6,11,8,2,5,7,3,7,7,5,4,3,5,9,7,5,5,7,11,7,11,5,7,3,2,15,8,9,6,5,6,2,15,11,8,4,7,6,9,6,6,4,7,3,4,7,7,7,6,6,7,6,13,8,4,4,6,7,6,4,6,3,9,2,8,7,5,8,9,5,9,9,4,14,6,4,11,5,8,3,7,4,9,10,6,2,11,7,2,7,5,10,8,8,8,1,3,3,4,6,8,11,6,4,3,5,9,6,4,5,11,3,4,9,6,8,4,2,9,10,4,8,7,8,4,7,4,5,8,6,8,5,8,3,10,4,3,5,8,8,5,3,11,1,7,3,4,7,5,6,10,3,5,7,6,5,5,5,4,8,6,6,7,3,4,8,7,5,6,7,8,5,7,5,11,6,6,6,7,8,10,5,4,6,7,10,6,3,13,10,2,6,8,13,6,10,5,4,8,10,6,5,9,8,3,7,2,2,7,10,6,6,6,13,10,7,5,5,6,6,9,11,8,6,5,10,7,8,5,7,5,8,4,5,10,8,8,6,1,7,8,12,6,6,12,10,9,9,11,11,10,2,6,7,4,3,7,10,3,10,5,2,13,7,2,8,8,6,4,3,4,12,11,8,9,3,6,3,6,7,0,12,12,4,8,8,9,1,11,6,5,8,6,6,4,2,6,2,4,3,11,1,9,8,10,2,8,8,5,4,4,5,7,8,14,6,9,4,5,10,2,10,4,3,7,2,7,3,4,13,7,4,4,9,10,7,7,9,4,6,6,7,6,15,4,5,8,3,13,7,3,8,7,4,3,6,4,11,7,10,5,2,4,3,7,2,10,9,3,11,9,5,8,6,7,8,7,6,1,5,6,6,7,7,12,4,8,4,6,7,5,8,3,10,6,13,6,6,7,4,3,7,3,6,2,3,3,8,5,4,7,6,8,12,11,3,5,3,3,7,6,7,7,11,5,2,11,9,2,6,2,8,2,9,6,6,4,10,4,14,8,9,8,5,6,6,1,7,7,7,9,5,3,7,2,6,5,5,5,5,2,4,7,4,4,8,9,8,10,9,12,7,6,8,8,12,9,3,11,7,4,8,6,6,5,7,7,5,3,4,3,7,8,7,3,4,8,4,4,5,2,5,3,5,9,4,6,3,5,11,5,11,9,7,7,4,6,3,7,2,4,3,6,4,11,7,8,7,8,6,6,12,4,3,11,7,8,8,5,8,8,9,5,4,5,10,6,5,5,4,7,6,5,11,7,6,6,6,6,3,7,7,8,11,5,6,6,11,5,8,7,7,3,6,9,3,11,4,9,6,7,5,12,4,5,2,4,5,6,7,5,7,7,5,6,6,7,3,5,6,6,8,4,8,5,6,7,7,8,3,8,7,4,9,5,14,10,2,9,7,10,7,4,7,6,8,8,5,5,3,10,6,7,6,1,11,8,3,11,7,5,4,7,3,13,8,7,6,5,3,8,4,8,11,6,3,2,6,11,10,9,3,3,9,8,3,5,4,10,4,3,5,3,8,7,6,5,5,8,10,5,5,4,10,7,12,5,8,2,5,10,6,8,6,4,9,4,9,8,9,12,5,6.382,11.6511942809096,1.11280571909045
9,6,9,5,9,8,5,6,5,3,3,4,3,3,5,6,8,4,9,9,8,5,7,6,5,5,5,5,4,9,4,10,8,3,5,5,11,7,4,0,7,11,5,6,2,2,3,3,3,6,5,10,3,8,3,9,7,5,3,8,9,4,8,4,4,6,4,5,7,4,2,6,8,8,7,10,4,11,6,5,5,6,11,8,3,4,7,8,10,6,10,5,5,7,6,9,6,16,11,6,5,4,4,6,8,5,7,11,12,5,6,8,8,4,10,3,4,7,12,6,3,5,7,4,7,3,3,6,5,4,7,5,0,4,7,5,3,9,6,5,4,7,7,9,5,12,13,4,7,4,9,4,6,8,7,1,5,6,6,6,6,11,6,8,1,4,5,5,7,8,6,6,6,8,6,6,11,8,6,6,8,7,5,10,11,4,7,7,6,2,4,4,6,6,7,6,8,4,14,5,7,7,10,7,9,7,11,3,4,6,6,6,7,10,7,3,6,8,8,4,5,5,5,6,5,4,3,5,11,8,6,4,5,9,5,2,7,4,2,10,9,0,6,1,5,10,9,8,6,4,6,6,9,9,3,7,8,1,13,7,8,6,12,7,3,5,6,5,8,14,6,6,4,5,11,10,8,4,5,11,2,7,3,8,2,12,10,5,4,7,7,7,5,7,4,8,4,10,10,4,7,4,3,7,13,1,2,9,5,7,5,10,8,10,3,8,3,10,9,10,6,8,5,8,2,11,5,3,3,6,8,6,3,4,4,5,10,6,4,5,6,10,4,5,8,6,1,8,8,6,7,4,6,3,9,10,6,7,4,2,4,8,10,6,3,7,4,8,4,9,5,11,1,8,7,15,7,5,4,5,5,4,8,9,8,7,4,6,4,5,4,5,9,5,12,2,5,7,16,9,10,11,2,5,4,10,5,3,7,10,9,9,6,1,6,7,10,7,8,1,10,6,4,13,9,8,8,8,10,6,7,4,5,8,6,4,4,10,3,7,7,5,4,8,8,8,7,6,5,9,8,10,7,8,2,7,5,4,6,5,7,8,4,4,6,4,2,10,4,8,5,5,4,6,4,5,2,3,5,5,4,8,8,10,8,8,7,6,8,7,5,6,12,5,7,3,8,7,5,5,7,3,13,5,6,4,4,4,7,12,3,14,7,11,6,6,5,5,4,12,4,4,6,4,5,7,5,5,10,8,3,2,4,2,3,10,8,5,4,7,4,6,11,7,7,6,4,7,9,4,8,4,6,4,10,11,6,6,8,4,10,6,13,4,5,1,8,9,5,5,4,5,8,7,3,5,6,11,2,7,8,2,10,8,2,4,6,3,3,9,6,6,5,6,6,5,10,7,6,7,6,3,11,6,6,4,7,6,8,6,15,4,7,8,1,5,5,3,5,4,3,6,5,4,5,2,7,8,7,11,12,7,8,8,7,6,9,7,5,11,7,5,7,2,6,4,5,4,7,3,8,5,0,10,6,7,10,4,5,9,9,4,4,3,4,8,11,10,5,6,7,6,7,11,5,4,2,4,6,9,6,7,12,7,6,6,11,3,7,4,7,5,8,12,10,8,11,4,8,11,4,6,7,5,6,6,6,5,4,7,8,8,5,3,5,9,4,8,6,3,2,10,4,3,3,2,4,8,3,4,5,1,3,8,2,9,5,8,3,5,5,8,9,10,2,6,6,4,3,16,4,12,4,5,10,3,6,6,7,4,4,3,5,5,6,4,5,5,8,12,4,3,3,5,11,9,6,8,6,8,8,8,4,4,5,8,8,7,5,6,3,3,4,1,7,6,14,8,2,4,7,9,9,7,6,8,8,7,9,8,5,7,5,7,5,7,9,5,7,7,14,9,6,6,9,5,5,10,2,9,7,2,9,13,6,10,5,6,7,4,7,9,7,7,5,8,3,8,2,7,5,7,10,3,10,7,3,7,6,7,8,10,4,3,8,6,5,6,3,6,6,12,7,5,8,5,3,7,8,8,9,8,5,6,2,4,2,11,13,9,6,5,8,3,6,7,3,4,6,7,6,8,7,9,8,7,3,6,6,9,10,12,7,9,6,11,5,8,2,6,7,7,6,6,8,7,4,7,14,4,7,7,10,4,11,4,6,7,6,5,4,2,8,6,3,7,8,4,16,10,3,7,6,9,9,5,10,7,7,7,6,7,9,8,3,5,10,8,6,5,15,5,10,7,5,4,12,6,8,11,1,7,6,11,8,8,5,7,4,8,3,4,3,11,2,5,6,9,4,12,6.353,11.6535969469102,1.05240305308981
8,7,7,6,9,8,7,9,2,2,4,9,4,6,2,3,5,9,10,5,5,6,10,4,8,8,9,11,9,4,7,10,5,12,6,8,9,7,5,2,8,4,5,10,9,5,9,7,5,4,1,10,5,4,4,5,5,6,7,4,5,5,2,5,8,2,3,8,10,5,3,6,8,9,8,6,14,7,3,10,6,4,4,8,3,5,7,4,8,7,9,3,10,10,11,3,9,7,4,7,2,6,3,5,5,1,8,11,5,9,6,4,4,9,4,6,3,8,5,4,5,8,6,5,5,2,7,8,6,6,2,7,7,10,2,8,2,12,5,7,5,1,4,6,6,8,4,4,6,11,12,9,10,5,3,9,5,2,7,9,7,4,6,5,5,3,4,4,5,9,4,12,5,3,4,6,9,15,6,11,3,5,10,1,8,8,8,7,7,11,5,7,4,11,9,8,7,6,12,4,7,9,4,5,5,6,7,9,1,3,11,8,5,12,5,2,6,9,5,5,5,6,10,3,5,7,8,7,7,3,3,5,5,5,7,5,8,5,5,4,4,6,8,8,5,10,4,8,7,1,3,15,2,10,4,11,8,5,6,6,13,5,8,6,6,4,9,4,7,4,2,9,2,3,10,9,6,6,5,8,4,6,10,11,8,8,5,7,8,7,9,4,8,3,7,4,7,5,5,4,8,4,6,6,5,5,3,8,10,4,2,8,4,5,9,6,5,5,8,3,5,5,9,3,4,6,4,4,10,7,11,6,7,10,4,6,3,2,8,5,9,5,9,8,0,10,3,6,9,7,10,10,4,5,8,10,6,4,7,2,5,5,8,9,4,8,4,9,9,6,5,6,8,6,7,3,6,5,5,3,4,4,6,7,4,5,4,9,5,2,5,6,4,12,8,9,7,7,9,9,6,2,8,8,9,6,7,9,6,3,9,13,5,9,6,10,5,12,5,6,6,6,3,6,7,7,5,10,5,4,11,6,6,6,8,2,8,11,4,5,4,5,6,8,8,11,6,10,7,2,6,5,2,6,3,5,5,6,9,6,5,4,5,4,7,1,7,3,5,5,8,5,7,7,10,9,9,5,5,7,6,4,8,5,5,11,5,7,5,11,4,3,7,10,7,6,5,5,5,8,4,4,10,4,6,4,9,13,9,4,2,6,8,7,3,8,3,7,4,6,7,2,7,4,8,9,6,6,5,3,5,7,12,4,6,7,6,8,7,11,7,6,9,6,4,7,6,6,6,5,8,2,1,5,8,11,7,11,5,5,9,4,10,7,8,6,9,7,6,8,0,6,7,8,6,7,8,10,11,6,6,4,10,7,11,5,3,7,6,4,7,5,5,5,9,4,10,4,5,5,4,8,6,4,10,4,3,2,3,3,7,6,2,6,5,10,6,3,6,5,6,3,6,5,7,8,5,17,9,6,5,7,6,8,9,11,9,4,9,9,2,6,7,8,4,6,7,5,7,11,10,4,9,6,10,13,8,3,5,5,6,3,5,4,5,5,7,9,2,6,1,5,5,5,5,7,6,3,10,3,6,7,12,5,4,4,12,2,3,10,6,6,5,7,6,3,11,7,9,8,7,9,4,8,8,7,2,3,5,9,5,5,11,3,3,9,6,10,6,5,5,9,4,5,6,4,4,9,5,6,4,0,3,4,6,12,6,8,6,5,4,10,6,9,1,2,3,10,8,8,3,12,4,6,5,9,9,4,2,3,4,11,6,7,7,6,8,8,7,5,5,7,8,6,5,5,6,10,8,3,10,4,3,6,6,4,6,8,5,6,6,4,5,8,3,5,5,2,9,6,8,5,3,3,4,6,5,9,10,7,3,7,5,3,10,7,7,5,1,9,2,10,9,10,8,9,8,5,9,7,4,3,5,8,11,7,9,6,5,6,10,7,4,10,3,5,10,4,3,4,10,1,3,7,11,4,7,6,5,3,7,2,7,9,8,8,6,6,7,3,5,4,7,5,11,4,9,8,5,5,5,3,6,5,4,4,5,7,5,7,6,4,3,4,8,7,4,8,7,5,6,3,7,6,7,6,8,2,9,6,16,5,5,7,10,10,7,3,5,4,9,12,7,3,2,5,6,7,12,5,7,3,5,6,7,5,5,11,4,6,6,3,6,7,8,3,9,1,4,3,6,12,7,5,5,2,4,8,3,1,6,9,5,7,6,5,7,6,6,4,2,7,3,2,8,2,10,4,9,6,7,3,10,6,9,7,11,4,4,5,6,3,5,13,7,3,7,2,7,5,6.202,11.289675992101,1.11432400789901
15,6,9,7,6,3,4,7,3,3,9,4,8,7,6,3,8,5,6,6,6,5,8,6,7,15,9,5,7,9,6,5,10,3,7,7,7,5,6,7,7,7,5,6,2,6,4,7,6,7,5,9,4,2,4,10,4,7,11,4,7,7,8,2,10,3,6,7,5,6,6,7,5,6,6,11,6,11,11,4,5,5,3,6,5,5,15,12,7,6,5,5,6,8,9,13,7,5,6,7,4,4,8,2,6,5,8,3,11,12,7,6,9,4,5,4,2,11,8,10,6,6,9,6,6,7,7,5,7,3,7,7,7,3,8,6,5,7,10,14,5,7,4,5,13,12,5,7,14,5,4,5,6,5,8,3,10,7,2,7,7,6,10,15,8,4,9,7,2,6,6,10,7,6,8,4,5,5,3,12,11,9,4,2,6,4,7,8,11,6,8,6,2,7,10,6,4,7,6,5,7,5,5,7,4,6,9,4,9,12,7,7,5,7,6,11,5,13,5,4,5,4,8,5,12,6,7,4,9,3,7,4,4,9,4,9,6,3,2,4,6,7,11,9,5,3,4,6,8,5,7,5,6,6,4,6,7,5,7,6,9,6,10,7,8,8,3,7,7,2,4,5,12,4,6,6,7,8,4,6,9,7,4,7,8,1,9,9,9,7,6,10,5,10,8,6,3,9,6,5,5,6,0,3,4,8,10,9,5,4,5,3,5,6,6,5,2,6,8,3,4,6,6,12,7,6,5,8,11,5,10,9,9,2,6,4,12,3,4,4,6,13,6,6,8,6,4,3,6,6,3,6,8,5,3,10,6,5,5,6,6,5,9,5,5,8,6,9,7,9,5,12,12,10,7,6,7,6,6,8,8,2,10,1,9,5,4,4,8,9,5,5,5,3,4,1,3,6,13,8,6,11,1,6,8,5,4,6,9,8,4,10,10,5,5,3,9,6,5,4,4,9,4,7,7,5,10,6,5,2,4,5,5,4,3,5,4,10,1,8,4,10,9,3,8,7,5,4,6,3,4,6,13,3,9,8,5,7,6,6,4,6,4,9,8,4,5,9,7,6,8,4,4,6,7,6,6,9,4,3,5,1,9,9,8,9,7,9,4,4,4,2,5,12,8,9,5,10,7,9,10,2,9,9,7,3,5,9,6,15,6,10,9,8,5,6,2,4,4,8,5,8,7,6,7,8,3,7,4,3,4,13,13,7,2,2,3,9,3,6,7,5,9,6,5,4,6,6,8,7,8,6,5,5,12,5,9,10,7,10,4,6,5,6,5,7,7,1,5,7,8,4,9,5,7,4,11,1,6,14,7,7,5,5,8,10,3,8,4,6,4,9,6,9,9,5,7,1,8,3,8,8,11,11,9,5,10,6,8,9,7,7,8,7,3,5,6,4,5,1,12,3,4,9,4,3,5,10,7,3,10,9,5,8,8,8,6,9,8,11,6,5,4,7,6,3,10,5,7,7,4,4,2,7,9,10,5,3,10,7,6,5,7,6,4,6,8,5,4,5,3,2,11,6,7,9,6,2,10,11,10,2,16,7,6,5,6,4,4,3,7,4,5,7,9,5,6,6,10,6,4,9,4,2,6,1,9,4,3,6,9,6,5,7,8,5,3,4,11,5,10,6,4,5,6,4,3,3,4,12,11,5,5,5,7,8,5,6,8,2,2,6,7,8,6,7,2,4,7,7,4,4,6,3,6,6,9,6,4,3,5,7,7,3,9,5,7,4,7,3,4,7,5,6,7,3,7,7,9,3,6,5,1,3,3,6,4,3,6,9,13,6,5,2,10,8,5,7,4,7,6,5,8,7,4,4,6,7,5,10,6,5,3,6,9,3,5,2,3,11,5,8,7,7,5,8,10,10,5,8,7,5,6,9,6,7,10,5,5,10,5,6,7,3,5,6,6,7,9,8,3,6,1,7,8,2,4,9,6,11,11,9,7,6,4,7,2,3,3,5,10,5,7,10,1,7,9,3,4,9,3,8,7,7,3,7,7,9,7,3,8,6,4,7,9,9,8,2,5,3,9,5,4,4,5,7,9,8,4,6,15,10,7,9,8,7,5,9,8,1,3,5,6,5,6,6,5,3,7,5,9,2,6,8,3,6,5,10,3,6,7,5,6,9,4,5,4,3,7,0,6,9,6,5,4,6,8,8,5,11,5,7,10,5,10,8,8,3,7,4,9,4,9,3,4,9,9,5,6,9,3,3,5,2,3,6,6,4,7,9,5,5,3,5,5,6,11,6,8,8,6.291,11.3979597323758,1.18404026762418
5,9,6,6,5,3,7,10,8,4,3,7,7,2,6,4,4,4,3,9,5,3,7,3,8,9,4,2,9,2,6,5,7,11,8,8,5,9,6,2,9,8,3,11,7,3,7,3,4,4,5,12,6,4,2,4,5,9,4,2,11,7,8,4,6,9,3,8,9,8,2,3,7,9,4,6,5,11,5,8,6,3,6,6,7,7,11,5,8,7,9,9,8,6,10,4,8,9,0,4,6,4,7,7,4,7,5,12,7,7,4,9,6,6,7,7,8,6,5,6,5,5,9,11,7,8,9,9,6,5,4,8,7,9,6,2,5,9,2,4,3,6,9,4,7,9,11,2,7,9,6,1,4,11,7,5,3,5,4,4,5,7,3,10,2,8,7,9,4,5,13,9,5,4,8,3,7,14,3,11,12,7,3,5,2,6,3,5,5,4,2,5,2,5,7,4,5,3,14,3,10,10,3,5,5,9,3,5,5,2,8,3,9,7,11,9,10,7,7,5,7,6,6,8,2,2,6,4,6,11,7,3,6,5,5,8,4,5,5,12,8,10,7,10,6,10,5,4,1,4,5,5,3,5,2,13,9,7,8,3,5,2,10,7,7,9,7,8,8,3,9,7,7,4,9,9,5,7,2,10,6,5,5,6,6,11,6,6,5,4,4,8,4,5,10,11,5,8,7,8,6,4,0,3,9,7,6,6,7,6,4,5,5,12,4,3,4,2,5,6,8,7,1,7,3,10,10,5,6,9,8,5,7,6,6,2,7,6,6,9,4,3,3,9,3,11,6,7,8,7,6,7,5,9,10,5,4,5,2,4,4,7,11,8,5,8,7,7,10,6,8,8,5,9,3,2,9,7,4,6,4,3,7,4,9,6,8,6,4,4,9,3,7,10,9,3,3,4,12,6,10,8,6,4,8,8,6,1,7,0,5,10,9,9,4,6,11,13,4,11,10,3,4,1,10,8,4,7,5,3,7,2,7,3,7,3,8,7,5,2,7,5,8,6,8,7,4,7,9,13,3,16,5,8,5,6,4,7,5,7,9,7,5,7,4,2,8,11,7,3,3,10,5,3,5,6,5,7,6,8,4,7,7,13,10,5,3,8,8,7,6,5,10,4,5,6,6,8,8,0,7,6,4,6,6,3,7,3,9,8,8,6,6,8,5,4,5,5,4,8,4,10,9,9,4,9,4,8,4,9,5,5,13,8,5,2,2,7,7,3,10,11,8,7,5,2,13,8,10,4,9,5,6,7,5,5,4,7,3,3,11,2,5,8,8,4,6,6,9,3,6,1,5,6,4,5,8,4,2,6,6,11,11,10,9,9,8,8,6,9,2,6,0,3,8,3,5,5,11,4,6,11,4,5,9,8,12,9,4,4,6,7,7,8,6,7,4,8,7,5,5,4,4,4,10,4,5,16,5,6,4,6,8,6,11,8,4,9,10,8,3,8,3,5,3,2,10,6,7,9,6,4,3,5,2,12,10,4,2,3,4,7,6,4,11,7,7,7,11,6,7,8,2,12,4,7,9,5,15,6,1,14,5,6,6,5,8,5,8,7,5,12,7,9,1,10,5,7,5,8,6,7,6,7,4,7,10,1,7,4,5,7,4,2,8,6,1,7,10,6,3,8,6,2,8,2,4,9,8,3,8,9,3,7,10,7,4,13,2,6,7,9,12,8,4,4,5,7,6,15,9,7,3,2,8,7,7,10,5,4,7,8,5,3,7,13,7,4,8,3,6,9,2,6,8,3,9,3,9,8,6,10,7,6,5,5,6,5,4,8,7,7,4,5,8,4,7,10,7,5,7,1,3,6,4,3,6,5,5,8,6,12,5,7,7,2,6,12,10,5,5,5,7,9,10,7,3,7,8,6,6,9,4,9,4,8,7,9,8,5,7,9,5,4,5,5,7,8,14,5,3,6,7,4,3,9,3,6,6,5,5,3,6,4,6,11,5,11,5,6,6,11,12,6,7,3,4,5,3,5,11,6,9,1,3,4,8,6,7,9,5,4,11,2,5,2,5,3,7,3,9,3,7,8,9,6,6,4,8,6,11,7,6,7,6,5,8,10,5,7,2,7,6,3,4,3,5,1,9,6,4,4,5,4,2,5,3,7,5,4,6,4,2,3,4,3,7,6,14,3,5,11,8,6,7,5,12,8,4,6,6,6,5,3,5,3,5,7,6,6,4,7,9,0,6,5,8,5,3,12,7,6,8,8,9,3,5,9,9,6,11,8,1,8,4,4,6,7,7,5,6.223,11.5217394079076,0.924260592092395
7,8,5,0,5,4,3,6,7,3,4,10,5,5,4,4,5,6,6,8,10,8,10,3,7,6,10,2,8,5,3,3,19,11,3,7,5,8,2,3,3,7,6,10,4,3,5,4,1,13,3,9,9,2,6,10,7,5,5,6,6,2,4,2,4,3,6,3,8,5,2,4,8,6,10,9,4,5,7,6,2,1,6,7,6,7,10,8,5,5,10,4,7,2,9,5,6,12,1,11,2,7,5,10,8,7,0,7,6,15,3,5,8,5,1,5,4,10,3,4,6,4,4,4,8,7,4,6,9,9,3,1,9,7,6,4,4,2,9,9,3,3,8,4,10,5,10,3,6,3,6,5,4,3,8,3,5,8,6,11,4,7,5,9,6,7,8,4,4,7,3,7,9,5,9,5,4,11,8,7,14,7,1,7,7,8,6,4,10,5,8,7,6,7,3,5,6,8,8,10,5,8,2,1,4,7,5,6,6,6,6,3,6,6,7,6,7,6,8,7,7,8,5,2,12,5,6,6,3,8,6,5,10,3,7,4,3,4,9,6,7,5,6,7,5,7,8,8,3,6,10,16,14,5,4,7,7,9,9,2,8,5,7,7,6,5,4,7,9,7,4,7,4,9,7,6,4,8,5,11,3,5,7,7,4,6,9,7,5,6,6,6,3,5,9,7,6,11,7,7,8,3,8,9,2,6,3,6,7,6,3,8,8,7,4,5,1,6,7,7,4,4,2,2,5,5,4,4,7,5,7,6,4,5,7,8,6,3,9,9,6,5,5,8,6,7,4,4,5,5,11,4,5,5,7,8,7,7,8,6,7,6,3,6,4,5,6,7,7,6,5,8,5,6,5,10,2,3,6,6,7,5,5,6,7,9,3,2,6,7,4,5,5,3,8,5,2,5,11,5,5,5,7,3,7,7,3,3,1,4,8,13,3,6,8,3,13,7,2,9,4,6,4,8,4,5,7,8,6,7,8,5,7,4,6,4,5,9,4,7,3,6,11,7,5,8,12,6,4,3,5,7,6,8,3,5,7,5,4,5,5,0,3,2,12,4,2,10,6,8,4,5,6,10,13,7,7,7,4,4,4,3,8,10,5,7,8,8,5,6,2,5,5,4,5,5,5,10,9,4,4,4,8,8,2,5,8,11,7,8,3,7,10,8,7,7,5,8,5,5,5,6,7,7,8,10,3,6,6,16,3,4,6,3,5,4,4,5,5,7,10,7,9,12,8,4,15,9,9,5,2,4,2,2,11,8,7,14,6,6,3,5,5,6,5,2,4,11,7,3,6,4,8,2,8,3,7,6,5,3,5,3,10,8,6,6,3,6,4,5,7,9,5,5,7,6,8,7,7,6,4,8,14,2,15,4,4,9,6,5,4,3,5,4,5,5,5,5,6,4,7,3,6,5,11,5,4,6,8,6,10,6,9,8,8,4,8,8,3,5,4,4,8,5,6,4,9,4,4,5,8,2,7,6,9,5,6,7,6,8,4,6,7,5,8,10,5,9,10,4,8,6,10,4,7,5,4,1,4,2,7,9,14,8,6,8,9,6,6,5,7,7,12,10,7,3,9,3,11,11,4,3,1,6,9,8,13,9,3,7,8,8,7,3,4,5,3,6,6,6,4,9,5,1,5,3,5,7,5,4,9,7,4,10,7,8,8,7,14,1,11,6,6,6,5,5,4,3,8,14,2,5,6,4,6,2,7,3,4,6,5,3,4,5,7,7,8,7,9,8,4,7,5,3,9,7,4,9,7,10,9,4,7,6,2,9,6,7,3,9,7,2,5,2,8,3,3,5,5,3,8,9,10,7,12,10,6,12,3,10,5,6,9,5,8,5,5,5,5,5,6,13,7,8,6,6,7,7,7,5,5,12,5,7,11,9,5,10,7,5,8,11,4,10,9,7,8,10,7,4,5,9,8,5,8,4,6,4,9,5,3,10,6,5,9,6,4,8,6,4,7,9,8,1,12,3,4,5,6,5,6,6,4,6,3,6,9,5,7,5,2,6,7,4,6,2,4,6,6,4,7,6,10,5,6,2,9,10,9,4,6,10,6,6,10,5,6,3,4,7,6,8,10,4,9,7,4,7,7,4,7,5,6,4,3,12,5,8,5,7,7,5,9,4,4,6,5,2,12,7,10,7,7,4,6,7,5,9,4,3,5,5,8,5,10,5,12,2,4,6,3,12,5,4,5,4,10,4,7,7,2,4,5,5,3,5,4,10,7,6,7,7,9,7,4,8,12,5,6,4,6.123,11.2440781946262,1.00192180537384
12,3,7,8,6,5,10,10,4,3,7,6,3,8,3,6,11,8,10,7,6,4,3,9,1,7,9,9,5,7,4,4,6,5,8,6,12,3,2,4,7,10,4,6,3,4,7,8,7,4,3,5,7,9,5,6,7,7,3,6,7,5,8,5,10,7,4,4,9,7,3,5,3,8,7,9,7,9,7,2,10,4,4,5,4,6,7,7,8,6,7,2,7,5,6,5,8,9,9,3,8,10,4,4,8,7,9,8,5,6,5,5,9,8,4,3,2,8,5,7,8,9,6,8,3,3,4,8,4,7,4,3,8,6,4,9,5,9,8,3,5,4,8,7,8,7,6,8,5,7,7,3,7,10,3,2,6,4,5,7,3,8,4,4,2,7,9,4,3,6,4,2,5,7,9,4,6,3,5,10,1,7,4,9,4,5,5,3,4,6,7,8,4,3,5,8,6,4,7,6,4,14,6,9,3,7,5,4,11,8,9,7,7,4,6,6,5,8,6,8,4,6,8,6,8,6,8,8,7,4,14,7,7,3,7,0,6,3,6,4,5,7,8,3,7,4,7,6,7,6,3,6,7,10,5,8,10,7,8,3,5,6,10,5,2,4,10,8,4,6,3,9,8,6,8,4,2,4,6,6,4,7,2,8,6,3,5,10,4,9,3,7,2,3,5,5,6,6,4,11,4,3,6,2,6,10,4,5,10,7,7,11,7,2,5,5,11,8,3,4,9,8,8,3,3,6,5,4,7,0,7,6,9,6,5,4,7,6,11,10,5,4,8,4,3,13,1,6,4,12,4,2,9,10,11,12,7,4,8,3,7,3,6,11,4,10,9,9,10,8,6,9,9,5,3,6,9,3,9,4,4,5,4,3,3,6,5,3,5,6,3,7,2,6,6,4,7,4,8,8,6,5,6,5,5,5,4,4,6,6,8,13,5,7,6,6,6,4,6,5,9,7,7,6,7,6,11,9,4,4,5,5,5,3,5,3,5,8,6,8,8,5,6,14,11,3,3,8,11,6,5,7,6,9,11,3,5,4,7,3,3,7,5,6,14,2,4,6,4,6,8,3,11,5,7,6,3,4,7,6,7,8,8,4,6,6,4,2,10,10,6,8,4,8,10,5,3,6,8,11,2,9,11,5,3,3,12,6,9,9,3,5,18,10,5,9,9,7,5,4,6,8,3,5,5,14,3,3,8,9,6,10,13,3,11,7,7,2,8,8,5,4,8,6,6,10,9,6,4,1,6,9,4,2,4,8,4,7,10,3,8,5,7,7,8,6,7,5,5,8,3,4,9,8,4,4,14,3,1,4,11,3,7,6,8,6,2,5,6,8,2,5,3,4,10,4,4,1,5,5,5,6,13,5,5,3,5,4,5,6,16,7,7,7,4,7,3,3,6,4,7,0,6,5,8,4,4,13,4,6,5,7,4,6,4,8,6,5,16,9,5,4,5,3,5,8,7,5,10,9,9,4,5,9,4,6,9,5,9,6,3,9,1,4,7,6,7,10,5,3,7,3,4,6,4,4,6,3,7,7,7,4,8,7,5,9,11,5,11,8,5,3,10,12,9,9,6,3,2,10,4,4,5,1,6,4,10,7,4,6,7,9,9,3,7,9,6,6,3,5,2,8,6,5,5,3,2,11,6,3,6,6,5,3,7,11,8,5,4,5,6,5,5,11,4,3,4,7,6,7,4,8,4,2,9,8,4,7,3,1,3,8,4,6,8,7,4,9,7,10,8,3,10,7,8,5,9,2,9,7,10,6,4,6,5,3,8,5,3,7,7,3,2,7,6,5,5,7,3,5,8,4,8,3,7,6,7,4,5,7,6,6,4,2,9,3,10,5,6,7,5,5,7,7,6,11,8,7,9,10,11,6,8,9,5,7,6,6,6,7,5,6,6,3,4,6,5,9,6,3,12,11,9,2,7,3,6,6,4,5,8,8,3,9,5,5,7,8,7,4,12,7,7,6,5,8,3,4,9,7,2,8,10,10,9,5,5,11,5,8,3,9,3,8,4,5,3,8,4,2,7,3,6,0,3,8,2,2,9,5,12,7,5,5,9,7,8,5,9,7,4,11,8,7,5,6,3,9,9,6,6,5,3,7,4,9,5,4,4,8,8,5,7,9,2,2,13,6,8,7,8,7,8,11,6,6,10,5,7,4,6,5,2,6,8,7,14,6,7,4,8,1,8,4,8,4,5,7,6,12,5,2,1,10,13,7,3,6,7,3,4,9,5,12,2,5,7,11,6,7,6.136,11.2689411501839,1.00305884981612
7,5,5,8,7,6,3,5,8,3,6,13,6,3,4,3,4,8,6,7,8,7,16,4,8,7,11,3,8,6,5,9,7,8,5,7,5,5,9,2,4,7,4,4,9,4,3,7,3,6,6,9,4,7,3,5,5,10,4,6,4,7,12,8,5,10,4,8,7,4,4,4,4,4,8,2,5,6,4,5,3,3,7,6,2,7,11,8,12,9,10,5,5,9,12,8,7,7,4,11,10,3,4,4,5,8,7,8,2,11,6,5,7,3,2,1,3,6,9,6,7,5,4,5,10,7,8,13,2,4,5,6,6,3,8,6,3,7,4,6,6,5,9,6,4,7,6,3,7,10,7,3,3,8,3,8,5,6,7,6,0,3,10,6,6,10,6,6,3,6,12,8,9,6,6,5,7,12,7,7,8,10,4,7,6,7,4,2,10,11,6,4,3,7,6,3,4,6,3,6,7,10,5,6,4,7,8,5,4,9,9,4,3,6,6,7,11,6,4,4,5,6,8,5,2,3,5,7,8,11,5,8,6,3,5,4,5,6,10,5,9,6,11,8,10,10,2,2,4,5,5,9,7,4,7,6,6,9,8,4,6,2,4,4,9,2,1,5,4,7,1,3,12,5,8,2,6,6,5,4,5,8,9,7,9,6,6,2,3,8,5,11,6,6,4,5,6,10,8,6,4,6,3,6,6,4,6,5,6,1,6,5,6,11,4,2,3,8,9,4,5,4,8,3,6,6,7,3,6,3,10,8,7,9,6,7,8,4,4,8,5,4,10,6,9,5,6,5,4,4,8,8,6,5,8,7,3,7,3,4,3,2,12,5,5,7,6,6,7,9,3,12,5,6,3,7,11,4,4,4,10,1,11,3,11,5,4,8,2,5,5,6,5,9,9,8,1,11,10,14,4,13,5,7,6,2,6,5,9,5,6,7,6,7,5,6,8,11,5,4,3,5,9,5,8,6,8,11,7,4,8,7,4,5,6,7,6,12,6,3,6,8,5,7,5,6,4,5,6,8,1,7,5,8,4,6,7,2,9,6,5,2,9,5,8,5,1,10,9,2,6,6,5,5,7,7,5,3,5,6,2,4,6,7,8,6,6,7,3,5,9,6,3,6,15,6,4,9,7,8,7,2,8,3,3,4,13,6,3,7,10,4,12,8,7,10,4,7,4,7,6,8,7,9,9,9,7,7,8,3,7,5,4,5,5,7,4,10,7,2,5,6,10,2,5,4,6,6,6,3,7,4,3,4,5,2,7,7,7,8,5,6,5,6,4,3,6,6,6,5,7,3,6,5,12,3,8,3,10,9,7,2,8,4,5,7,4,8,7,7,8,10,4,8,8,5,12,3,7,6,11,7,7,7,5,7,14,5,3,6,7,7,4,6,2,5,8,3,7,5,6,2,6,7,10,5,8,5,6,7,5,14,9,4,4,7,6,4,8,5,3,7,5,4,7,4,8,4,4,5,5,5,2,7,5,7,8,7,2,7,5,0,5,5,4,5,7,7,8,11,4,2,6,9,8,4,4,2,11,3,7,5,14,12,12,5,6,3,6,3,11,4,4,11,6,5,2,4,7,9,6,7,5,5,9,5,11,6,7,2,5,4,8,5,4,4,5,7,6,7,5,5,8,8,5,3,4,7,3,9,5,8,8,7,8,4,3,8,3,5,1,9,8,2,7,9,6,6,5,11,5,8,4,3,7,3,7,9,7,6,3,5,4,6,5,12,4,7,4,5,8,3,5,5,7,6,8,3,8,6,6,7,6,8,3,6,3,6,4,6,8,4,7,7,9,3,10,9,7,2,3,6,6,3,8,0,6,2,4,13,5,5,5,9,11,7,5,3,5,4,5,5,9,9,5,4,3,7,8,7,5,4,5,5,5,13,7,6,5,5,7,5,10,3,4,9,4,15,10,6,3,10,0,8,3,2,7,4,7,7,6,7,4,8,6,7,3,9,7,6,6,4,5,7,6,1,12,5,6,8,11,10,5,3,4,7,11,12,8,6,6,6,5,4,5,9,2,0,2,3,8,4,3,7,5,3,5,7,7,6,7,3,7,8,12,11,7,5,10,5,2,5,9,5,3,4,4,5,5,4,5,4,2,6,6,7,3,6,5,7,4,5,10,6,5,3,7,2,8,2,7,9,10,4,4,3,6,4,1,4,4,6,8,3,6,7,4,4,5,4,5,6,7,3,10,6,7,8,2,6,1,8,4,2,6,7,3,8,11,11,4,3,3,9,3,3,7,8,6,5,6.004,11.0280862230635,0.97991377693647
11,8,4,3,7,7,6,9,5,8,6,5,3,4,9,3,5,4,3,4,5,7,6,6,4,5,3,7,8,7,6,11,12,13,7,6,4,8,6,3,6,4,8,5,6,2,7,5,3,4,3,6,6,1,3,10,3,12,5,2,1,8,5,2,2,8,5,5,9,7,7,6,11,7,4,7,5,11,7,6,9,1,6,9,1,7,7,3,3,8,4,7,6,5,8,6,4,6,3,9,2,4,7,12,9,4,7,9,6,5,8,3,5,3,5,3,1,9,5,4,7,7,4,13,12,4,3,2,5,3,3,5,7,8,2,3,5,6,4,12,4,10,2,6,10,7,11,6,9,12,6,6,6,5,9,2,6,5,0,2,6,6,10,4,5,4,10,4,6,8,5,3,3,5,5,4,9,3,0,7,7,8,4,4,11,6,5,10,11,2,4,5,5,6,9,5,10,5,7,7,6,6,2,11,4,4,5,12,3,8,11,7,7,9,8,8,7,10,7,3,10,2,3,3,7,3,6,4,4,6,6,4,3,9,2,2,6,4,3,16,7,3,6,11,4,4,5,6,7,5,9,8,10,8,1,2,6,9,6,6,4,6,9,6,5,7,2,7,6,5,4,9,3,7,7,7,7,4,7,11,5,9,5,8,9,5,3,7,5,9,6,3,5,7,9,9,6,9,7,5,3,7,8,2,5,11,3,11,7,5,3,7,5,4,6,8,2,4,2,6,7,6,6,5,8,10,6,5,6,7,4,8,7,4,9,6,8,6,5,7,10,8,3,6,3,6,5,2,9,6,5,10,5,8,6,7,5,8,5,7,5,10,10,8,12,9,6,7,10,2,5,12,7,12,10,7,6,3,2,8,8,1,4,7,3,5,5,2,10,6,5,6,3,9,11,7,11,7,11,6,8,11,7,4,10,6,4,5,4,8,2,12,6,6,3,3,5,10,6,11,10,2,4,6,8,9,10,5,2,3,5,6,2,4,5,7,8,4,4,3,7,4,8,8,7,3,6,4,8,3,4,4,2,6,6,2,6,4,7,7,6,6,6,9,5,7,2,5,2,9,2,6,6,8,5,6,4,7,6,4,5,8,9,12,3,8,13,9,12,7,6,6,5,12,5,5,4,7,3,10,9,8,5,6,5,10,5,7,7,7,8,7,8,8,3,9,3,4,4,10,6,8,5,11,7,7,7,7,10,3,4,3,4,5,4,2,4,4,5,5,3,4,8,11,7,5,7,11,12,7,6,9,7,5,5,8,5,4,4,7,8,7,8,11,10,3,9,6,5,6,10,7,6,3,2,6,10,6,5,7,7,5,7,5,9,6,1,9,8,4,4,4,3,3,7,4,5,2,5,4,2,7,6,9,9,1,8,5,8,10,5,4,3,3,6,5,4,10,8,4,9,2,3,3,7,1,9,13,7,4,2,7,3,8,5,11,3,14,6,7,8,6,8,3,5,4,8,6,8,6,4,3,3,6,7,6,11,5,2,6,7,10,5,3,5,5,4,3,6,2,5,5,10,6,5,15,8,3,7,7,9,6,6,6,4,7,13,7,6,7,5,10,4,8,5,6,6,8,6,8,5,6,5,6,5,8,2,1,3,1,5,4,4,5,6,6,6,6,8,7,4,4,4,5,7,6,5,9,5,5,6,4,3,8,6,7,6,7,6,7,2,5,7,9,6,6,3,5,7,8,4,5,4,3,7,5,3,5,2,6,3,11,6,7,10,10,6,4,7,9,10,7,3,3,5,6,10,7,6,7,12,6,5,2,9,7,8,2,3,5,7,4,3,3,10,5,3,6,4,10,4,3,6,7,12,7,6,9,3,6,5,10,3,8,8,2,8,8,5,11,7,9,4,5,7,5,10,2,5,9,9,12,6,7,4,6,6,7,3,7,6,5,3,7,9,5,4,4,8,7,10,10,4,8,9,3,6,7,7,6,9,2,2,5,9,12,1,8,6,11,7,6,9,6,8,8,7,6,9,5,4,5,7,7,5,3,10,10,8,10,8,5,5,3,6,8,3,6,7,3,7,5,6,8,7,8,6,8,7,1,11,14,10,8,13,6,7,9,4,8,6,2,7,4,6,8,5,7,10,6,6,7,3,7,3,3,1,8,4,7,3,5,7,7,5,4,7,9,6,7,7,10,13,7,7,8,9,8,6,2,9,3,3,5,12,7,6,6,6,5,3,5,7,7,5,7,10,8,2,12,10,5,4,5,8,3,6,5,8,10,14,5,6,7,4,7,8,2,7,4,6.135,11.2759027729885,0.994097227011457
10,3,6,5,3,6,8,7,9,6,10,6,6,2,7,6,8,2,8,8,7,4,10,7,7,8,8,3,8,4,5,5,3,12,7,9,6,4,3,5,2,6,5,6,3,6,6,6,1,5,5,5,6,6,12,5,6,3,5,7,8,2,5,8,4,8,3,6,9,5,10,3,8,4,5,2,8,9,5,10,6,2,4,5,6,6,6,8,7,9,6,6,4,5,4,5,4,10,3,9,4,4,2,5,8,9,5,9,9,10,10,4,6,5,0,10,4,6,8,9,4,6,10,9,5,2,3,4,8,5,6,6,7,7,3,3,3,8,2,10,5,4,8,6,14,11,7,4,6,5,6,4,7,5,6,4,8,6,5,8,5,4,6,6,6,3,9,5,5,5,9,4,4,7,6,2,6,8,8,4,6,6,4,4,8,8,3,5,7,7,4,7,5,4,10,7,4,3,10,5,5,8,5,7,3,7,4,4,4,9,4,4,6,4,9,7,11,7,2,5,6,3,8,4,12,8,8,3,3,9,11,6,6,7,8,4,9,5,2,9,5,5,9,8,7,7,8,6,3,6,7,6,10,9,9,6,7,8,8,3,4,9,9,5,5,3,6,5,5,4,4,5,7,6,5,4,6,10,7,9,6,4,5,6,4,7,4,11,4,6,3,5,5,6,7,3,4,11,7,2,6,7,5,5,2,5,9,4,10,9,5,9,9,8,2,7,5,8,7,4,6,4,7,6,9,6,5,7,3,3,6,4,2,3,5,2,8,6,6,5,6,12,3,5,3,6,2,1,9,6,7,8,9,4,7,5,9,10,9,8,8,9,8,5,8,3,9,10,11,5,11,8,4,6,10,4,8,4,8,9,9,4,7,3,6,4,11,7,6,7,6,7,6,6,5,3,4,3,9,4,9,7,5,5,8,6,4,7,4,5,8,4,3,6,7,2,12,5,3,4,7,10,0,5,7,11,8,5,4,5,10,4,10,4,4,1,6,10,6,3,4,12,6,6,6,2,4,8,6,11,6,10,3,10,2,1,1,2,7,3,3,7,10,7,8,3,3,12,10,3,10,3,5,3,9,8,5,2,9,1,5,7,10,9,4,5,3,1,6,3,7,4,9,4,6,6,8,7,9,6,3,4,11,6,7,3,4,9,7,4,6,8,6,7,5,7,9,6,3,9,6,12,10,5,5,7,9,7,6,8,5,6,6,4,5,6,6,11,3,5,7,6,7,4,4,6,7,2,6,4,4,5,9,6,6,4,3,7,3,5,11,4,5,5,4,5,4,3,7,4,7,3,7,4,2,4,7,9,4,5,2,6,10,15,8,9,7,5,6,5,6,10,2,4,6,6,5,5,7,7,6,4,9,4,8,5,11,9,7,5,5,8,5,4,4,7,7,4,6,5,8,1,5,3,7,3,1,8,2,11,6,11,5,10,6,6,6,9,9,7,5,7,2,1,8,5,10,6,4,6,4,4,3,7,6,5,10,1,7,7,2,8,6,8,5,6,6,14,2,3,2,5,6,7,8,6,7,3,5,6,4,10,7,10,4,4,4,7,2,5,5,4,8,11,8,4,9,6,5,6,1,9,7,4,2,7,6,1,8,2,7,2,8,5,7,6,5,6,6,11,4,5,10,6,5,3,8,5,7,4,8,2,9,4,10,4,5,11,6,4,5,3,9,9,4,4,10,9,3,6,3,3,4,3,4,7,5,7,4,5,8,7,8,8,6,10,8,2,11,8,4,7,8,5,7,6,4,4,10,4,5,9,2,3,5,9,7,5,8,3,7,5,7,7,6,7,4,5,2,6,5,6,5,8,6,8,7,7,1,7,5,7,7,7,11,5,6,9,2,6,4,8,6,6,6,5,4,5,9,4,5,8,9,13,4,3,3,6,7,4,4,5,4,3,4,8,7,7,8,4,5,9,0,12,2,3,8,6,4,4,8,9,6,7,10,8,1,9,5,5,5,5,11,10,5,7,8,9,10,3,10,9,5,7,3,9,7,10,4,11,6,3,2,9,7,6,6,10,8,4,8,8,6,6,9,5,9,7,7,7,11,23,5,8,3,6,3,3,5,8,8,9,8,8,3,5,9,4,10,5,6,4,3,5,6,6,6,3,5,13,8,6,7,7,2,6,4,6,11,5,3,8,6,5,4,6,11,3,10,0,5,4,6,4,4,1,6,9,7,9,10,4,10,4,5,5,10,6,5,7,5,5,4,6,12,6,8,5,10,8,4,6,4,7,3,7,11,7,7,6,6.052,11.0304570047102,1.07354299528982
7,8,6,5,11,2,12,4,9,10,4,6,5,5,6,5,10,8,9,6,8,5,7,4,2,9,7,3,6,5,4,3,11,6,1,5,9,3,4,4,6,7,8,4,4,3,4,12,6,4,4,8,4,0,3,12,11,10,8,2,8,7,8,5,5,11,4,5,7,8,5,4,4,11,4,9,3,8,7,8,7,11,8,1,1,8,8,4,8,5,5,2,6,7,10,9,8,9,6,6,7,11,6,5,7,5,3,5,10,12,3,6,11,6,7,5,5,4,9,8,1,4,7,4,5,4,3,7,4,9,5,7,11,6,13,8,3,3,3,4,6,10,7,3,12,5,8,7,7,9,5,5,3,10,10,4,4,8,9,10,5,6,8,12,6,9,7,5,7,5,7,4,4,3,7,6,4,6,7,3,11,8,4,7,7,6,6,2,8,5,7,8,6,5,5,7,6,4,3,8,3,5,5,2,4,3,7,9,9,7,2,1,3,6,8,13,8,3,4,6,6,9,4,9,6,6,4,9,4,2,6,4,5,6,5,2,5,6,9,8,7,7,11,6,6,5,7,3,7,7,6,7,5,5,8,8,10,6,3,2,9,5,2,7,8,5,5,2,7,2,2,6,12,6,13,6,0,6,3,9,4,4,3,4,4,6,5,8,5,8,7,6,2,5,5,5,6,6,5,4,6,5,3,6,3,5,6,11,2,3,6,6,4,6,8,8,0,5,5,4,9,6,5,9,4,7,8,8,6,3,6,2,7,8,7,6,3,3,6,4,7,3,8,8,6,7,6,4,6,5,14,3,8,9,3,8,10,8,4,6,7,3,4,4,4,5,8,15,3,7,6,7,5,3,3,5,4,4,10,8,3,4,5,4,3,3,5,6,9,7,4,2,6,7,6,5,3,10,11,7,6,8,8,3,5,8,6,3,5,5,6,10,8,13,6,5,8,8,4,7,7,7,3,3,8,6,8,10,5,4,10,7,3,4,3,4,6,8,2,8,6,8,7,4,10,5,5,5,10,1,4,2,4,10,9,5,7,5,5,8,3,7,5,4,5,6,5,6,5,10,4,1,5,3,13,8,3,5,5,2,6,6,10,8,4,5,2,12,14,7,6,4,6,2,5,6,3,8,8,3,4,5,8,5,7,9,6,9,4,4,2,6,10,9,7,5,8,8,16,15,7,13,7,10,8,6,5,7,9,4,11,11,3,8,4,5,3,5,5,8,8,5,21,9,6,6,6,7,4,1,8,4,4,2,9,8,4,8,4,7,4,3,5,4,8,6,4,3,5,10,8,8,4,5,2,4,9,5,2,6,7,2,6,4,5,5,1,7,4,8,4,6,7,7,7,1,12,3,2,6,8,6,7,4,7,3,9,8,1,8,7,7,4,10,1,3,3,7,5,5,1,3,4,7,9,8,8,7,3,2,8,8,2,7,8,11,5,10,6,8,8,4,7,4,3,8,5,4,3,3,8,5,7,3,6,4,4,3,6,1,3,5,7,7,3,8,6,8,9,8,3,5,10,8,4,2,2,6,6,8,6,6,5,5,5,3,11,7,4,1,6,6,9,8,6,11,5,5,7,4,6,4,4,5,5,1,6,4,4,5,5,12,7,7,2,4,6,6,3,8,2,8,5,8,6,5,7,6,4,6,6,3,5,7,5,11,8,6,4,4,2,2,5,9,5,5,8,2,5,2,8,4,4,2,4,4,5,6,3,7,6,2,8,2,6,9,5,7,8,13,7,1,12,11,5,3,6,2,11,6,12,10,2,1,2,8,7,4,6,8,5,4,7,5,7,2,6,6,5,3,3,3,6,5,4,7,6,7,7,4,7,6,7,5,6,7,7,6,4,8,9,10,3,2,4,7,5,6,2,6,9,4,4,12,5,7,6,3,8,5,8,8,5,6,3,1,8,12,7,5,7,5,5,8,10,4,6,7,3,2,7,5,6,3,3,7,5,9,6,6,7,4,7,4,5,7,3,7,7,8,6,10,6,6,3,3,9,6,12,3,3,6,4,3,9,6,4,3,4,6,4,5,2,10,8,3,5,6,6,8,4,7,3,3,2,9,6,3,2,4,8,5,5,7,8,3,8,6,10,5,4,4,7,3,5,12,7,7,8,10,4,3,6,7,6,4,6,4,8,5,8,6,11,5,6,3,4,7,5,4,9,5,5,7,7,4,8,3,5,4,5,4,9,4,8,10,11,4,6,6,4,5,9,3,5,6,6,2,7,5,2,7,6,8,2,6,7,5,3,6,5.899,11.0046343132014,0.793365686798552
4,7,9,4,9,11,5,7,10,5,10,6,4,3,2,5,6,7,6,7,5,5,7,1,5,9,5,4,7,2,7,8,9,6,5,4,5,7,5,0,6,9,5,9,13,1,6,6,6,9,8,9,8,4,3,8,4,12,3,8,5,5,9,6,6,8,3,3,4,4,3,6,5,4,6,6,5,13,8,6,6,7,4,5,10,3,5,8,10,6,7,8,11,7,2,9,4,5,7,7,4,7,4,12,5,3,4,4,6,5,12,3,1,5,4,2,1,6,6,5,5,4,4,5,5,3,8,7,4,5,6,1,9,3,6,5,5,2,7,9,3,5,13,7,7,6,5,3,5,6,3,5,7,4,8,5,3,8,6,6,5,6,10,5,2,5,3,5,8,2,7,5,5,8,5,2,8,12,4,7,15,9,10,3,2,5,2,2,11,2,6,5,5,5,5,10,10,0,1,8,4,10,6,8,3,12,4,7,7,6,10,7,5,8,6,5,5,7,7,4,5,2,4,4,12,4,7,7,6,5,4,4,1,7,1,5,7,3,5,6,10,2,6,8,7,8,8,3,5,5,6,6,13,6,3,8,10,6,4,4,5,11,5,3,5,4,8,8,5,6,5,3,5,6,8,5,4,4,5,8,5,7,7,9,3,7,6,8,3,6,5,4,7,5,12,7,7,9,10,9,3,3,4,4,7,8,7,11,4,4,8,8,5,8,7,3,4,6,8,4,8,10,8,3,7,7,3,6,7,13,5,6,7,5,5,7,6,1,7,8,5,6,2,10,2,2,7,5,7,3,9,9,6,6,8,7,12,8,3,6,8,5,7,10,7,8,8,9,7,4,5,10,4,8,6,5,5,1,10,7,5,6,7,6,5,5,5,7,3,4,1,6,4,3,4,6,4,8,9,9,5,8,5,6,2,5,8,6,6,6,6,9,3,6,6,8,7,7,10,6,7,5,5,3,4,9,2,5,4,3,7,6,7,3,9,4,5,7,5,6,7,6,6,7,4,7,1,6,7,2,10,5,5,9,6,4,6,0,5,4,6,5,10,4,9,7,5,6,8,3,7,3,11,7,10,7,5,7,9,5,6,7,4,10,10,4,7,5,10,5,7,8,3,8,5,6,3,7,5,6,6,4,10,6,5,5,8,11,6,10,4,9,8,7,7,11,7,3,2,8,4,8,6,6,10,8,3,2,7,7,9,7,8,3,8,4,7,5,7,5,2,6,6,4,9,4,9,7,6,4,10,7,7,7,9,4,5,7,3,9,7,3,5,5,6,2,5,3,9,4,5,3,9,4,8,1,12,3,5,9,5,6,7,5,4,2,4,10,7,8,5,7,6,5,6,2,7,3,4,9,4,2,6,7,9,3,6,6,4,6,5,8,7,3,7,4,3,4,1,3,4,9,3,4,6,2,10,5,7,5,8,8,5,9,8,8,9,5,10,5,4,9,2,1,2,3,7,3,5,4,5,9,7,9,4,7,9,5,3,4,3,9,3,4,8,5,8,3,9,3,3,7,7,4,5,4,7,5,6,7,6,6,12,3,14,5,8,3,7,6,13,3,5,11,10,7,6,6,1,8,7,6,5,4,8,5,7,4,7,2,1,4,4,4,8,6,6,7,2,7,6,8,6,7,6,3,5,6,3,2,7,9,5,7,9,8,5,6,4,6,4,5,5,7,3,7,4,5,7,5,3,7,2,6,6,8,2,5,5,4,9,9,8,7,4,3,7,7,1,5,4,6,7,4,7,9,9,5,5,8,4,7,8,4,1,3,7,2,5,6,4,3,4,7,10,6,10,8,5,4,3,2,9,3,8,1,7,6,3,9,6,7,5,6,10,6,3,9,3,6,8,10,6,9,8,8,5,5,3,6,9,10,5,12,6,7,5,10,3,7,2,9,7,6,7,4,6,7,6,4,8,7,3,5,7,2,6,6,10,9,4,8,1,7,10,4,10,8,7,9,5,5,10,11,4,3,10,8,5,5,14,2,5,8,10,10,8,5,4,6,5,9,1,9,3,5,10,7,3,6,4,2,9,3,6,6,5,5,11,3,10,11,10,6,4,8,8,7,5,8,2,8,6,7,5,5,3,7,2,10,7,8,5,7,5,15,4,4,7,3,3,7,9,4,6,7,7,9,8,7,9,7,7,4,10,3,8,5,6,5,5,1,6,3,5,7,11,3,8,5,2,10,3,5,8,8,3,4,4,6,9,3,7,3,6,5,1,2,4,7,5,7,5,6,2,7,4,7,6,10,5.951,10.8536867588961,1.04831324110386
3,5,6,7,4,5,10,12,13,7,4,3,6,4,4,5,7,2,6,9,9,9,8,2,6,4,11,7,8,8,4,7,7,5,5,5,5,9,1,5,5,8,5,8,7,5,4,9,6,8,6,10,7,3,3,7,9,6,4,6,3,7,10,9,5,6,8,7,6,3,5,9,7,10,5,6,3,4,8,9,5,6,6,7,3,10,7,8,4,6,4,2,1,9,11,6,8,8,2,12,5,8,3,10,8,5,5,6,6,5,10,4,6,6,5,7,5,9,4,5,5,8,10,14,3,7,3,7,6,8,3,10,8,9,3,9,9,4,6,6,7,8,5,4,5,6,12,5,9,1,15,6,5,8,7,7,6,4,2,3,4,3,9,10,4,7,10,7,9,6,5,5,5,8,7,6,8,5,4,4,5,5,4,5,6,7,5,5,7,10,8,12,7,5,6,5,7,3,11,9,2,13,10,8,7,6,10,2,4,4,6,9,3,6,4,12,6,9,1,8,6,2,11,4,10,6,10,8,5,8,7,3,3,6,5,2,5,5,4,10,10,8,5,2,5,8,4,3,4,5,7,14,10,14,8,3,7,9,7,3,5,6,4,3,8,1,6,2,5,3,1,6,4,4,4,7,11,5,10,11,5,6,6,10,7,6,6,9,4,4,3,6,8,6,5,5,2,7,3,9,6,7,5,2,7,4,6,7,7,7,9,4,6,7,6,9,4,4,6,2,6,6,7,4,8,5,5,5,10,7,6,8,8,7,3,6,9,6,5,7,9,5,5,8,3,6,6,3,8,11,7,13,13,7,9,11,6,11,6,5,8,3,10,6,9,2,2,4,12,4,5,11,3,2,5,9,6,3,4,4,5,6,6,4,3,5,6,4,7,7,5,6,7,7,7,5,6,8,8,7,4,5,6,7,2,7,2,3,10,9,8,5,6,6,7,3,14,13,2,8,5,8,4,5,3,4,7,9,6,4,6,12,5,6,7,9,6,9,5,1,2,8,2,9,9,0,4,6,8,4,8,6,5,9,5,2,7,5,10,9,4,4,8,7,1,6,4,10,6,4,5,5,8,10,8,8,3,3,8,6,5,6,4,5,6,1,5,4,8,10,12,8,7,5,5,8,2,7,8,10,12,8,7,4,2,3,4,11,9,9,8,4,3,5,5,13,4,11,8,4,9,7,4,5,7,9,7,6,4,10,5,3,2,8,5,2,3,6,9,4,4,5,9,7,6,7,5,12,5,5,5,5,11,4,11,6,9,8,6,6,6,1,7,5,9,4,9,5,7,6,4,7,9,5,9,5,5,3,3,7,5,0,5,6,5,8,8,11,10,6,8,6,6,7,10,7,10,2,8,8,4,3,1,6,7,6,9,7,5,9,10,5,5,6,3,10,5,4,10,5,4,4,3,2,13,8,10,6,2,1,4,9,3,7,8,10,7,9,7,6,6,6,6,2,2,7,9,3,2,9,3,5,6,7,13,10,8,8,1,4,5,5,3,5,6,4,7,9,6,3,5,4,9,7,5,1,4,3,4,4,7,5,6,8,7,5,10,6,9,3,5,6,6,16,4,4,11,3,6,7,5,5,2,3,7,5,3,5,5,3,13,4,8,5,5,3,4,5,4,7,6,11,5,7,6,4,6,6,3,5,6,6,8,9,10,7,4,7,4,4,9,7,9,8,3,5,5,7,8,6,9,8,6,2,2,5,6,5,3,4,5,10,4,5,3,6,4,3,4,4,6,7,10,6,9,5,9,9,7,13,5,6,4,4,6,5,8,5,9,5,8,3,6,3,6,9,6,5,7,8,8,8,10,6,15,7,6,3,6,6,5,6,9,9,4,6,9,5,5,3,3,12,8,6,4,6,6,3,10,8,6,6,4,11,4,8,4,7,6,5,4,6,8,6,3,4,2,3,5,7,8,4,3,9,3,7,15,8,8,5,7,3,5,6,8,4,0,11,4,6,1,4,7,8,4,5,4,7,13,8,11,6,5,2,7,4,6,14,7,10,8,5,7,4,7,2,3,3,6,3,10,5,4,9,8,6,4,7,9,6,7,9,6,4,10,7,8,5,4,2,2,2,4,3,3,11,3,6,4,6,2,4,3,13,5,8,2,4,4,4,9,6,4,10,5,1,12,7,7,5,9,9,9,7,4,6,7,2,8,2,5,3,4,5,8,4,3,4,5,2,5,9,7,2,7,3,11,7,6,10,4,10,3,7,9,3,9,10,9,7,5,7,6,3,3,5,6,6,5,5,6.135,11.332440622944,0.937559377055954
6,9,7,8,4,4,3,11,5,7,7,3,1,5,9,7,7,2,6,5,5,1,11,4,5,6,6,4,6,11,7,7,8,7,1,8,3,1,7,7,7,5,5,11,7,5,6,7,8,5,4,8,4,6,3,7,5,7,7,1,9,2,3,6,4,9,4,8,7,9,10,6,5,10,6,6,4,6,13,10,7,5,6,4,6,9,11,5,6,3,2,7,3,5,9,4,11,8,4,8,9,7,4,5,9,6,5,5,4,6,12,8,10,2,3,5,7,7,5,10,7,9,4,6,4,7,6,6,8,10,6,7,7,10,3,6,7,5,5,8,5,8,7,4,9,7,5,13,10,7,4,6,3,7,9,12,14,5,3,7,5,2,8,7,9,0,7,4,6,8,5,7,7,7,7,9,5,7,5,6,8,5,9,10,8,9,5,6,11,5,4,7,9,5,4,8,4,7,6,9,7,11,5,6,3,5,7,5,4,4,6,4,11,4,5,5,13,7,4,6,3,4,4,8,14,5,4,6,7,8,4,4,3,7,1,5,4,6,5,12,8,3,11,7,5,4,8,4,4,2,5,10,7,4,12,7,5,6,5,4,10,5,8,4,4,7,8,6,5,5,7,8,8,4,7,5,5,6,3,9,6,2,7,2,5,4,5,5,3,5,5,8,8,5,5,3,6,5,8,8,5,6,4,3,6,7,8,5,2,7,4,9,2,7,6,5,3,5,8,5,10,7,2,5,11,6,3,6,5,3,6,6,6,5,4,5,5,2,2,5,10,10,8,6,4,7,7,4,13,5,6,7,8,7,10,10,1,6,4,5,12,4,6,5,9,5,5,4,5,8,6,11,6,7,7,8,4,5,4,5,8,8,6,6,3,9,9,6,5,5,5,6,10,11,8,11,0,4,6,8,7,7,7,3,6,11,6,3,10,3,7,17,5,5,3,6,3,4,4,10,4,3,9,4,5,8,5,6,1,4,10,4,5,7,3,6,5,8,6,3,7,4,6,9,5,3,4,5,6,3,2,5,5,8,8,5,5,8,9,4,7,6,5,5,7,7,5,8,6,10,5,5,6,6,9,10,3,8,7,3,7,3,3,6,8,6,5,5,5,8,6,5,7,5,4,15,2,6,6,8,5,8,5,7,12,4,8,9,12,4,7,8,5,6,7,13,4,4,4,3,4,12,10,5,7,12,2,4,7,9,6,6,2,6,8,1,3,6,6,4,5,4,8,6,6,6,6,6,7,3,3,5,4,2,6,1,7,5,6,7,11,4,5,5,6,3,8,5,6,10,4,3,7,1,6,2,6,8,8,5,7,3,6,8,6,7,8,9,6,2,9,3,4,6,10,4,5,2,2,2,11,8,7,7,10,4,7,3,4,9,6,5,5,10,7,3,4,8,3,3,5,3,2,7,5,5,2,4,2,9,7,11,6,5,6,9,11,7,7,7,4,4,9,2,4,6,8,2,3,4,7,2,3,1,2,11,6,3,4,8,1,8,6,5,5,2,7,9,6,6,4,5,4,12,7,8,4,3,12,8,6,4,7,12,6,5,9,4,5,6,2,3,7,6,11,4,5,8,2,3,10,5,4,3,8,5,9,2,7,4,6,6,6,6,6,3,5,6,5,6,7,4,3,6,7,6,10,6,9,6,2,3,4,7,7,6,4,7,7,6,5,3,2,2,4,5,7,3,6,11,4,4,4,3,5,2,3,7,4,10,8,3,4,4,8,9,3,5,4,6,15,7,9,5,4,4,12,7,6,4,10,6,4,5,2,5,7,0,5,8,8,5,7,8,7,4,7,7,5,4,5,8,5,3,4,2,5,3,2,7,8,7,3,6,4,6,6,3,8,6,5,8,7,8,4,7,4,7,3,12,7,8,7,10,7,1,5,7,7,12,7,6,6,3,6,3,2,11,8,4,10,6,4,11,7,9,4,8,3,4,9,7,4,7,5,3,5,5,3,3,7,4,9,10,8,6,9,6,3,2,4,7,8,9,8,8,6,6,4,10,4,4,9,3,4,9,4,5,4,5,6,6,6,7,3,4,2,6,8,10,7,12,10,5,4,7,7,6,5,7,6,6,8,7,4,6,6,8,9,6,9,8,2,10,4,8,9,4,5,9,6,6,6,8,4,2,8,4,8,6,6,9,11,5,5,6,5,3,8,5,4,7,9,5,3,6,3,4,6,11,10,9,6,8,4,6,8,9,4,10,6,6,5,4,7,4,4,5,7,10,7,9,0,10,6,3,3,8,4,2,5.999,10.936233520225,1.061766479775
3,5,4,7,7,7,10,7,5,6,6,7,2,3,5,11,7,5,13,5,5,6,13,4,2,8,10,10,3,3,3,11,3,7,5,6,13,5,5,3,8,7,6,5,6,4,9,13,3,8,8,5,9,5,4,7,6,10,6,4,4,1,7,4,3,7,4,6,5,5,3,4,8,6,5,7,3,10,6,5,7,5,4,6,8,9,8,6,3,9,10,4,9,8,11,7,6,11,5,9,6,6,9,6,10,6,6,6,10,7,10,5,3,2,2,4,4,6,7,4,5,5,11,11,8,5,4,5,3,12,5,12,6,8,3,6,8,5,4,3,7,8,4,5,5,10,9,5,8,6,5,3,2,8,3,6,6,8,4,6,4,5,8,5,7,1,9,6,7,5,7,8,5,6,8,3,7,5,4,13,6,8,7,4,2,8,7,3,7,9,1,8,3,8,10,3,3,8,8,2,2,9,2,5,3,6,7,4,5,4,4,6,12,2,10,9,6,7,8,6,7,2,6,9,12,6,4,7,5,9,9,5,2,4,5,1,7,3,2,6,7,3,5,7,6,4,11,3,7,6,11,7,10,7,8,3,12,9,7,6,5,5,5,4,4,2,9,7,7,8,2,8,5,8,4,0,3,3,4,2,10,13,5,3,5,7,4,10,5,7,5,5,6,3,6,6,9,6,4,2,7,3,5,4,2,3,6,5,7,7,7,8,9,11,6,5,7,4,9,2,7,3,5,7,7,3,5,4,2,6,4,6,9,3,7,7,2,6,7,3,8,3,2,8,7,11,3,3,6,8,7,10,3,3,7,9,2,4,7,2,3,7,9,10,9,4,8,8,10,12,2,15,9,5,5,4,5,3,9,7,1,4,9,4,14,3,1,8,2,9,1,7,3,6,7,7,1,5,13,4,2,4,8,6,6,10,9,4,1,5,4,8,6,7,7,3,9,8,6,5,5,8,3,4,10,3,4,6,7,1,7,5,6,7,5,8,3,6,3,8,5,11,4,3,8,3,9,10,10,5,3,14,5,4,7,1,7,3,12,6,4,8,5,4,6,5,2,6,3,4,4,2,2,6,8,9,7,7,12,4,5,5,6,6,9,3,7,10,11,8,12,3,5,4,4,5,7,4,11,4,5,6,5,5,5,7,10,2,5,9,8,7,9,5,8,5,5,6,8,12,5,7,5,8,3,9,4,5,9,2,4,10,3,6,12,2,5,3,6,6,4,4,7,8,3,6,3,9,6,3,2,6,9,3,6,5,9,7,5,10,9,1,4,5,4,3,5,7,6,8,7,11,9,6,6,3,5,4,4,9,9,1,5,11,9,0,8,4,1,13,3,3,11,9,4,3,6,5,6,4,2,5,6,7,10,5,11,4,4,5,7,12,5,8,1,5,8,7,7,4,4,7,7,7,7,9,3,5,5,9,8,13,5,10,6,9,4,3,7,3,5,6,12,4,4,1,6,4,3,7,4,3,5,7,7,3,8,8,3,7,7,4,5,6,6,5,3,8,9,1,3,4,4,10,9,9,6,6,7,8,7,6,8,7,8,6,5,4,5,4,5,4,8,9,4,6,9,7,7,6,3,4,5,9,8,5,7,5,5,5,5,7,6,9,1,2,9,4,6,4,6,7,5,4,7,7,4,5,1,4,7,5,4,8,6,7,10,5,4,11,6,7,3,8,9,6,5,5,6,5,5,8,7,7,5,5,9,8,6,6,7,4,7,6,6,11,3,4,7,9,3,4,12,5,7,7,6,8,9,9,5,6,3,1,6,8,6,4,7,6,6,7,5,9,6,3,5,3,8,5,8,10,5,9,9,9,9,8,4,8,9,6,7,3,2,7,4,4,4,5,7,12,9,6,7,6,5,7,3,1,4,10,8,3,5,7,7,4,9,4,11,11,12,7,3,5,5,8,8,5,9,9,0,5,6,2,4,4,5,8,8,3,9,7,4,9,6,7,5,7,12,8,8,5,12,4,3,5,9,5,8,7,5,7,6,4,7,5,5,3,5,3,3,4,3,4,6,12,4,8,13,5,4,6,8,6,4,9,7,7,9,9,5,5,8,5,4,6,5,5,8,5,7,4,5,3,9,1,2,5,6,6,3,4,3,3,5,7,7,7,8,6,12,10,9,6,2,7,13,2,15,6,8,6,10,5,8,8,13,3,2,4,1,5,5,3,8,7,5,5,4,6,9,8,2,6,8,6,3,9,4,1,4,5,6,3,5,5,7,5,10,8,3,5,4,4,4,4,3,9,6.009,11.1857362138927,0.832263786107258
11,6,2,10,11,5,14,5,6,13,7,5,6,6,9,9,8,4,6,9,7,7,10,2,6,7,5,7,6,0,8,7,10,7,4,7,12,3,4,4,6,3,5,8,6,5,1,5,3,3,7,10,4,1,4,5,5,8,6,7,5,6,8,6,7,4,8,7,8,3,7,6,5,8,4,1,5,5,7,9,9,8,3,4,7,5,7,4,3,7,4,3,4,12,5,10,6,6,4,6,6,4,3,8,8,3,14,6,9,4,7,7,7,8,0,2,6,6,8,6,1,8,7,4,6,5,3,6,8,7,2,6,6,7,8,8,6,6,7,7,2,9,6,8,4,6,6,10,2,7,8,4,6,9,10,9,4,11,5,7,5,5,10,7,4,6,3,7,7,8,4,3,6,6,7,8,7,4,7,6,6,6,5,5,6,3,8,6,8,4,7,8,6,6,7,2,7,7,2,6,10,9,11,10,6,5,3,9,4,8,5,11,6,5,10,8,12,9,6,10,5,6,6,4,6,8,1,4,3,2,5,3,4,4,2,4,2,2,7,4,14,5,5,9,6,6,6,5,1,5,5,8,12,3,8,9,7,6,3,1,5,13,4,4,11,3,5,2,6,5,5,3,7,7,12,6,6,5,4,6,7,7,6,4,2,8,6,12,7,6,10,10,2,9,9,10,6,4,8,5,4,5,2,6,6,7,10,8,8,4,4,7,9,5,8,3,3,7,7,11,7,7,7,7,3,7,6,1,4,7,4,6,2,11,5,6,9,4,7,9,6,5,5,4,3,6,5,3,10,5,6,3,12,5,4,3,8,7,14,8,6,5,10,3,5,5,10,5,7,3,5,3,1,2,6,8,3,5,6,6,3,5,10,3,3,7,5,8,7,7,3,4,8,6,9,3,9,8,18,5,5,5,7,6,5,12,5,6,5,3,8,3,6,8,7,3,7,5,7,8,8,4,9,3,9,7,5,8,5,5,8,9,4,3,11,5,0,4,3,4,5,9,6,6,8,3,3,5,2,6,6,4,8,8,4,4,5,7,6,7,4,12,8,4,12,4,2,5,8,9,9,2,5,5,13,6,3,4,10,6,5,3,5,15,4,7,1,12,7,5,6,7,8,9,5,5,5,6,4,6,6,3,6,8,4,13,6,14,6,10,6,5,5,9,5,7,11,5,4,6,4,10,7,8,6,11,7,4,9,6,8,5,3,5,9,6,7,8,5,5,7,3,5,4,11,10,4,5,9,7,5,10,5,4,10,5,9,8,7,5,8,5,3,8,5,9,7,2,6,5,3,5,5,5,3,2,5,5,1,7,8,3,4,4,3,8,2,7,8,3,6,11,12,5,4,4,7,3,7,3,4,4,9,5,7,8,12,5,7,9,5,11,7,4,3,5,4,3,5,5,4,3,5,4,6,7,7,9,6,1,4,5,8,13,10,3,8,10,4,9,10,7,5,5,7,6,6,10,5,13,8,3,7,9,10,5,6,4,5,3,1,6,5,3,6,3,10,7,2,6,9,3,3,3,7,3,2,7,6,8,8,7,6,4,3,7,7,9,2,1,1,4,9,11,5,9,7,4,6,5,8,8,6,9,5,9,9,5,7,0,3,6,5,4,6,7,6,6,4,7,5,10,3,5,12,7,7,5,6,1,2,5,7,5,8,8,4,5,7,6,6,2,6,5,3,5,4,8,7,3,3,6,5,3,7,6,5,9,10,3,5,4,6,6,3,5,7,3,11,7,8,12,9,8,9,10,5,3,6,8,8,4,5,5,7,4,4,5,8,1,3,3,8,9,5,6,6,9,3,8,9,4,4,8,7,5,3,9,5,5,6,6,8,7,6,3,4,6,6,2,4,11,7,4,7,6,8,4,7,3,5,5,2,7,5,6,4,7,5,11,6,7,9,12,5,6,4,7,7,8,10,1,5,8,5,8,7,2,4,8,10,3,4,2,4,10,5,7,5,8,6,6,9,8,6,4,9,5,11,5,9,6,2,9,8,2,3,7,3,3,5,15,9,4,8,8,6,5,4,2,4,6,8,5,8,11,2,5,9,6,8,6,4,11,5,3,8,2,5,5,5,3,4,5,4,3,5,9,5,6,6,6,6,5,3,8,4,6,8,10,4,3,4,9,14,8,4,9,8,8,13,4,9,8,5,9,9,1,8,3,4,3,7,4,8,2,8,5,8,3,1,4,10,7,6,3,4,7,3,7,8,4,3,3,9,10,4,4,5,1,3,5,7,10,2,8,8,6,8,4,6.04,11.1762723773116,0.903727622688417
4,10,3,7,2,6,10,5,15,4,7,7,6,5,4,6,6,6,4,5,5,6,6,5,5,9,8,5,5,6,5,10,7,5,7,11,2,11,6,9,5,6,6,5,7,3,6,7,3,6,7,4,7,3,4,5,4,4,7,5,10,6,7,7,5,9,5,3,7,3,8,3,3,6,9,3,4,3,8,7,8,7,6,5,3,9,3,6,8,7,2,3,8,3,6,5,8,7,8,7,10,9,3,9,9,5,6,8,8,5,9,4,6,3,2,5,0,7,4,3,12,6,9,11,7,7,6,4,5,3,9,6,5,7,8,5,6,4,5,5,8,10,9,5,3,4,10,7,8,8,6,4,4,11,12,7,8,4,3,6,4,5,12,9,7,5,5,8,5,1,8,6,2,2,4,3,3,6,7,6,12,5,11,6,3,2,4,6,11,6,4,6,8,2,5,8,8,6,9,5,4,10,7,6,7,7,5,6,6,8,6,4,8,5,6,10,3,7,4,4,6,6,3,7,14,7,4,5,3,11,6,6,3,6,3,6,8,5,9,3,10,5,7,3,3,8,7,1,7,5,3,8,9,4,11,6,4,5,11,5,3,7,8,3,9,5,6,3,6,6,9,9,5,2,5,6,4,3,3,5,7,3,8,8,2,10,5,9,5,5,8,6,5,7,4,10,8,7,5,6,5,0,6,4,7,7,5,7,1,4,4,2,5,12,11,4,2,7,9,1,4,5,7,5,5,8,6,7,4,10,6,6,6,2,4,3,10,1,6,8,8,8,6,9,5,5,8,9,5,9,10,4,5,3,7,9,8,8,3,7,6,8,5,10,7,3,0,7,14,8,7,14,5,9,9,3,6,5,10,2,6,6,3,7,6,6,6,9,14,12,3,4,2,7,8,9,6,9,4,4,5,9,6,5,13,6,8,3,5,7,6,11,5,6,7,5,6,8,5,5,3,6,5,3,3,6,11,6,3,5,6,4,5,7,5,5,6,6,3,5,7,5,11,4,9,4,7,2,4,1,4,4,3,7,6,5,7,8,5,9,0,5,6,3,9,1,4,5,5,4,6,2,8,5,7,9,3,7,13,4,5,8,7,9,7,3,2,3,10,3,4,8,10,5,5,4,5,9,6,5,5,8,6,5,9,5,6,11,7,5,6,7,4,6,9,4,5,10,8,11,1,7,7,4,2,7,9,6,4,8,4,4,8,5,7,8,5,7,8,5,4,5,3,4,3,6,9,8,4,1,7,12,7,2,9,7,5,8,6,10,8,5,5,6,5,8,1,2,6,9,5,7,11,11,7,1,7,7,3,7,3,6,6,8,8,5,1,10,9,8,6,8,4,5,9,4,7,2,5,2,4,4,3,3,4,4,6,4,6,6,6,5,5,2,2,3,3,1,4,6,8,7,7,0,8,11,4,5,3,11,8,9,3,8,9,6,8,5,8,4,4,11,2,1,6,7,6,1,4,6,7,4,6,4,4,7,9,7,6,7,4,7,5,2,6,4,8,12,8,6,5,6,12,4,7,6,1,4,8,3,7,8,8,4,6,3,10,4,6,9,3,8,10,9,9,4,6,4,8,5,5,4,7,4,8,5,5,5,8,1,12,6,7,9,12,5,9,5,4,10,5,6,5,8,8,2,9,7,2,1,4,7,3,5,6,10,5,7,7,3,5,8,8,9,6,6,7,7,4,9,6,10,2,3,6,5,8,8,6,4,6,5,6,2,8,8,4,4,3,3,9,7,6,5,5,7,9,3,8,15,5,5,4,9,4,1,9,5,4,9,5,8,9,4,11,7,9,6,8,3,5,8,8,8,7,4,3,4,3,1,7,8,1,5,9,4,7,2,2,7,6,5,8,7,7,4,2,6,2,3,5,4,6,12,6,5,4,5,5,6,5,3,8,4,8,8,9,2,8,5,7,5,8,4,3,5,11,5,5,3,3,4,2,7,7,1,5,5,7,6,6,9,5,4,2,3,6,14,6,4,10,9,3,7,9,8,7,6,10,5,1,5,2,7,5,2,3,7,2,8,4,5,5,5,4,5,3,2,5,7,7,10,7,3,3,7,8,5,7,4,7,3,6,3,4,8,5,3,10,9,7,4,1,7,7,8,3,8,5,5,9,6,2,11,5,3,6,6,9,7,9,8,11,7,2,5,2,11,4,3,8,5,9,10,8,6,3,8,8,3,5,8,7,2,7,6,8,5,4,10,7,3,8,3,7,4,5,4,7,9,4,8,5,3,1,9,5,11,2,6,5.935,10.9486624987779,0.921337501222131
5,11,6,5,2,6,4,4,1,6,9,6,7,2,8,5,7,5,5,6,5,6,9,0,2,4,10,11,8,8,3,7,7,7,8,5,3,5,9,4,5,9,9,5,10,8,7,7,10,9,6,8,2,3,3,6,5,11,8,1,5,7,7,9,8,8,6,4,12,4,12,7,8,4,7,4,7,6,6,11,4,8,8,5,5,7,7,6,2,5,5,6,6,7,4,6,10,12,5,9,6,3,3,10,8,10,7,4,6,10,10,8,4,6,2,7,7,6,7,9,3,5,7,5,8,3,5,3,4,8,4,6,11,9,5,6,9,4,11,10,6,5,10,3,9,5,9,11,8,7,6,9,3,13,5,2,7,7,6,5,6,4,6,6,6,5,9,4,5,5,5,5,4,11,7,8,8,11,11,9,16,7,3,9,5,3,8,7,4,5,8,7,5,7,6,2,7,0,6,6,3,8,7,4,7,4,5,6,4,8,4,7,11,11,8,12,4,8,3,4,5,3,5,8,7,7,3,4,2,6,8,6,0,6,3,3,7,4,5,9,7,2,11,5,4,6,6,3,7,4,6,7,8,7,8,4,10,12,5,8,4,7,6,8,4,5,5,6,8,8,5,9,9,8,5,6,4,8,6,12,3,6,5,8,5,12,10,3,3,8,9,2,4,4,6,5,4,7,8,2,8,3,4,2,3,7,5,6,3,5,8,5,1,7,6,1,2,4,6,6,5,7,6,4,6,10,2,5,7,11,4,7,7,4,3,9,5,7,7,5,5,11,6,4,5,6,1,3,7,5,2,4,12,7,6,6,5,8,6,6,6,5,5,2,10,4,1,3,3,5,4,9,3,5,3,7,6,7,4,2,5,6,5,5,3,8,8,7,4,2,8,7,5,6,14,6,7,4,6,7,5,9,10,7,9,10,5,5,6,5,4,4,8,4,6,3,9,6,9,5,3,8,7,3,5,5,7,3,2,4,5,5,6,2,6,4,6,8,3,2,1,7,8,5,10,3,9,12,5,4,7,4,5,4,7,3,6,5,6,11,7,6,9,6,6,6,7,13,10,4,6,5,4,6,10,4,4,4,8,3,4,9,6,3,9,7,6,6,6,10,5,5,7,4,4,7,4,6,10,10,10,6,5,2,6,9,5,9,6,2,6,1,7,4,10,7,8,4,6,6,6,3,9,7,7,12,3,4,4,5,7,4,5,6,6,2,8,9,1,2,5,7,6,9,3,7,7,11,6,4,4,6,14,6,6,5,6,3,6,9,7,4,6,4,4,2,5,7,5,14,7,5,2,3,10,4,6,6,3,7,6,9,9,8,4,4,4,5,7,6,2,6,3,10,5,3,8,8,7,4,8,4,7,11,8,6,6,3,5,9,6,6,4,4,2,3,4,6,8,4,7,5,5,4,5,3,5,4,2,9,5,5,6,5,7,4,6,8,4,7,6,7,6,2,4,6,3,8,2,8,3,5,7,7,9,5,9,11,2,6,2,6,6,5,8,7,3,13,5,6,7,6,3,6,7,6,6,4,6,4,7,4,4,6,6,3,8,7,6,5,8,5,6,11,9,8,5,6,3,3,10,5,3,6,7,6,8,1,6,5,4,8,7,6,2,7,7,7,3,7,5,10,4,8,4,5,3,8,6,6,2,4,6,7,7,3,4,9,5,6,4,3,6,5,6,5,5,3,3,5,10,2,3,7,6,7,4,10,6,4,6,9,6,4,6,4,5,7,4,6,9,9,9,4,6,6,2,7,4,9,5,6,7,3,10,6,5,4,9,8,8,7,6,3,7,8,5,4,4,4,7,8,7,4,4,9,6,5,3,11,4,4,7,3,2,8,8,7,1,3,8,6,5,3,3,4,4,5,14,2,11,10,8,7,9,6,6,7,4,10,6,8,9,5,10,1,3,5,6,8,7,8,8,9,7,7,8,3,6,7,13,6,3,5,5,3,5,11,8,7,2,7,8,9,6,9,15,5,8,3,5,5,3,5,6,3,7,10,6,4,1,6,3,4,3,6,6,7,2,9,4,5,7,7,4,8,7,3,8,11,8,13,0,4,13,5,11,9,4,2,5,3,9,9,6,6,12,7,8,7,10,8,6,7,5,7,5,5,4,8,10,9,7,7,4,2,7,5,6,5,7,4,9,3,10,2,1,7,9,4,9,3,7,5,8,4,5,5,5,4,5,8,6,0,6,6,11,7,7,8,2,9,5,10,7,6,5,3,4,8,10,6,6,6,5,3,2,4,6,3,5.997,10.9264355823726,1.06756441762743
4,4,7,10,7,5,5,7,10,6,4,5,7,7,5,9,10,4,4,7,8,4,8,6,8,13,9,2,3,4,2,6,6,3,7,6,7,11,5,6,5,3,4,7,9,4,10,10,5,6,4,7,7,1,4,9,7,8,4,7,4,5,7,3,7,8,8,6,6,5,6,11,4,10,10,9,4,7,5,5,13,5,6,4,9,1,7,4,6,6,4,6,7,11,8,10,8,12,3,4,5,8,9,7,4,4,11,5,7,8,5,7,8,2,2,3,5,3,12,4,4,4,7,7,5,3,7,12,6,11,5,6,6,7,5,5,12,6,6,5,5,6,5,6,5,7,2,5,6,3,7,3,2,5,13,6,8,5,5,6,6,8,4,6,3,6,10,9,5,1,1,7,5,4,5,3,4,7,8,9,7,6,6,6,7,5,4,4,5,5,4,7,9,2,9,4,5,11,5,8,2,7,7,3,6,4,7,6,2,10,2,6,12,0,8,2,6,6,5,6,6,3,5,6,9,5,6,4,3,7,4,5,5,5,3,3,9,5,6,12,9,6,5,5,9,7,8,7,5,5,7,7,8,3,8,8,9,4,4,1,7,9,4,5,4,6,9,3,3,8,4,3,8,5,8,4,8,4,6,9,4,2,5,3,6,2,5,7,6,9,3,10,8,5,10,10,4,9,11,7,2,5,4,4,6,4,7,6,7,8,3,8,11,7,7,8,7,5,10,8,6,9,5,3,4,9,6,4,4,5,7,10,6,5,9,7,1,7,5,8,7,9,4,6,6,3,6,7,12,11,4,14,8,6,8,7,8,9,9,5,6,7,4,4,7,3,4,2,7,7,5,9,6,5,6,5,8,5,6,5,4,7,8,4,7,4,5,7,5,9,0,4,8,5,5,4,6,4,8,7,6,9,10,9,7,6,8,5,5,7,7,5,6,4,8,4,11,5,6,5,9,5,7,4,2,4,6,6,9,4,8,7,6,3,5,8,5,1,5,6,9,5,3,6,5,6,3,6,9,6,4,10,5,5,7,4,4,4,5,6,7,6,3,2,6,2,3,3,7,8,1,4,8,9,9,6,8,10,10,3,6,6,6,5,5,5,9,11,5,4,8,3,5,6,3,10,5,4,6,10,5,6,6,5,10,4,5,11,5,2,5,5,6,6,7,8,8,4,4,4,4,11,8,11,5,13,6,5,6,5,9,5,1,8,6,10,6,7,10,6,2,11,6,0,3,9,8,4,5,6,4,4,5,5,12,4,6,4,7,8,8,5,9,4,1,0,6,6,7,8,4,6,4,3,8,3,3,10,2,7,10,4,2,6,7,8,3,6,5,10,8,4,10,6,3,6,8,6,1,3,4,2,8,8,11,3,12,4,2,10,6,4,8,5,3,8,5,3,6,5,4,5,2,7,2,8,4,5,7,8,6,6,6,12,10,6,6,8,6,9,4,11,6,5,4,5,4,8,5,7,9,3,7,7,6,8,6,6,4,8,4,3,2,2,3,5,6,7,6,6,10,3,7,7,4,6,5,5,4,8,7,3,5,12,4,9,15,7,6,8,4,7,9,9,5,2,4,6,6,2,10,7,9,5,8,6,3,2,13,6,2,8,4,8,4,5,9,7,2,4,4,11,3,8,4,7,4,7,5,6,3,5,5,6,6,3,9,3,5,11,8,6,3,4,3,5,5,3,7,5,1,5,9,2,10,7,7,6,9,6,10,6,5,8,10,9,5,5,6,4,5,8,10,3,6,5,2,8,5,3,3,7,6,5,3,5,6,5,4,2,3,9,6,2,10,5,10,10,9,2,2,4,2,3,8,6,6,8,6,6,5,10,6,3,4,3,6,8,5,4,7,6,9,8,4,3,5,6,2,6,6,7,8,5,4,7,8,5,6,6,6,13,7,9,6,8,4,9,11,3,10,5,4,0,5,6,7,6,7,5,6,3,7,7,7,8,5,10,3,8,7,4,7,5,6,6,4,3,8,5,7,13,13,9,6,6,8,9,6,4,4,11,8,7,3,7,1,8,4,6,7,3,7,3,4,10,4,4,9,9,5,7,6,3,5,4,4,6,11,5,6,7,9,5,3,6,4,7,4,8,6,6,7,4,4,7,9,6,2,4,6,1,4,14,6,7,5,8,5,6,6,7,5,7,4,3,7,6,14,7,6,7,8,6,6,3,9,2,5,6,10,6,11,8,7,9,7,7,6,7,4,3,10,5,13,5,6,9,5,12,9,2,6,6,6,8,10,5,6,7,6.038,10.9296765662939,1.14632343370606
4,8,4,3,7,8,7,3,10,4,5,6,6,2,4,11,8,8,3,7,2,5,14,1,5,8,8,11,4,2,1,4,5,7,3,9,7,7,6,6,7,10,11,4,7,0,13,11,2,4,7,4,2,5,4,9,4,6,8,10,8,7,8,8,6,9,5,2,6,7,7,6,3,10,3,5,2,7,3,6,10,8,11,5,6,7,4,3,9,6,3,6,9,8,5,10,5,4,2,15,7,4,6,7,6,11,5,8,11,3,12,2,7,2,3,3,5,13,4,7,6,5,5,9,6,10,4,10,5,9,6,4,5,4,6,6,6,8,10,6,5,8,8,8,9,5,9,3,4,7,10,5,5,10,6,6,3,4,7,4,9,2,7,6,3,3,5,3,6,9,0,4,3,6,7,2,6,6,4,11,6,6,4,6,8,5,6,7,2,6,4,5,5,7,12,7,5,5,8,6,8,8,6,10,9,5,3,12,6,4,5,10,5,7,5,8,7,7,4,6,3,6,9,10,8,5,4,3,4,8,8,8,5,3,3,4,4,2,3,7,5,4,6,5,5,11,6,8,6,4,4,8,8,10,7,11,5,6,8,5,6,9,9,6,4,6,12,5,7,8,4,6,7,7,11,7,3,4,5,6,8,8,4,4,3,5,9,11,3,6,7,6,5,9,7,10,6,4,4,3,3,12,7,4,6,4,3,3,6,8,8,8,7,6,8,11,5,12,6,3,10,11,2,3,6,7,14,4,3,13,3,4,3,4,8,7,8,10,7,6,7,5,5,3,7,9,4,9,9,11,5,10,5,6,6,7,6,10,6,1,4,3,4,3,9,5,5,7,6,11,6,10,7,6,5,6,11,8,4,2,7,5,9,3,2,5,8,4,5,6,6,5,7,11,7,3,8,6,5,6,6,6,15,6,6,8,9,5,6,8,13,8,7,6,6,1,3,2,5,4,4,4,8,2,8,2,7,6,5,6,5,7,5,7,7,10,7,4,2,7,6,6,5,4,7,7,9,6,4,2,4,6,4,7,9,2,7,5,12,6,7,9,10,4,7,8,4,4,2,3,11,3,8,3,8,7,3,6,9,6,8,8,9,7,3,9,3,4,3,9,6,5,10,5,4,10,5,11,4,3,6,4,7,3,12,14,8,11,8,6,5,7,7,6,5,12,8,11,2,6,2,12,6,9,2,7,8,6,14,8,7,6,1,7,10,4,11,7,6,8,3,9,8,4,8,11,12,6,8,3,2,3,4,7,9,3,6,8,3,8,13,4,7,4,10,9,2,4,7,3,10,7,5,3,6,4,7,9,4,11,7,6,7,6,9,5,4,13,8,10,2,7,6,10,6,3,11,0,7,3,5,6,7,4,7,6,7,6,6,9,8,7,6,4,2,5,9,1,8,6,6,6,9,3,5,3,2,5,2,6,5,8,4,2,3,6,8,7,6,5,11,4,3,6,6,9,3,8,7,11,13,3,6,6,9,5,4,7,2,6,2,5,4,3,9,5,13,4,4,10,6,4,7,9,8,5,3,6,12,5,5,6,8,3,8,2,15,6,3,6,2,1,8,16,6,7,8,3,13,6,5,4,1,9,8,5,9,4,9,3,3,3,10,6,4,3,5,5,7,9,9,6,5,5,9,7,4,7,6,9,0,3,2,8,5,5,4,5,1,5,6,6,3,6,3,8,3,4,7,9,5,3,6,9,6,9,8,7,8,6,5,4,5,7,4,3,6,8,3,6,7,8,7,9,11,6,13,4,6,6,6,6,8,5,5,4,4,7,3,6,3,6,10,10,12,0,9,6,7,5,10,6,8,7,11,5,7,10,6,6,12,7,4,10,7,6,5,5,4,5,5,10,5,6,5,3,2,7,7,3,4,4,5,6,6,13,5,8,8,4,2,13,6,7,8,2,8,6,7,6,10,5,2,4,6,1,10,2,6,7,8,3,5,6,5,11,6,7,5,9,4,10,8,6,4,6,15,4,6,7,6,3,8,7,5,6,4,5,8,7,4,8,8,5,5,6,4,7,4,7,7,6,6,8,3,3,7,5,7,9,6,6,5,8,9,3,8,4,8,7,8,1,2,11,4,3,8,8,5,9,8,4,6,10,7,8,3,6,4,4,7,7,4,11,8,4,3,7,6,2,6,6,6,7,9,9,8,6,15,4,5,8,6,5,7,4,4,6,4,1,9,12,13,6,1,8,3,12,6,5,6,7,8,7,7,4,3,6,11,5,6,9,8,4,8,5,6,6,4,5,6.213,11.5096924585632,0.916307541436763
6,9,5,7,2,2,10,12,11,6,6,3,6,5,2,5,8,9,4,2,2,6,3,7,5,3,12,8,5,7,5,8,8,9,5,8,5,9,5,1,9,11,9,4,7,9,6,5,10,5,4,6,10,6,3,4,3,4,8,5,5,10,8,6,5,12,10,6,7,5,11,5,6,5,4,6,5,13,9,8,5,13,7,5,4,6,3,4,4,6,6,8,4,8,6,4,5,5,8,8,7,12,8,8,12,4,10,5,6,8,4,10,5,4,7,4,9,12,9,5,5,8,9,6,11,3,6,4,3,5,6,11,7,5,2,7,3,6,7,8,2,7,5,2,3,8,6,2,8,6,8,9,3,11,8,8,6,9,9,6,8,6,6,5,4,8,3,6,6,6,8,5,3,4,7,6,9,5,4,5,4,8,7,5,5,4,4,7,6,6,8,4,5,5,9,5,9,6,6,3,8,6,7,3,8,12,4,7,4,7,5,8,13,6,5,3,10,5,5,5,7,5,8,7,4,7,1,3,1,7,7,5,6,8,8,4,7,5,4,4,8,4,8,8,1,6,5,6,7,1,2,7,13,5,7,5,4,5,5,8,3,7,8,4,5,4,6,4,6,7,4,12,5,6,9,5,3,5,7,6,8,8,8,6,8,2,9,4,10,6,6,10,5,8,5,6,8,10,6,5,7,2,5,6,8,10,6,9,4,1,4,6,10,11,6,5,6,8,8,5,12,7,3,8,8,4,8,5,2,8,9,6,7,5,7,5,12,11,6,14,3,16,5,6,8,10,3,7,6,5,3,5,3,6,6,3,9,6,5,4,8,3,9,10,4,6,4,6,13,9,8,9,8,9,5,5,9,3,6,4,10,8,11,4,4,8,3,10,3,7,9,4,5,6,11,4,5,6,2,5,4,7,6,5,11,8,6,3,6,6,4,7,10,4,9,3,20,2,6,7,7,6,6,2,2,5,4,3,7,4,7,6,4,3,10,7,4,2,4,3,4,4,4,4,10,6,5,4,8,3,3,9,6,4,10,5,6,7,5,2,1,8,6,6,12,3,4,6,6,5,4,6,6,5,11,8,3,5,17,8,9,7,7,7,8,4,3,10,10,4,9,2,5,6,7,10,4,5,3,7,9,5,3,7,7,5,6,8,5,7,8,5,2,6,5,7,10,7,6,9,2,5,8,7,6,5,8,4,6,7,3,7,8,5,5,3,5,2,5,7,8,11,9,6,7,9,5,10,7,5,5,8,6,4,9,4,9,4,4,7,6,5,7,5,6,7,8,5,4,8,7,8,5,6,6,6,7,5,3,6,8,7,8,6,4,7,4,5,10,8,5,6,9,6,3,4,3,3,7,4,6,4,4,5,7,4,8,4,5,10,5,6,8,9,4,3,3,7,9,2,6,4,8,4,5,8,5,3,8,9,8,10,8,6,5,8,4,3,2,2,3,7,5,6,2,7,5,2,8,8,5,4,5,11,7,9,7,3,3,6,6,7,11,6,7,7,4,8,8,9,6,3,9,4,7,3,4,5,10,2,10,3,3,5,8,8,5,15,6,9,4,6,6,7,7,6,3,5,1,4,10,7,8,7,6,4,9,2,7,3,3,5,5,4,5,5,5,4,3,11,3,10,7,1,7,3,7,7,2,6,6,3,1,9,6,3,4,7,5,6,7,5,8,7,6,2,2,4,7,11,6,7,5,6,9,6,6,12,5,4,5,5,5,4,4,5,5,8,11,10,10,6,10,3,5,4,4,3,5,4,7,4,9,4,5,5,7,6,1,5,7,3,6,8,6,4,3,6,4,3,5,7,7,5,2,10,7,6,5,7,6,10,7,6,7,8,4,7,2,5,5,6,4,5,6,4,3,3,9,6,10,6,7,7,4,4,4,10,12,12,7,9,5,5,8,8,7,7,10,5,11,4,8,11,8,6,6,8,5,3,7,5,8,5,6,8,7,5,8,8,5,11,7,3,8,1,12,5,8,8,6,8,6,7,7,5,4,6,5,3,2,8,6,5,7,2,1,6,5,6,10,2,9,10,6,9,3,6,8,3,3,3,2,5,4,6,8,8,5,7,5,1,6,1,3,5,9,8,7,8,4,2,6,6,8,8,3,10,8,8,4,4,4,5,6,4,3,6,7,6,3,11,8,5,4,6,5,9,10,4,6,4,5,4,7,3,9,9,3,5,3,8,7,4,6,5,5,9,7,4,6,4,10,7,8,6,8,11,7,4,10,5,9,7,4,6,7,8,6,2,6.105,11.0316982367012,1.17830176329875
7,4,3,9,6,3,4,7,6,8,10,4,7,4,10,9,5,8,4,3,6,4,8,9,5,6,10,6,4,5,9,9,3,7,4,3,10,4,7,8,5,5,5,4,8,5,8,10,6,11,4,4,4,2,5,5,7,7,7,9,3,5,7,7,12,8,6,8,12,5,3,9,5,4,6,4,4,4,7,9,11,5,7,4,4,7,5,5,4,7,3,3,5,8,3,7,10,6,9,9,7,7,7,8,7,7,6,5,8,7,6,6,4,5,0,4,6,6,5,6,3,7,4,4,6,4,6,4,8,9,8,5,10,5,10,6,8,8,3,10,9,2,10,4,3,4,7,4,8,6,8,1,0,10,4,8,3,5,5,5,4,6,5,3,8,6,9,17,5,7,9,7,4,10,2,2,6,4,8,8,8,3,2,6,6,12,4,11,4,7,7,8,14,7,3,6,3,7,5,9,6,6,9,9,9,6,6,6,3,11,5,6,10,9,8,8,5,6,4,6,3,5,7,7,3,17,5,8,1,8,6,2,2,3,5,1,10,5,10,5,5,2,9,6,5,9,3,3,9,3,8,7,8,6,10,5,8,9,5,6,6,8,8,3,5,6,9,2,5,7,9,5,7,7,6,12,5,0,10,3,8,6,3,7,3,10,9,8,5,12,3,5,4,5,8,7,6,5,5,5,4,6,6,5,5,3,6,6,5,2,7,3,5,7,9,6,4,5,7,3,8,11,6,2,6,5,9,2,7,7,6,8,11,6,7,4,9,4,7,6,7,8,5,3,6,5,8,4,4,9,6,4,6,8,4,5,3,8,3,2,5,4,4,5,6,9,3,4,4,6,8,7,6,3,3,5,6,3,9,9,6,7,5,3,6,9,5,4,3,5,8,7,4,6,11,7,7,6,7,6,11,6,10,6,2,7,5,3,6,3,12,7,3,4,7,5,8,6,2,7,6,8,7,4,7,5,6,9,4,6,4,8,7,3,4,9,4,6,3,4,5,1,5,7,4,8,9,2,5,3,2,5,4,4,10,3,4,6,7,7,5,5,9,6,10,5,6,12,6,6,2,5,6,8,8,10,3,5,10,10,7,4,6,5,8,7,2,7,6,8,7,5,6,11,4,7,5,5,6,3,7,2,6,3,6,5,6,9,3,9,5,5,8,5,7,8,3,10,7,8,6,4,8,5,2,10,6,5,6,3,7,7,2,4,7,7,10,7,5,8,5,4,4,2,5,9,4,7,6,4,6,8,3,1,8,4,6,6,2,13,7,10,7,8,8,4,3,4,6,10,3,7,6,7,4,8,9,1,6,3,4,7,4,10,5,4,3,7,4,4,4,10,5,6,5,4,3,4,5,3,6,4,6,4,6,11,6,5,6,11,4,6,5,8,6,4,8,3,4,0,5,6,4,6,10,6,4,4,8,6,6,8,8,11,5,6,12,1,5,7,2,14,9,12,8,3,2,7,4,14,5,7,4,7,2,4,7,5,5,7,8,3,2,5,2,5,6,4,2,2,6,7,10,5,4,5,3,4,5,6,7,7,7,2,4,5,7,13,4,7,6,2,9,10,2,7,8,12,7,5,4,3,7,9,7,9,8,6,12,6,2,10,4,8,11,5,9,3,7,4,10,4,3,3,5,8,6,8,4,5,4,6,4,8,9,11,6,4,2,7,6,3,8,15,6,7,11,3,4,7,4,10,8,5,6,15,5,11,8,2,7,10,5,5,6,4,11,2,1,6,8,5,7,5,8,1,10,7,6,8,5,3,8,4,4,2,8,10,4,15,9,8,7,9,6,6,4,8,6,7,7,4,5,10,6,6,4,7,3,9,6,5,4,5,9,7,9,7,1,7,7,6,5,3,5,1,5,3,9,7,8,9,8,8,6,7,7,7,3,10,5,6,5,7,6,8,4,3,5,8,8,8,15,4,8,10,5,5,6,6,3,6,2,6,4,11,4,6,4,10,3,11,3,7,5,6,9,7,10,4,5,7,9,7,6,2,4,5,2,3,4,5,10,6,1,2,5,7,3,6,7,5,1,5,4,5,6,4,5,9,4,6,4,4,1,7,13,5,1,4,6,5,15,9,5,8,8,8,3,9,6,5,1,8,8,9,3,8,10,7,5,10,4,9,4,4,6,3,5,6,7,4,7,8,5,6,8,8,9,8,9,4,2,14,6,5,9,9,8,2,6,4,3,4,5,4,7,4,3,5,4,0,7,4,5,9,6,4,4,9,8,7,5,5,4,8,6,9,8,9,6.033,11.1050496631426,0.960950336857359
5,5,6,9,2,3,6,4,7,6,5,8,4,6,5,6,6,7,10,3,9,6,3,2,5,8,6,5,5,2,8,3,8,6,9,7,3,4,8,8,7,9,2,7,11,4,9,8,5,6,5,13,6,2,3,6,6,5,9,7,11,6,10,6,9,8,4,8,5,4,7,5,9,3,3,6,3,4,8,10,6,4,5,4,6,5,7,10,5,3,6,1,6,8,8,5,3,8,5,8,4,9,6,5,10,4,10,4,6,1,8,1,4,6,3,2,5,6,5,6,7,7,7,7,5,6,8,11,6,5,8,6,6,13,7,2,5,5,7,7,5,4,7,5,8,7,7,4,12,12,5,7,5,12,8,5,10,7,3,2,8,4,9,10,10,8,11,7,3,4,5,12,4,1,3,10,5,9,6,11,9,4,1,7,7,4,5,7,9,2,12,5,8,5,10,8,11,3,7,4,2,5,5,9,8,9,2,6,8,7,4,6,12,8,4,3,3,7,7,4,6,4,10,7,11,5,6,5,4,5,2,5,1,8,7,8,11,4,4,8,10,2,8,4,6,8,6,8,8,12,6,5,5,7,8,4,8,4,5,3,6,3,2,3,8,5,5,5,6,6,8,4,6,9,5,4,3,8,3,6,4,2,6,5,5,8,5,3,8,8,4,6,5,5,7,3,6,11,8,5,4,4,8,11,5,9,2,7,3,3,4,3,5,10,6,5,3,5,8,10,9,5,8,7,4,7,10,4,4,5,7,6,8,3,9,5,6,9,5,4,5,9,6,9,5,4,5,6,7,3,6,10,6,6,3,9,8,8,3,2,10,6,10,6,7,5,3,3,11,8,6,10,6,6,5,8,8,3,2,7,5,5,6,4,8,4,8,4,6,5,5,3,6,4,6,1,4,9,7,9,5,9,3,4,15,9,4,3,7,6,6,6,6,8,13,3,7,4,8,9,5,7,3,6,6,5,11,2,7,9,10,7,8,11,7,10,7,4,5,3,5,10,4,5,5,4,3,8,7,10,6,4,3,3,10,1,6,4,8,8,6,8,11,5,6,4,6,6,5,5,6,6,14,3,6,5,10,4,8,4,5,3,9,8,8,6,2,4,4,8,3,6,7,4,7,9,5,2,9,7,7,6,3,8,6,6,6,9,6,6,7,6,9,10,9,9,6,10,4,2,5,9,6,11,6,15,6,5,7,8,5,12,8,6,12,7,3,8,4,8,5,8,4,4,2,3,14,10,9,3,8,3,11,1,6,5,5,5,5,5,4,6,8,4,3,4,4,3,8,10,8,1,3,7,5,4,8,7,5,8,6,6,3,8,6,4,5,12,14,11,2,9,7,11,6,5,8,4,5,7,4,3,4,7,8,6,9,4,4,6,11,5,6,3,2,6,4,4,3,1,5,7,6,4,6,11,5,4,4,4,6,6,6,7,8,4,6,6,5,5,5,9,6,6,8,9,6,10,7,7,4,5,2,11,5,8,5,3,6,6,1,8,7,0,8,5,6,7,8,5,7,6,3,7,4,5,9,8,4,7,7,11,4,3,6,8,9,1,7,6,9,6,13,8,5,3,2,3,7,8,4,0,4,8,13,8,8,6,11,2,3,6,11,5,5,5,7,10,2,15,6,10,7,4,5,6,4,7,3,5,3,6,5,3,3,8,5,8,7,7,9,2,8,2,6,9,5,4,5,5,8,5,5,7,10,6,4,9,3,1,5,6,2,3,5,9,11,5,4,6,8,7,2,1,10,3,5,7,2,10,6,4,5,4,8,7,5,2,7,8,3,4,10,9,11,7,7,7,5,7,5,4,7,4,7,10,6,4,5,3,10,7,5,8,7,2,8,8,3,4,4,7,6,8,7,4,7,7,8,3,12,7,6,5,6,3,7,7,12,11,9,3,5,2,9,1,6,4,11,0,4,9,8,4,6,4,9,6,5,6,6,1,5,3,6,10,7,4,5,5,5,7,8,3,6,5,9,4,6,8,4,6,7,5,4,6,6,7,5,2,3,4,10,9,5,6,12,2,3,4,6,5,6,5,7,9,4,6,7,4,2,7,3,6,5,4,3,8,6,8,8,3,9,12,8,5,2,7,6,3,5,6,7,6,7,5,5,7,6,3,11,4,8,6,5,5,3,8,7,7,5,6,3,4,7,7,7,9,5,2,7,2,8,4,7,5,5,7,4,7,6,8,14,3,7,8,6,6,5,8,0,2,5,8,5,1,7,6,8,8,6,10,4,7,3,4,2,9,5,4,6.053,11.0832848339941,1.0227151660059
5,7,4,6,7,8,3,8,7,4,5,8,11,5,3,13,5,3,5,5,4,7,9,6,5,12,8,5,3,5,1,4,5,7,6,6,5,8,5,7,5,5,4,4,8,4,5,3,5,6,5,3,9,5,4,8,6,9,5,6,5,7,5,5,6,6,6,5,5,6,9,7,1,13,1,5,2,12,7,4,6,8,5,12,3,8,4,9,3,4,5,2,10,5,8,3,4,6,4,6,11,5,3,8,6,6,5,7,7,7,11,5,6,6,1,3,4,4,8,6,3,5,4,5,3,7,5,6,5,5,6,9,7,8,6,5,2,6,9,6,9,6,9,5,5,5,4,4,8,8,11,6,2,11,4,6,8,5,7,3,6,3,7,6,5,2,11,6,7,6,9,6,6,7,5,1,5,5,13,7,1,6,8,3,6,3,5,5,6,9,7,2,5,8,10,4,4,5,7,7,7,5,8,2,4,9,4,7,3,4,2,9,7,7,4,5,6,11,6,4,7,2,6,7,6,7,3,5,8,9,8,4,3,5,10,7,7,3,5,7,5,4,4,2,6,8,6,4,5,2,4,15,7,5,3,8,8,4,5,6,9,7,3,5,5,4,8,1,7,9,3,6,6,6,13,3,5,3,6,8,4,4,3,5,5,9,8,4,7,5,4,4,5,8,6,10,3,6,4,12,6,5,8,6,8,4,3,3,7,5,6,4,7,9,7,3,6,5,12,10,4,7,3,6,9,10,7,7,4,4,3,9,5,5,4,1,4,10,4,8,4,9,3,5,8,9,5,1,6,7,6,10,1,6,10,4,6,5,10,2,7,6,6,3,3,4,1,8,8,6,4,7,7,9,5,6,10,5,1,3,6,5,6,6,1,7,3,7,5,10,10,2,8,11,10,6,5,8,7,8,4,6,5,6,8,6,8,7,4,8,7,4,5,6,7,4,4,7,6,8,2,3,4,4,8,5,7,4,7,6,2,9,3,6,8,6,10,6,2,11,4,4,5,8,5,6,3,4,8,6,6,6,2,6,6,1,12,6,9,6,9,7,3,7,4,7,4,6,7,9,6,3,4,4,6,4,11,7,7,5,3,9,8,5,2,6,0,9,5,12,9,3,6,7,4,3,6,3,4,10,9,4,8,5,4,5,4,7,8,5,3,7,6,2,6,7,5,10,6,3,6,6,2,8,2,7,11,3,3,2,5,8,6,4,3,4,1,4,8,2,5,5,5,4,4,8,6,5,5,6,2,9,4,1,8,9,8,5,9,5,3,6,8,5,13,10,6,10,4,5,4,8,6,5,7,5,6,6,8,5,6,9,2,7,11,8,4,12,7,10,11,8,5,9,5,3,4,4,8,3,6,2,13,9,8,8,6,6,3,2,8,2,6,8,3,3,5,0,6,3,6,3,6,5,7,9,9,7,3,7,2,3,2,6,3,4,9,5,3,8,4,7,10,9,2,6,3,5,7,8,6,8,5,4,6,9,6,8,2,4,4,7,3,2,5,2,6,6,7,10,4,5,5,12,10,9,3,6,10,8,8,6,8,6,2,6,9,9,9,1,3,6,11,6,8,3,9,5,5,6,8,7,3,8,8,6,7,0,7,4,7,8,4,6,10,12,3,5,4,3,8,7,3,12,5,8,5,9,6,6,7,2,2,9,4,4,11,6,3,7,7,9,2,8,5,4,2,7,7,10,3,2,9,11,5,6,14,8,9,2,7,5,6,3,8,5,7,6,8,8,11,4,7,8,6,3,4,9,9,6,5,4,7,7,7,7,8,7,6,7,7,4,7,6,6,6,3,9,2,3,8,8,6,7,7,12,10,7,4,8,10,6,4,3,9,9,5,5,3,6,6,5,4,5,5,2,6,4,7,7,12,10,9,6,3,12,3,7,7,2,8,11,8,7,7,5,2,10,9,4,7,7,9,5,5,7,6,9,7,4,8,5,5,12,3,3,6,9,4,5,5,5,8,8,7,4,4,8,7,5,4,4,7,6,7,5,3,7,10,2,2,11,7,6,2,3,9,11,3,5,7,7,7,4,0,4,7,4,4,5,9,6,4,5,9,6,5,11,5,6,3,6,7,11,4,6,3,4,4,2,6,2,2,6,7,6,7,7,4,7,8,4,6,7,7,6,7,9,8,4,8,1,6,4,8,9,6,9,7,2,3,10,5,4,10,2,10,4,9,3,5,7,9,6,2,6,9,3,7,5,7,5,5,5,5,7,2,4,11,9,6,6,5,10,5,5,5,2,4,3,5.923,10.8352747476904,1.01072525230959
4,10,3,2,3,4,8,9,12,8,3,8,10,4,9,7,9,7,6,6,4,3,13,8,7,9,7,6,4,4,2,5,7,4,8,5,2,6,11,7,4,10,4,8,8,3,1,6,9,6,7,5,3,4,5,4,8,6,9,7,2,5,5,4,4,9,3,6,11,1,6,3,4,11,8,4,7,7,4,5,8,8,6,3,8,7,6,6,7,4,6,4,6,8,6,3,7,7,1,16,10,5,5,0,8,3,7,8,5,4,7,5,7,1,3,3,7,7,8,8,6,6,6,6,7,5,9,9,9,7,6,4,5,5,5,10,5,5,6,4,3,8,5,3,8,7,16,5,5,8,10,3,5,10,8,6,4,2,5,5,3,4,7,4,8,6,6,1,6,5,2,5,3,4,3,0,3,9,9,12,6,6,4,8,7,5,7,8,7,4,2,4,8,7,7,3,6,6,8,3,4,3,11,7,8,3,7,9,5,8,6,7,5,5,8,3,2,8,10,8,5,8,6,7,7,3,1,5,6,8,3,4,3,1,8,5,5,12,4,5,5,6,7,6,7,7,4,5,6,3,14,5,10,2,9,7,10,3,8,2,7,7,12,3,4,8,6,5,8,7,4,2,6,3,8,8,5,4,3,7,15,7,7,4,5,7,7,7,8,9,4,6,3,9,9,8,8,5,9,8,4,5,3,6,6,6,8,8,1,7,7,4,6,10,4,6,8,5,9,6,4,2,7,7,8,5,11,5,6,9,7,8,6,3,4,3,7,7,7,8,8,13,1,3,5,3,1,7,8,9,3,10,8,11,5,11,5,6,5,3,4,6,6,5,6,4,8,3,6,8,4,7,11,5,4,6,6,6,9,2,2,6,4,5,5,7,10,5,1,5,3,5,5,3,5,6,3,4,3,2,3,4,12,5,6,3,6,2,4,9,10,4,7,6,7,8,8,5,3,3,1,3,7,3,12,6,11,4,7,4,8,4,5,4,4,4,6,3,3,6,8,5,4,8,7,3,6,3,3,8,1,9,6,3,3,2,4,6,3,5,6,6,10,7,8,7,8,3,8,4,3,7,12,9,8,7,3,1,8,4,4,8,13,2,5,11,4,5,4,6,7,8,5,9,2,2,3,3,5,4,5,12,4,1,4,12,7,5,7,2,7,5,3,7,6,5,7,8,4,10,3,6,9,8,4,8,6,7,6,11,6,5,5,6,4,6,6,6,6,5,4,8,4,3,4,6,8,6,7,9,8,7,3,6,2,11,6,1,5,7,6,3,7,2,11,10,6,5,5,4,9,5,4,8,8,12,6,10,3,8,5,5,7,6,4,5,3,9,8,8,9,8,8,10,6,4,7,7,6,1,6,2,5,4,6,6,7,0,7,5,5,7,6,5,4,2,4,2,6,3,3,4,4,4,6,9,5,6,2,4,5,8,10,4,4,1,7,12,3,5,4,12,6,9,4,6,6,5,4,7,5,5,5,9,4,5,5,3,1,4,8,9,6,5,7,10,5,4,4,6,9,3,2,7,12,3,9,4,13,3,4,9,8,4,3,15,11,6,7,5,4,4,9,6,3,6,3,2,9,8,11,4,6,7,5,8,4,2,10,6,3,2,8,2,8,11,8,7,5,9,3,8,5,7,9,4,3,5,7,8,2,6,8,8,5,1,5,9,5,7,5,3,7,7,3,4,9,7,11,10,3,4,4,6,9,9,5,6,4,5,9,7,2,5,12,8,9,8,7,7,5,7,8,4,5,5,3,3,9,3,8,5,10,1,5,5,6,8,5,6,5,7,5,6,3,4,4,6,2,4,8,3,6,8,12,7,6,4,5,7,5,7,8,4,5,7,4,5,3,9,6,5,9,8,6,0,4,7,9,5,9,5,6,4,5,5,5,8,5,9,10,10,6,9,4,7,3,3,7,4,12,5,4,9,3,7,10,7,7,5,5,2,7,2,5,8,5,3,4,10,6,6,6,6,3,8,5,10,3,6,7,6,11,5,5,5,4,6,5,3,4,4,5,6,7,2,4,1,5,6,5,10,2,6,6,10,5,3,7,8,6,3,4,7,7,4,7,8,12,2,6,4,7,5,8,4,7,4,3,5,6,2,10,9,5,10,4,5,3,4,6,7,1,11,10,5,2,5,2,5,5,4,7,4,6,4,1,5,10,4,5,4,7,7,6,4,13,5,9,5,5,5,1,2,5,9,10,5,2,8,1,2,7,2,10,5,6,10,5,10,5,3,7,7,8,9,5,7,12,7,5.875,10.9544227561344,0.795577243865645
4,7,9,10,3,2,3,5,10,8,1,8,8,1,6,11,10,3,6,5,2,4,5,11,7,2,7,6,4,7,9,6,9,4,6,3,8,5,2,7,5,5,4,6,7,7,5,8,10,5,7,6,5,4,3,2,4,6,7,6,7,14,9,9,6,5,5,9,6,4,6,4,6,7,3,3,8,10,3,6,6,9,5,11,9,3,6,7,8,8,8,9,7,5,6,6,5,9,7,9,4,8,7,7,5,5,4,9,5,6,2,2,7,5,3,4,9,10,5,4,7,6,8,5,5,3,4,9,7,4,11,2,8,8,7,8,5,8,5,10,9,8,9,6,8,10,8,5,5,9,9,6,1,8,5,8,3,6,2,9,6,10,3,8,6,4,8,10,2,8,5,5,4,8,1,6,4,4,5,4,3,6,4,4,4,5,6,6,6,9,11,4,4,6,3,6,5,4,5,10,7,6,11,8,2,6,3,9,6,7,7,4,10,8,9,5,2,8,5,7,3,7,12,6,9,9,3,6,8,6,3,4,2,2,8,7,14,4,5,3,2,7,8,5,4,9,4,6,5,4,12,5,10,2,7,6,7,8,6,6,7,10,11,5,4,9,12,2,4,8,5,5,4,8,2,7,6,2,5,4,8,3,3,5,4,1,10,1,7,10,3,7,10,4,3,5,9,7,13,4,5,3,9,8,6,10,3,3,8,2,10,8,10,12,9,4,5,6,2,10,8,2,9,7,4,7,9,5,8,6,6,6,9,2,6,10,12,3,4,8,10,5,7,5,6,0,6,4,10,3,3,7,7,8,4,7,7,3,5,0,7,8,7,8,8,4,0,13,4,5,4,15,10,5,3,1,6,4,7,5,8,3,8,3,4,7,7,5,6,3,4,5,5,8,6,4,3,10,7,12,8,2,6,2,12,8,6,2,7,7,9,9,6,6,3,5,12,5,9,7,2,5,6,3,3,4,4,5,5,3,12,2,10,5,4,7,4,2,7,3,3,5,8,11,7,6,5,7,11,4,9,11,6,5,6,4,7,4,5,7,10,7,8,9,10,7,6,6,3,6,6,3,7,9,8,6,7,6,13,8,7,3,4,5,7,5,3,3,1,11,5,4,6,3,6,8,8,10,6,5,7,4,2,1,10,7,2,10,0,6,7,4,8,7,3,8,7,7,9,9,5,5,10,5,2,9,6,7,3,12,10,8,1,8,8,2,2,9,6,7,2,7,5,0,4,6,10,14,4,4,7,3,4,3,10,5,8,3,7,4,6,6,4,9,5,4,2,3,5,9,6,4,5,9,5,9,9,6,5,9,8,4,7,5,10,6,5,8,3,7,4,7,8,6,10,3,2,4,8,10,3,7,6,5,4,10,5,4,6,6,2,7,7,9,3,5,11,6,6,3,4,3,8,5,6,11,5,6,3,7,3,2,5,7,6,5,10,5,6,7,7,4,4,7,5,6,3,5,8,6,5,5,3,2,2,9,3,8,7,4,4,10,3,6,8,3,14,10,5,9,5,2,4,9,11,7,1,5,4,9,9,10,5,5,7,8,11,8,7,5,3,2,7,4,8,7,5,10,3,8,6,2,9,3,7,6,3,3,11,3,6,3,8,3,3,8,5,5,4,8,7,8,8,5,3,4,3,8,3,8,1,9,7,5,4,8,6,6,3,9,9,6,5,4,4,5,6,3,5,10,5,6,5,5,7,3,8,4,6,4,5,8,5,4,10,7,5,5,3,6,13,2,4,5,8,10,5,7,5,8,2,12,4,5,6,7,4,3,4,9,6,6,6,9,6,3,6,4,7,5,2,5,8,6,6,8,7,9,2,11,7,4,2,2,8,6,11,2,4,6,7,3,7,2,8,6,11,3,3,6,5,8,8,5,4,7,10,12,5,7,5,3,3,10,7,7,8,3,8,4,6,5,9,7,3,5,10,9,9,6,3,8,2,4,4,9,1,9,7,5,4,6,9,6,7,4,15,9,7,6,6,4,7,9,10,8,5,5,2,7,4,6,8,8,2,2,2,10,3,12,6,3,7,5,6,4,5,4,12,5,4,4,9,2,9,4,6,10,4,10,6,4,5,10,3,6,3,5,2,2,5,7,5,6,3,8,8,5,1,9,9,8,3,10,8,2,5,5,6,7,6,5,7,4,8,3,7,6,7,8,9,5,6,8,2,5,5,10,3,4,7,4,5,3,3,7,3,5,1,4,2,4,8,3,13,1,0,7,7,5,8,10,5,9,3,2,7,10,4,4,5.986,11.1912142032102,0.780785796789779
5,3,3,3,3,6,4,9,9,4,9,3,3,10,13,11,11,6,4,4,9,1,3,9,8,6,6,12,4,6,7,6,6,6,7,5,3,6,9,2,7,12,5,6,8,6,8,6,5,7,3,7,9,9,3,6,2,10,10,0,5,8,10,4,7,8,4,6,6,8,6,4,4,6,6,3,8,8,6,5,7,5,3,7,7,6,9,1,12,9,9,4,7,6,8,6,8,10,6,5,11,8,3,6,7,11,9,7,6,9,4,5,1,6,8,8,6,8,8,4,5,9,7,5,7,4,4,8,7,10,6,12,5,9,5,8,6,3,10,5,3,4,6,5,6,5,6,4,6,15,7,6,5,9,12,6,6,5,8,2,8,2,5,3,5,6,6,7,7,7,5,9,6,9,5,8,10,6,6,4,7,6,4,9,5,3,5,3,11,5,8,3,13,9,7,2,8,3,7,4,6,6,3,4,8,8,2,5,4,2,9,14,7,11,12,8,4,9,10,11,6,2,4,4,6,9,4,9,4,7,7,5,8,7,7,2,10,8,6,7,4,5,8,6,7,4,4,2,1,3,7,15,7,4,6,3,6,6,2,3,8,6,10,1,5,8,4,2,5,5,6,4,2,5,4,6,11,5,8,8,4,9,10,11,5,3,7,8,7,5,5,7,3,5,8,3,12,6,4,9,6,3,5,6,6,5,4,7,8,7,3,6,5,15,5,1,7,7,5,6,8,5,7,4,4,6,5,6,3,9,7,8,6,3,5,5,11,8,2,5,3,7,5,2,7,4,2,4,7,5,7,6,5,5,7,5,7,6,4,2,4,5,8,5,4,4,5,3,5,5,5,10,10,5,4,7,9,3,6,2,2,2,1,4,5,8,8,6,3,4,3,5,4,10,6,5,6,5,6,5,10,7,7,4,7,3,4,5,5,7,11,5,9,8,8,4,7,7,2,4,6,6,4,4,8,4,8,3,3,5,8,11,7,1,7,10,9,7,6,6,4,5,5,2,6,5,6,9,4,2,2,4,4,8,6,5,11,8,11,7,5,7,5,4,5,8,4,5,6,5,3,3,6,7,3,7,5,4,9,8,10,8,5,6,8,5,2,6,4,10,4,9,4,8,2,5,4,4,5,6,6,4,4,5,8,12,3,7,5,3,5,0,6,10,9,7,3,13,9,5,5,8,5,9,8,6,8,6,2,6,13,3,2,5,3,7,6,4,3,7,11,5,6,6,2,2,5,6,7,9,10,6,4,7,8,6,7,4,4,5,4,8,10,4,4,9,5,3,6,7,5,6,7,5,6,2,5,6,6,6,6,6,7,7,3,2,3,8,4,6,8,8,2,4,6,5,9,6,5,5,4,3,1,4,5,7,8,6,6,4,11,6,11,8,6,2,5,5,5,2,4,7,4,3,5,8,5,6,5,5,6,7,10,7,7,6,9,5,4,6,3,11,7,10,7,3,3,6,3,6,1,11,4,9,6,9,7,6,3,4,9,6,3,3,8,4,7,6,5,6,3,3,6,5,7,6,5,7,10,8,5,6,6,6,2,9,2,3,4,5,4,4,16,10,11,4,3,9,3,8,5,5,9,13,8,7,14,6,6,4,1,8,6,15,7,7,6,9,6,10,5,8,6,7,7,5,3,7,3,6,4,7,3,4,6,5,8,9,5,4,5,7,3,9,6,5,7,5,10,4,5,4,10,5,2,8,9,11,4,4,7,6,4,6,6,6,12,8,4,5,7,6,6,6,3,3,7,6,2,6,3,9,3,4,6,5,5,5,3,9,2,2,6,8,6,6,2,12,4,6,6,9,7,3,8,5,6,7,9,4,8,4,3,8,5,5,5,2,3,4,5,8,2,5,6,3,8,2,5,5,10,8,3,6,3,6,5,5,7,5,10,8,7,5,5,6,4,7,6,3,3,7,10,8,10,5,5,8,6,7,7,3,7,5,5,10,4,7,5,5,3,4,4,6,5,8,10,7,9,9,4,4,8,7,5,4,7,5,5,3,2,8,8,7,6,4,7,3,6,3,5,5,10,9,4,10,4,12,5,2,10,2,7,4,3,4,4,4,3,10,6,7,11,9,5,6,5,6,6,7,2,10,5,10,4,4,4,4,9,6,7,7,5,5,5,6,1,6,4,5,7,7,6,7,3,5,8,4,7,7,6,8,2,2,3,8,4,11,3,5,3,5,6,7,6,8,6,6,3,4,3,10,3,6,4,5,4,6,6,8,6,5,4,5,4,6,5,5,4,5,5.929,10.8165095338878,1.04149046611224
7,3,9,5,4,5,5,7,5,6,4,7,8,4,8,6,3,7,5,6,4,7,8,4,5,7,6,4,6,10,12,6,5,9,5,3,3,7,10,12,6,8,9,2,4,5,8,5,6,7,8,4,2,7,4,7,6,4,8,7,6,6,11,2,3,6,7,11,8,4,8,10,9,16,5,6,6,17,11,4,12,9,8,5,4,6,6,7,4,3,2,5,5,10,7,7,5,3,4,10,3,9,6,9,2,4,5,11,5,3,8,4,2,5,7,4,8,7,5,4,4,8,7,2,10,10,4,9,9,8,4,5,7,7,6,1,5,9,9,6,2,7,4,1,6,9,11,4,9,4,9,7,6,10,8,4,4,5,4,6,10,9,7,4,7,8,3,5,9,5,8,8,3,8,6,6,5,3,4,7,6,4,7,7,8,7,5,6,6,1,6,8,5,7,8,3,4,1,8,5,2,9,4,5,13,6,4,6,6,10,3,6,9,8,3,6,4,10,8,5,5,4,6,11,4,7,7,6,10,4,4,2,1,5,5,4,4,8,5,4,9,6,9,5,3,8,4,6,5,4,6,9,6,8,5,9,6,9,9,9,10,4,7,4,8,8,7,5,6,4,3,6,3,2,14,6,5,5,8,4,10,6,2,5,7,10,6,5,6,2,6,3,5,7,4,6,2,8,6,11,4,3,7,4,10,5,3,3,6,5,4,4,8,10,8,5,5,8,14,6,4,7,2,10,5,6,4,4,7,6,5,8,8,4,7,8,9,6,6,7,2,5,5,3,8,0,3,2,9,5,7,6,6,2,10,9,6,6,8,4,7,6,9,5,5,3,3,11,3,8,9,8,10,7,3,6,8,7,5,6,3,2,6,6,5,8,7,5,4,6,8,3,5,6,6,1,2,2,8,2,6,5,6,5,4,4,6,9,7,8,2,5,8,3,6,4,3,7,10,7,3,12,6,6,4,3,4,6,10,8,11,5,7,1,7,5,6,3,2,6,5,8,11,7,3,6,4,7,11,2,6,3,9,4,6,2,9,5,8,8,8,6,11,6,2,6,7,7,8,5,3,6,9,8,9,9,6,2,7,3,9,5,6,5,9,3,4,8,4,11,5,6,2,3,4,11,5,6,3,7,6,2,6,4,10,3,5,7,5,12,5,5,5,10,5,7,4,8,7,5,5,6,1,6,5,6,5,4,4,2,1,14,3,1,6,5,6,7,4,12,7,7,3,2,6,1,8,6,11,11,6,5,5,3,3,4,8,6,5,5,4,6,5,12,5,9,5,6,6,8,10,8,7,6,2,8,5,5,4,3,5,4,6,5,5,3,3,12,9,4,8,7,9,5,2,3,6,6,3,4,3,4,5,6,8,8,8,9,5,5,3,9,7,11,2,6,2,7,6,3,4,4,6,3,8,8,7,4,4,4,3,6,10,1,7,3,8,2,8,8,5,8,10,5,9,2,6,3,7,8,7,8,5,6,10,8,5,4,5,5,9,10,5,6,11,9,3,12,1,8,4,5,9,6,11,7,6,7,10,11,9,8,3,6,7,14,8,7,7,4,4,5,8,3,7,5,9,5,6,4,8,3,10,9,3,9,9,4,6,5,5,5,5,4,10,9,12,6,8,7,7,7,2,7,9,6,7,9,5,5,1,6,2,3,5,6,8,11,5,4,4,5,5,1,2,4,4,7,9,10,5,5,7,3,10,10,13,8,3,2,5,5,4,5,3,7,10,1,5,6,13,5,8,7,9,5,4,7,7,6,2,5,6,7,9,4,7,4,4,6,7,4,4,9,8,7,3,7,4,6,6,6,5,2,5,7,8,6,5,11,9,5,3,10,5,2,7,3,5,11,5,6,2,7,8,7,7,7,6,6,9,5,7,7,5,6,6,9,7,9,5,7,3,6,11,4,4,5,7,5,5,11,12,6,7,3,7,4,2,10,8,2,3,4,8,4,5,6,4,11,7,7,8,3,7,7,17,1,6,9,8,7,5,2,6,4,4,7,5,3,5,12,6,5,7,8,6,8,3,3,6,6,4,4,10,3,7,6,7,6,6,7,8,9,4,5,4,7,6,2,7,3,8,8,6,2,5,6,5,3,6,9,6,5,7,8,3,4,7,5,7,8,7,4,5,5,4,6,5,7,1,6,7,3,5,10,1,11,8,6,8,4,2,9,7,4,7,8,7,9,3,10,5,6,2,10,5,6,3,4,1,3,10,4,4,6,5,7,8,7,5,5,5,8,5,5,6,6,8,6,6.016,11.0215906832749,1.0104093167251
4,6,8,8,5,6,2,5,6,4,5,7,3,3,9,10,8,6,6,1,9,5,8,13,8,13,9,7,2,5,2,4,9,6,7,6,2,3,7,10,9,8,3,9,7,6,8,4,5,2,7,7,7,3,6,5,6,11,4,2,3,11,6,4,1,8,3,18,10,4,5,6,5,11,3,3,6,3,6,10,4,5,4,6,5,7,2,4,5,5,6,4,10,3,2,2,3,10,3,4,6,9,8,7,7,6,5,10,10,5,9,5,3,4,2,6,10,6,5,5,7,5,5,6,8,7,8,5,5,0,5,9,9,7,5,10,4,8,5,12,6,7,5,4,7,5,13,8,5,5,8,7,8,8,5,9,6,7,5,11,9,5,4,4,6,2,4,2,7,7,3,5,4,11,6,3,7,7,3,6,7,6,4,4,9,4,5,8,5,6,4,3,3,6,6,7,2,4,5,5,4,6,6,4,7,6,5,13,4,5,2,1,4,12,4,5,3,4,4,6,3,9,6,3,7,6,6,7,5,2,4,3,6,5,9,5,8,3,6,11,6,8,5,7,5,6,5,7,5,3,4,11,8,8,10,7,3,2,7,5,10,7,2,5,3,5,10,2,2,2,4,3,9,2,8,6,8,4,7,1,9,4,3,4,5,8,6,0,4,10,4,6,1,7,6,7,7,5,8,12,5,5,7,3,11,6,4,6,5,5,6,3,11,9,3,8,5,6,5,7,1,7,7,3,5,2,9,2,5,8,7,8,9,3,6,8,6,0,6,11,4,4,6,3,3,4,3,3,9,7,4,5,5,10,6,5,5,4,8,2,5,7,6,4,8,5,5,5,5,4,7,4,10,4,1,4,5,5,6,6,6,8,7,5,4,5,9,3,3,6,7,6,5,9,6,8,4,3,8,6,7,7,7,7,6,3,5,5,9,5,5,1,6,4,4,6,5,11,6,7,3,4,2,6,12,4,5,7,9,3,5,2,6,4,4,6,6,4,7,5,3,5,12,5,5,1,3,8,2,3,2,3,8,6,8,4,3,3,8,4,11,6,5,9,3,7,5,3,4,3,6,3,12,6,3,10,7,4,8,7,4,7,5,4,7,4,5,8,9,8,6,7,7,2,5,7,7,2,7,8,10,2,9,4,5,9,4,5,7,5,3,3,7,9,6,8,6,4,7,8,7,7,4,11,4,4,8,5,7,9,7,4,9,6,6,2,6,4,9,8,3,4,5,4,6,8,10,8,9,2,5,7,4,8,8,7,4,5,7,5,6,10,14,6,9,8,6,7,4,6,7,7,11,7,8,9,6,2,10,10,5,5,6,3,4,3,5,9,10,5,6,7,7,13,4,6,6,8,3,11,7,5,3,8,5,8,8,4,3,4,10,5,10,7,7,4,8,3,6,0,6,11,6,4,8,11,4,5,1,3,3,3,5,8,4,3,5,8,3,3,3,9,6,5,10,3,8,7,3,9,4,7,3,6,4,7,7,1,6,6,6,6,8,7,5,8,12,4,5,6,6,6,2,7,6,6,4,7,5,5,8,9,6,9,3,3,8,5,9,6,2,8,9,5,6,5,3,10,3,6,3,6,9,6,7,10,6,6,12,8,3,4,8,4,6,8,4,7,9,3,6,8,10,4,3,7,2,11,6,6,4,2,3,7,8,5,5,10,6,3,4,5,3,3,6,4,4,4,3,7,4,4,4,3,2,5,8,9,6,6,6,2,13,10,9,5,2,9,10,11,2,6,10,10,8,3,4,6,5,3,7,7,7,5,4,8,6,5,4,5,8,4,5,9,2,10,9,10,3,3,6,7,4,4,4,9,6,6,8,13,8,4,4,6,4,4,6,7,3,3,2,10,3,6,5,7,5,2,0,8,8,6,7,4,3,8,8,6,11,4,7,4,6,5,6,7,5,3,9,3,8,5,8,11,1,6,8,5,6,8,15,7,4,3,5,6,3,4,4,12,3,7,3,6,3,7,11,6,3,4,5,6,7,5,6,5,1,14,3,8,0,6,7,9,2,5,5,7,7,11,3,9,5,7,1,5,6,7,5,4,4,9,6,4,9,10,3,9,6,8,3,4,12,8,2,6,7,3,7,4,2,4,5,5,8,5,6,4,5,3,5,7,9,8,7,9,1,5,7,2,5,3,4,5,5,5,6,2,3,2,10,4,7,7,6,6,6,7,6,6,2,3,4,3,5,5,4,6,9,4,7,5,12,3,5,2,5,11,6,3,8,2,4,3,7,4,11,13,9,2,5.819,10.8615196426734,0.776480357326627
6,1,5,6,4,4,13,11,7,2,8,7,9,7,5,6,14,4,9,4,2,2,6,3,8,4,7,6,4,2,3,11,5,4,8,8,12,11,8,5,4,5,3,11,11,6,4,2,5,5,7,1,9,6,6,3,7,8,9,5,3,2,2,10,4,6,7,9,6,3,8,2,6,9,6,8,4,8,7,8,4,3,9,7,7,5,8,9,4,5,7,2,6,5,6,6,7,5,9,10,4,5,8,4,6,12,5,6,2,6,2,6,4,4,9,8,9,5,6,4,11,4,7,8,5,3,2,3,9,7,11,9,9,11,8,12,1,2,5,3,2,3,5,6,9,6,7,7,3,6,6,4,4,9,8,4,1,4,8,4,10,7,6,6,11,8,6,6,3,2,7,6,4,6,3,4,1,2,6,5,5,6,5,5,4,4,5,6,10,11,10,1,10,3,7,6,6,3,7,4,5,3,9,6,5,8,4,6,7,8,5,5,9,5,7,6,4,8,2,9,3,8,7,9,11,5,5,4,8,7,4,6,5,4,8,2,8,4,7,4,7,11,5,4,3,8,6,6,3,8,8,6,3,6,4,4,9,6,5,6,6,8,12,9,8,6,7,8,8,6,12,4,2,10,4,3,6,1,1,5,12,9,8,6,4,4,6,3,4,7,3,3,11,8,5,5,9,5,8,6,5,7,6,6,5,6,7,6,11,4,3,7,10,5,5,3,9,7,6,6,3,7,6,4,5,8,4,4,4,10,10,8,8,3,5,5,3,2,7,11,8,8,9,5,5,7,1,4,6,5,8,8,7,7,4,6,6,8,4,4,6,2,6,10,8,3,5,9,6,5,9,9,5,8,4,5,5,2,8,6,10,5,4,3,6,4,6,1,10,9,5,2,5,7,8,3,8,5,9,8,5,3,5,6,10,8,5,6,4,12,8,4,6,6,4,9,7,5,3,4,6,3,4,3,4,5,9,5,5,2,9,9,4,3,7,7,9,6,4,8,11,4,7,6,5,5,6,6,10,5,4,6,4,7,7,4,8,7,9,4,11,4,11,4,5,2,9,4,6,7,5,4,5,12,6,10,9,7,8,12,5,10,6,6,4,8,4,6,2,8,5,5,6,8,4,7,6,6,6,4,4,9,6,3,8,2,5,11,6,1,7,3,4,8,6,8,5,8,4,5,4,4,3,9,3,4,7,6,6,6,9,8,3,5,2,5,6,8,6,7,2,11,4,6,6,3,5,12,5,4,8,5,1,6,9,10,5,4,8,4,4,5,6,6,5,5,7,4,4,5,11,3,9,12,2,6,4,6,11,3,9,4,7,3,10,1,4,4,6,6,5,10,6,3,7,4,9,7,8,7,5,5,9,2,11,7,8,7,8,2,1,5,10,5,5,3,6,8,3,3,7,1,6,5,7,5,8,4,4,11,10,4,10,8,3,3,8,10,3,5,4,8,7,8,3,7,3,6,2,5,10,4,4,7,4,5,4,3,10,7,15,4,7,3,7,7,4,6,7,12,4,6,3,8,8,3,7,13,6,5,4,14,3,6,5,14,6,6,6,5,3,5,6,6,2,2,2,2,5,4,9,3,6,4,5,10,9,4,8,4,6,6,9,8,8,9,3,5,9,10,4,6,5,2,7,10,8,8,3,7,4,8,4,8,6,7,6,5,8,6,4,4,6,11,7,7,6,4,6,4,3,2,5,7,5,9,7,7,6,4,7,4,7,8,4,8,14,4,3,7,3,4,5,3,7,2,3,3,5,8,2,3,8,2,4,7,5,7,1,9,9,4,9,8,4,2,3,8,5,10,6,3,4,8,4,7,8,10,7,5,9,3,8,6,4,7,7,2,6,5,3,3,5,2,8,5,6,4,6,5,6,8,7,4,5,5,8,7,6,6,2,4,12,7,9,8,1,3,7,4,8,6,6,9,2,4,7,7,9,5,5,9,8,2,7,7,3,12,7,7,3,4,10,10,5,4,9,6,11,3,3,4,8,7,12,9,1,3,6,4,2,2,3,6,6,3,4,1,2,8,5,5,5,3,8,7,5,10,6,5,5,6,7,5,9,4,4,6,7,9,4,3,11,8,4,3,5,6,5,3,0,7,6,9,4,9,3,8,4,9,6,11,4,16,8,6,8,7,7,5,3,2,7,6,4,3,3,9,6,5,6,7,5,5,2,6,8,9,3,6,4,10,12,3,1,5,5,7,2,7,5,5,8,4,9,1,4,7,7,5,8,10,4,2,7,6,5,7,8,4,5.93,10.9743728110695,0.88562718893052
6,14,4,3,6,1,4,5,2,6,5,4,4,4,3,3,7,5,8,4,2,2,3,8,3,11,11,7,2,8,8,7,5,7,8,5,5,4,10,8,9,11,7,9,5,4,7,10,10,9,5,7,3,5,5,3,6,4,6,5,8,7,9,6,5,5,5,8,9,6,10,7,8,13,5,9,6,5,7,7,3,6,4,4,3,10,10,4,7,2,5,9,3,10,6,2,6,10,7,11,8,7,4,5,6,3,5,9,12,7,5,5,4,7,7,7,4,7,3,6,5,8,6,6,3,5,5,7,4,5,6,4,7,2,7,7,7,7,11,8,7,9,4,6,8,4,7,4,7,6,1,5,4,9,6,6,8,4,8,7,6,1,10,5,9,4,5,3,4,6,6,5,4,8,5,4,14,6,8,4,6,9,5,2,4,4,5,9,5,4,4,7,6,7,10,9,3,8,6,7,6,6,7,5,4,8,8,5,9,8,5,6,5,9,7,5,5,8,4,4,4,10,6,9,4,7,5,10,8,4,8,7,5,3,5,7,9,8,5,4,8,4,2,9,6,1,5,5,4,4,5,7,7,3,3,6,9,5,4,7,10,7,11,7,6,5,7,4,5,7,5,5,7,5,10,5,10,8,1,6,11,5,7,2,8,7,4,5,6,8,3,7,8,6,4,2,8,10,10,7,5,3,5,5,7,9,6,6,7,8,5,7,10,8,11,4,8,8,12,2,2,3,5,8,6,3,7,5,2,2,8,6,6,3,3,7,2,4,2,4,2,6,1,4,5,7,3,4,9,5,10,11,3,6,3,5,7,1,4,4,7,7,7,7,8,2,3,11,7,6,3,7,10,8,3,4,10,4,10,1,5,6,6,9,5,3,7,5,2,8,2,6,6,7,7,4,5,5,6,7,9,2,5,4,5,9,6,5,10,9,8,6,5,9,4,7,6,6,7,5,1,9,3,13,9,7,6,2,13,6,5,6,7,8,6,4,6,3,4,3,2,6,3,10,5,6,6,5,3,4,7,3,3,5,7,6,2,8,5,3,10,8,4,9,3,4,6,4,5,3,4,4,9,4,4,5,4,3,8,5,7,9,4,4,7,5,2,5,5,9,6,5,3,5,5,3,3,6,7,6,4,10,6,2,6,7,6,4,3,9,10,6,4,10,8,5,3,6,5,4,11,4,1,6,5,12,5,5,7,8,10,8,2,5,2,5,6,4,4,5,3,4,5,3,5,3,7,8,7,6,10,6,7,4,5,9,7,4,5,5,5,8,4,7,7,3,3,5,2,8,8,5,6,6,5,7,8,8,4,10,4,6,5,6,7,8,5,10,8,6,10,3,5,5,6,7,3,4,10,8,2,6,3,4,9,8,7,4,8,6,9,9,4,5,5,4,5,4,6,4,5,6,3,7,5,9,5,2,2,2,9,2,8,3,4,4,1,4,3,6,3,7,8,5,1,4,3,3,7,6,5,6,5,7,3,5,4,6,7,6,6,3,4,7,4,6,5,5,6,4,4,8,1,8,7,3,3,6,11,10,4,4,3,0,6,7,10,1,8,6,4,5,10,7,15,7,4,7,5,7,7,6,8,9,1,8,4,4,9,1,3,5,6,4,5,5,3,8,5,9,4,6,4,13,6,7,2,10,3,4,6,4,3,7,5,5,7,12,5,4,5,10,11,9,6,3,8,10,11,8,10,4,8,6,4,7,10,8,6,3,3,6,4,7,5,9,9,2,4,6,8,6,8,13,5,5,6,2,7,5,9,5,5,1,2,9,4,5,3,10,2,5,4,4,2,8,5,6,8,6,5,3,7,6,8,5,7,7,2,6,8,6,5,6,6,6,5,5,0,5,4,10,5,6,8,6,7,4,6,7,8,9,6,5,5,8,5,9,5,4,12,3,5,11,8,5,4,4,8,6,3,5,4,4,4,4,4,10,8,3,6,5,6,7,4,7,5,3,6,4,3,4,5,6,7,7,8,17,5,3,1,8,7,6,4,7,4,6,2,6,3,7,4,3,4,4,4,4,2,8,6,4,3,6,7,8,4,9,6,3,7,7,8,11,6,9,8,12,4,4,4,1,7,10,7,9,5,7,6,6,5,7,7,3,8,4,1,3,3,11,8,4,3,4,3,2,5,2,4,8,5,4,2,7,3,6,8,3,11,7,3,6,8,5,2,10,3,5,2,6,7,5,6,5,3,7,7,9,6,4,4,3,4,4,3,6,1,11,5,4,4,5,5,4,4,5,6,4,6,6,5.783,10.5927668919767,0.973233108023299
5,7,5,5,5,7,4,6,3,4,3,9,7,2,7,7,10,4,7,6,6,5,8,5,10,5,4,8,5,12,5,5,7,8,6,4,9,5,6,4,9,10,9,3,2,2,8,5,4,11,8,7,3,4,2,8,3,2,7,1,5,2,8,7,4,6,2,6,6,6,5,2,5,9,5,6,7,10,3,4,8,7,3,7,6,5,5,8,6,6,6,6,8,6,6,7,6,11,5,4,7,6,3,6,0,8,4,6,9,4,8,4,3,6,6,8,7,6,7,7,3,3,6,4,4,8,1,1,4,5,8,12,6,9,8,4,5,7,7,9,7,7,6,3,6,9,8,6,11,6,4,6,4,12,7,11,3,1,8,7,4,4,8,2,9,5,8,8,9,3,4,5,8,6,4,8,10,4,5,9,7,8,9,5,5,2,12,8,13,6,3,6,2,5,9,7,3,6,6,4,5,4,6,5,7,6,4,2,4,5,1,7,4,10,4,6,6,9,5,6,9,8,9,9,2,6,5,4,8,4,4,6,4,5,6,5,8,6,3,6,3,7,7,8,6,6,4,2,4,1,3,7,11,8,6,4,7,3,3,7,11,5,11,3,6,4,5,5,1,6,5,9,5,4,3,8,4,3,5,7,6,5,5,3,5,8,2,1,9,10,7,4,2,5,7,9,5,7,10,8,5,2,8,5,9,11,5,12,5,6,11,3,8,7,4,4,9,5,8,8,6,7,6,8,10,9,4,5,3,7,7,15,6,3,9,7,13,7,4,6,4,5,3,6,10,3,5,8,4,5,8,5,10,8,14,6,4,5,4,10,4,4,5,6,6,4,2,9,6,4,6,7,6,5,2,6,7,6,4,6,5,4,12,4,8,7,10,4,3,1,3,5,11,5,6,8,2,4,2,5,11,5,6,7,2,7,8,9,12,5,4,6,8,5,5,6,4,9,3,4,3,8,10,6,6,4,8,4,8,6,12,4,4,1,10,12,7,4,7,4,4,5,10,4,7,6,4,8,15,2,5,10,6,7,5,9,11,3,7,6,6,7,6,5,4,6,2,5,6,10,4,2,4,9,8,6,5,6,12,10,3,2,6,11,6,5,10,4,8,7,6,8,5,8,5,6,9,4,6,6,7,2,1,4,6,7,4,5,4,6,5,5,5,7,5,7,1,5,8,3,8,7,6,1,5,7,6,1,4,8,9,7,4,9,2,6,8,4,3,6,6,4,5,2,7,3,7,13,8,3,5,8,5,4,8,8,7,5,6,7,8,9,7,3,5,8,4,5,5,9,8,4,5,6,7,7,7,3,7,5,5,3,4,8,5,3,4,4,7,5,7,7,5,4,6,6,6,3,9,10,9,3,5,5,5,5,5,5,7,5,9,9,5,8,2,7,5,5,6,5,2,2,4,2,4,3,5,3,4,7,9,9,9,12,4,7,7,5,3,9,4,9,2,5,9,6,4,9,5,6,5,6,7,4,3,7,3,2,4,5,4,12,3,4,9,5,6,14,3,4,4,2,7,8,5,11,5,3,9,8,5,12,10,11,9,7,9,1,9,6,7,1,11,7,9,5,2,8,9,8,6,5,7,4,4,8,9,7,8,5,6,6,9,6,5,5,8,5,9,5,9,9,4,7,7,8,5,7,7,4,0,5,4,7,5,5,3,11,6,6,7,8,4,7,4,1,6,4,2,3,8,4,6,7,4,7,9,7,8,7,5,9,3,7,4,5,12,2,4,6,6,6,5,10,5,7,5,6,5,11,5,11,9,8,11,7,7,1,5,6,7,6,6,12,6,7,6,10,4,4,5,5,7,5,8,10,7,7,5,8,7,7,4,5,8,3,20,5,7,5,3,11,4,5,7,4,4,7,2,2,8,5,4,3,3,5,6,4,6,10,10,7,4,10,5,9,2,5,7,8,4,6,6,6,5,5,6,5,5,11,3,4,9,6,9,7,5,9,0,3,3,6,8,8,9,5,11,7,7,4,7,8,4,5,7,4,6,5,1,8,7,5,9,6,4,10,8,8,4,6,6,7,5,8,7,9,7,6,8,6,3,6,8,2,4,7,5,11,4,2,11,8,9,7,7,7,5,8,5,10,4,8,9,4,5,4,3,6,2,6,7,7,8,1,9,8,6,6,6,3,3,3,5,3,7,5,6,8,6,3,3,10,3,5,6,8,8,5,8,8,6,5,4,6,8,9,5,12,6,3,7,4,5,2,7,3,9,6,5,7,4,6,7,9,8,7,9,7,6,13,6.018,10.9578330814383,1.07816691856168
10,11,7,7,4,5,1,9,5,5,4,8,5,1,5,6,8,2,5,5,4,9,5,10,6,6,9,9,6,10,6,6,5,6,4,10,5,9,6,5,9,9,9,6,5,5,12,4,4,10,5,5,9,6,5,2,9,6,4,5,3,9,9,6,4,9,6,9,7,2,9,6,8,7,3,4,6,7,3,8,5,7,4,9,7,7,3,6,6,5,7,2,7,9,6,11,5,8,7,6,5,3,3,7,4,5,11,16,9,5,11,3,5,7,5,7,7,9,5,3,7,4,8,2,2,6,3,10,4,9,7,11,6,7,5,10,4,10,7,8,1,1,2,3,4,5,11,2,6,5,5,4,2,5,8,4,5,4,16,2,6,4,7,3,8,7,2,3,2,3,5,5,9,10,6,5,5,7,6,5,6,6,4,13,5,6,4,6,8,5,7,3,7,6,7,8,7,5,2,1,5,9,9,3,6,7,5,7,6,9,5,3,5,5,8,6,6,5,4,9,4,2,2,11,5,6,6,5,9,2,6,6,5,7,9,7,9,8,3,4,5,7,4,9,2,5,2,5,8,3,3,6,4,7,7,2,7,7,7,5,8,7,4,7,8,4,8,6,5,9,4,7,3,6,7,6,9,4,6,1,8,6,6,3,8,7,7,4,3,4,5,4,6,6,4,5,10,8,7,5,7,6,3,9,3,6,5,7,7,5,5,5,12,9,6,6,6,6,6,7,4,9,7,9,1,5,7,6,4,4,8,5,5,1,9,6,3,4,5,9,4,5,3,7,9,4,6,5,6,9,6,7,4,6,11,8,2,2,7,8,7,4,7,7,4,6,2,4,6,6,2,8,8,9,3,4,5,4,4,7,5,4,7,5,5,4,8,5,3,4,6,1,7,8,6,7,4,5,5,9,7,2,7,4,5,7,8,8,12,6,6,4,8,7,6,6,7,5,4,8,2,5,6,5,8,5,10,4,6,4,4,6,3,7,8,4,7,3,8,4,4,4,8,17,5,3,8,6,8,4,8,2,7,5,5,5,3,3,6,3,9,8,12,6,2,4,5,5,4,7,10,4,11,7,5,9,7,3,9,12,15,10,2,6,5,7,7,5,6,5,6,8,9,5,1,6,6,4,3,4,13,4,8,3,6,10,4,4,5,7,6,3,4,5,11,7,6,5,8,7,5,8,6,8,5,6,4,12,4,6,7,7,7,5,6,6,10,8,5,7,4,7,6,5,8,5,12,9,4,12,5,6,4,7,9,8,10,8,6,6,6,6,8,3,3,5,2,4,4,5,7,4,3,10,8,4,9,3,10,1,8,7,4,2,6,4,1,8,6,2,2,7,6,3,7,7,5,8,5,8,5,8,3,9,5,5,10,6,4,5,7,10,6,11,3,2,2,6,4,11,7,3,7,6,9,5,5,3,3,8,5,5,7,3,2,3,6,5,3,5,2,9,6,0,5,2,6,7,8,5,5,7,3,5,12,6,3,3,1,4,7,5,4,6,5,7,6,8,5,8,3,4,5,7,6,2,9,4,7,10,9,7,8,9,5,7,4,5,6,6,10,5,9,3,5,5,5,6,4,3,11,6,10,8,8,8,3,8,4,6,6,9,11,3,7,4,4,5,8,12,5,3,3,2,10,8,7,9,2,8,3,3,2,4,7,8,7,14,5,6,9,3,9,5,6,5,3,5,7,1,4,4,5,4,3,7,10,12,7,6,6,11,9,3,6,3,8,7,5,6,6,7,8,3,4,5,4,7,6,2,3,7,6,5,10,4,7,13,5,7,5,4,6,4,5,5,4,2,2,6,5,4,8,3,13,10,3,7,5,7,5,1,4,5,5,7,10,4,4,6,10,9,10,11,7,4,4,3,4,6,4,3,5,4,6,9,8,9,5,7,8,9,13,3,7,7,7,7,3,6,4,4,5,10,6,5,2,5,4,5,9,5,2,1,7,5,2,6,4,9,7,5,7,9,12,6,11,8,10,1,3,1,7,12,9,4,1,3,3,6,2,11,7,9,4,5,7,6,5,2,2,4,6,4,4,3,5,4,5,6,3,4,7,7,5,6,5,6,5,5,10,5,8,4,4,5,2,5,6,4,6,8,0,6,2,4,4,4,6,1,9,9,5,9,5,6,5,5,5,4,5,3,3,11,7,10,6,13,3,3,3,5,2,7,5,9,3,7,8,7,1,6,3,3,4,6,3,9,3,5,4,10,12,5,6,11,3,5,5,6,5,5,6,8,10,2,8,6,6,7,5.877,10.8525885797879,0.901411420212136
5,11,3,4,2,2,10,9,9,4,8,7,5,6,8,6,6,3,6,4,4,6,5,6,7,9,4,6,9,4,5,13,5,8,8,6,10,8,6,9,5,7,5,6,12,3,11,2,11,6,13,6,5,3,8,3,8,4,10,8,4,7,6,3,5,5,2,7,10,7,4,10,6,11,6,6,4,9,8,5,7,7,5,6,9,6,4,8,5,6,8,3,8,4,6,5,3,8,6,4,7,6,7,4,3,10,7,8,7,6,6,7,7,6,6,6,4,5,6,5,8,6,10,3,3,9,3,3,10,2,8,9,4,10,5,8,2,7,4,4,5,4,10,6,7,5,7,5,6,5,8,6,6,12,3,4,11,2,7,9,3,7,10,8,3,7,4,11,6,6,7,5,5,12,4,4,8,11,2,6,3,5,3,8,5,7,4,4,6,5,4,6,13,5,9,8,0,7,5,7,6,8,7,8,5,9,7,4,11,5,6,2,8,1,6,11,9,7,4,5,4,10,9,9,10,5,7,6,10,4,4,8,6,6,6,1,6,5,8,7,10,10,4,4,6,3,4,11,5,5,3,10,7,5,6,6,8,13,7,3,8,9,7,8,5,5,13,5,5,8,8,5,3,6,10,6,6,2,6,5,5,2,10,6,8,4,7,2,3,11,4,10,13,3,6,7,11,8,2,5,7,4,4,1,6,6,4,5,5,0,7,6,11,13,6,3,8,7,2,7,2,7,4,7,4,3,8,6,8,6,8,9,8,3,4,12,4,4,4,2,4,3,5,5,2,1,7,5,5,11,7,6,4,3,9,1,3,5,7,8,5,7,13,4,5,5,2,4,1,12,9,8,8,5,1,8,5,9,7,6,2,8,8,7,7,8,8,6,8,4,7,7,4,5,13,12,6,4,2,2,7,2,3,6,7,8,5,8,7,7,5,4,5,5,8,8,5,6,6,15,3,7,4,5,6,3,10,5,5,7,12,4,9,6,6,6,5,4,6,11,4,3,4,5,9,2,6,7,11,5,0,9,1,5,2,4,1,2,6,12,5,7,6,10,5,6,3,5,7,5,2,4,13,10,6,3,6,6,12,7,4,3,6,10,6,5,7,9,6,5,6,3,10,5,4,3,7,5,7,11,5,1,9,2,8,9,0,6,6,1,6,2,8,8,0,7,2,4,7,7,8,5,3,4,4,9,7,3,6,8,5,5,5,4,7,3,8,5,3,6,4,7,7,7,2,5,8,12,9,3,5,7,2,6,4,6,10,2,10,1,5,8,6,7,9,6,7,3,4,4,9,6,5,6,7,5,4,6,6,2,6,4,6,4,4,2,8,11,13,12,5,4,8,8,4,1,3,8,6,9,6,4,9,3,5,5,7,7,6,10,9,7,9,7,4,1,5,7,9,5,6,4,2,8,5,6,6,6,5,7,5,4,6,4,6,7,6,3,6,6,7,8,7,5,5,5,8,7,5,5,3,8,3,7,2,3,4,7,5,7,10,6,4,3,5,8,4,10,6,6,2,8,8,5,7,13,5,6,7,7,3,11,7,6,7,14,8,5,4,5,9,5,8,7,8,2,3,5,5,7,5,5,7,5,6,9,6,8,9,9,5,6,6,4,7,6,9,5,4,8,4,4,7,5,6,7,4,8,3,4,6,3,5,7,8,4,6,2,7,2,6,7,3,6,11,8,7,7,5,8,4,6,9,4,6,4,8,6,7,10,7,5,8,5,10,7,10,5,14,12,9,7,5,8,2,1,1,4,6,7,10,4,6,12,4,3,6,4,5,12,2,2,8,10,3,3,4,6,4,8,5,6,3,3,4,3,5,7,8,7,3,7,6,7,5,6,3,7,6,8,6,9,6,5,6,6,8,2,7,3,2,7,5,5,2,6,7,6,7,6,5,4,6,5,2,8,6,5,7,6,3,9,2,8,2,8,12,11,8,10,4,14,4,3,8,5,2,5,9,4,2,6,7,9,8,3,11,8,10,5,5,6,8,6,9,16,6,5,6,5,6,6,6,7,7,5,3,7,8,8,9,6,5,3,5,3,4,8,5,2,10,7,10,4,13,11,8,8,5,6,10,6,5,12,6,5,2,4,8,5,4,6,3,1,11,5,5,7,3,5,5,4,5,6,3,8,5,5,5,10,6,5,4,2,8,3,5,5,3,3,3,7,3,4,8,7,9,6,6,6,2,1,9,6,5,7,3,6,11,9,4,11,5,4,7,6,5,2,11,6,4,8,2,6,7,5,7,3,7,5,6.037,11.163991914924,0.910008085076037
6,7,4,1,6,3,8,3,7,6,6,5,5,1,1,4,6,5,3,5,3,4,4,9,5,6,8,7,7,7,1,10,8,5,11,13,5,4,6,4,8,9,11,5,7,0,5,8,6,4,2,5,6,4,10,1,6,6,6,6,2,8,10,6,4,5,3,4,10,3,7,11,5,5,10,5,4,7,5,7,0,9,3,7,5,6,4,7,5,6,6,5,4,3,6,9,8,5,7,10,4,7,6,7,6,6,2,7,4,4,7,3,5,9,6,4,5,6,4,3,10,6,4,7,5,5,7,3,5,7,5,6,4,5,6,7,7,12,6,6,5,4,2,6,9,5,6,7,12,4,1,6,1,6,3,6,6,3,3,7,9,6,9,2,8,3,7,4,4,5,5,5,8,7,4,2,5,2,7,4,5,5,8,9,12,4,10,6,6,7,3,5,3,7,8,8,5,4,4,5,4,7,7,3,4,7,4,7,5,6,6,8,4,8,5,6,2,5,2,7,5,10,5,5,6,3,8,2,8,4,3,3,8,5,6,11,8,5,4,4,4,8,4,5,5,2,4,8,9,9,4,5,9,4,4,4,9,7,6,4,7,2,7,6,6,6,7,5,7,7,5,2,7,4,9,5,6,6,7,7,10,8,5,4,8,4,6,6,4,12,2,6,4,4,9,7,9,9,6,7,7,5,7,6,9,7,8,3,6,5,8,6,10,3,5,3,6,4,8,4,3,9,3,5,6,4,7,6,3,7,3,1,7,3,5,11,2,3,6,5,6,4,7,1,7,4,3,6,3,3,1,4,3,5,7,5,2,2,8,8,2,7,9,8,8,3,7,5,4,12,5,5,6,7,9,8,1,3,4,4,2,5,5,6,2,6,9,6,9,5,5,7,6,6,9,6,8,4,6,8,8,5,12,5,6,6,5,8,6,7,3,6,4,4,10,8,4,5,8,1,1,5,6,5,10,5,3,3,6,5,4,6,4,6,6,10,5,7,4,2,9,5,7,6,4,6,3,4,7,9,2,4,6,7,2,3,5,9,7,4,4,6,10,3,9,3,4,1,10,4,1,5,7,8,7,5,6,7,4,9,4,3,8,2,9,3,7,3,3,8,3,5,2,8,4,5,11,4,7,7,5,8,6,6,4,5,2,4,0,2,4,5,7,4,1,5,11,7,7,6,4,6,3,3,7,4,5,7,4,8,5,9,4,10,6,10,6,5,3,5,8,10,7,9,3,5,8,6,7,8,8,9,6,4,7,6,8,2,7,5,5,7,11,5,5,7,7,8,2,2,7,6,9,11,5,7,6,5,4,9,4,6,7,7,2,3,8,9,2,5,4,6,2,7,10,10,3,3,4,8,5,5,6,3,6,2,8,5,3,8,7,4,7,4,10,5,1,8,8,4,5,3,6,3,7,7,8,0,4,3,2,8,7,8,4,7,6,2,1,8,2,11,5,5,8,5,5,3,5,5,5,6,5,9,7,7,2,2,3,5,1,9,8,6,3,4,5,8,3,3,3,5,4,9,6,7,7,3,6,7,6,14,4,5,7,11,5,4,11,6,5,2,7,8,8,16,4,3,5,6,5,5,5,11,6,9,9,3,3,6,6,3,5,4,4,3,5,5,2,11,4,6,3,6,9,7,4,11,3,8,2,2,5,6,7,5,10,6,9,3,7,4,10,1,7,1,3,7,5,4,8,6,5,7,5,3,8,10,9,4,4,1,5,6,7,4,8,6,7,6,6,3,5,8,6,2,7,7,6,9,8,5,6,5,7,8,8,5,4,16,5,2,4,5,7,11,5,4,7,6,3,6,6,4,9,4,5,5,5,3,7,6,5,3,7,6,6,4,10,3,6,3,5,7,6,2,4,1,3,9,13,9,6,7,10,3,12,4,7,4,2,6,11,3,6,6,5,7,8,6,6,8,7,6,4,5,4,9,4,2,9,5,9,3,7,6,7,9,6,6,3,7,9,4,8,4,7,5,6,4,6,4,15,11,6,7,7,13,2,4,1,9,7,4,4,7,5,7,4,10,6,3,9,5,9,8,7,8,6,8,4,3,3,3,9,6,4,5,7,5,4,2,6,8,7,3,3,6,3,3,5,11,6,5,6,4,3,4,6,6,4,6,4,3,4,1,6,11,2,1,8,6,7,6,4,3,4,7,9,4,4,6,6,8,5,8,6,9,10,5,9,5,4,3,7,6,5,10,8,4,8,5,5,3,9,6,8,14,7,5,3,9,4,6,9,3,6,11,5,8,5.712,10.5334036402963,0.890596359703696
8,6,6,4,7,6,4,4,7,7,2,7,3,7,7,5,6,9,2,5,4,11,5,5,8,12,4,8,7,5,6,6,1,6,7,4,8,8,3,4,9,7,10,11,4,3,7,3,4,3,7,4,7,8,5,2,4,9,4,4,8,7,5,5,3,4,7,10,8,5,7,6,3,7,4,1,8,7,5,10,5,5,5,8,5,10,3,8,6,4,2,9,5,3,7,4,9,8,4,7,5,7,7,3,3,6,4,9,8,7,9,5,8,7,5,6,1,8,2,6,7,4,8,8,6,3,7,4,7,6,6,8,6,6,8,3,7,6,7,7,6,4,2,4,7,5,8,5,5,10,6,4,9,8,8,9,7,3,3,6,6,10,8,6,3,13,13,8,6,5,4,6,9,6,3,4,7,5,7,4,8,4,1,4,7,3,9,4,8,10,4,9,7,8,10,11,7,7,5,6,6,4,8,7,5,8,7,7,7,2,3,7,10,7,8,8,5,3,4,6,7,4,5,7,10,3,4,9,4,10,4,4,2,6,5,7,7,9,4,4,1,11,0,9,6,4,4,5,2,8,4,3,4,5,6,5,8,9,9,7,7,6,11,7,10,7,9,6,8,1,6,8,8,10,8,3,3,5,4,5,9,1,5,4,8,5,7,8,6,3,4,6,7,4,3,9,2,8,14,5,4,4,5,6,12,7,2,2,12,5,6,4,8,9,6,7,8,4,9,4,5,6,9,2,8,4,8,10,9,4,5,2,5,7,7,6,4,8,5,10,3,8,3,10,10,6,9,8,5,7,7,4,2,10,9,5,4,2,4,3,2,3,5,4,4,6,3,7,4,2,7,8,2,4,10,2,7,3,5,4,8,4,8,5,8,5,3,5,5,2,6,5,8,1,9,6,3,5,12,8,6,1,10,7,13,8,4,8,8,9,7,5,5,7,6,11,6,8,4,4,3,9,1,9,7,4,8,3,18,7,3,6,4,6,10,9,7,6,2,7,0,4,5,14,4,5,5,5,15,3,11,4,6,3,3,4,2,4,5,6,5,9,5,9,6,6,5,1,5,8,9,3,5,9,5,6,6,5,7,3,4,2,4,7,6,9,6,10,3,6,5,9,6,3,5,6,8,11,7,6,7,6,5,3,10,5,4,1,7,10,10,2,3,13,6,7,2,4,3,12,3,5,5,5,0,4,3,3,6,10,7,5,6,3,3,2,10,4,10,6,6,5,6,2,2,3,9,14,5,6,6,4,5,8,4,6,3,6,1,6,6,7,5,7,5,2,4,4,4,6,3,2,11,7,6,5,4,4,7,4,5,5,6,2,8,6,6,8,7,4,9,3,3,6,8,11,3,6,10,7,7,8,6,4,5,9,5,9,9,6,4,5,5,6,2,7,4,2,8,7,5,2,4,5,5,3,7,3,4,0,12,6,7,12,4,8,6,14,3,6,0,7,3,6,6,6,1,10,4,9,5,9,4,6,5,7,6,8,5,4,5,5,4,5,7,9,4,9,3,6,5,6,10,10,7,5,8,4,11,5,7,7,5,9,6,10,11,7,1,0,4,8,4,4,4,4,5,5,4,6,5,4,6,7,6,9,4,6,6,7,4,6,4,12,4,8,6,9,5,5,4,8,11,5,7,6,8,8,8,8,5,2,5,4,8,6,6,9,5,7,14,4,9,11,2,6,7,8,9,6,8,2,11,6,2,6,7,6,5,4,2,3,5,7,8,8,6,8,9,6,5,5,3,6,3,5,4,6,11,5,4,5,8,5,9,8,7,11,4,12,6,6,8,7,3,5,4,8,6,7,2,2,6,8,6,4,2,6,3,1,8,8,3,6,3,3,3,11,6,10,6,2,6,2,8,5,3,6,5,13,10,3,10,5,4,13,6,7,8,3,5,9,4,10,5,4,1,6,6,7,4,7,8,6,6,4,5,6,9,3,5,5,5,6,7,6,7,5,7,4,6,3,10,13,10,3,13,8,9,4,7,7,6,5,10,6,4,9,3,6,9,3,4,9,8,13,6,2,1,5,5,5,9,5,7,13,8,7,6,6,5,5,11,9,7,9,5,6,4,11,7,3,5,5,6,2,4,6,4,11,6,7,7,6,3,8,4,7,1,7,7,5,5,5,7,9,4,8,7,2,2,5,1,2,8,3,4,6,9,5,3,9,2,2,6,5,5,10,5,6,6,2,5,4,6,9,4,5,4,2,3,1,6,5,4,10,5,10,4,5,5,6,11,5,7,5,6,8,9,4,5.942,11.0633654079007,0.820634592099331
7,9,6,5,4,3,9,6,2,2,2,5,5,4,4,5,9,2,8,9,4,8,6,11,3,7,10,2,6,7,6,7,4,5,2,4,9,7,7,6,7,9,7,11,3,6,7,7,5,4,6,6,12,5,6,5,6,4,6,6,8,5,4,11,6,10,7,9,4,8,7,5,8,9,5,9,5,11,5,8,4,8,3,3,10,4,5,6,13,3,5,5,4,11,4,5,3,13,7,6,9,4,4,3,4,3,5,3,7,5,4,2,4,5,6,11,7,5,14,3,2,4,9,2,5,7,5,4,7,4,7,17,6,8,10,8,2,5,9,7,4,1,7,8,2,7,7,8,7,1,5,4,5,6,10,9,5,7,7,5,8,4,6,5,7,3,9,8,7,5,5,9,15,4,4,3,5,3,7,2,4,5,3,5,7,6,6,9,5,2,8,7,11,3,6,3,6,6,7,3,3,6,3,4,8,5,6,4,9,10,6,4,5,2,8,7,2,9,3,7,8,5,6,7,6,9,5,6,9,5,5,9,8,7,3,6,6,10,7,4,7,19,4,7,3,4,1,4,2,3,3,7,12,5,9,3,7,3,7,3,7,11,5,5,8,5,11,7,6,5,6,10,2,1,11,9,4,9,4,9,7,6,7,7,1,5,10,6,5,10,8,2,6,3,7,10,11,3,3,7,5,2,7,4,4,3,6,6,6,2,5,4,21,6,6,5,5,7,7,10,5,5,11,11,3,7,8,4,6,7,9,5,4,1,9,8,3,6,7,4,4,5,3,4,6,7,3,5,4,7,5,5,5,4,8,3,2,4,4,2,5,6,6,7,5,8,4,7,5,5,3,6,11,8,2,6,8,2,3,6,7,7,6,8,5,6,10,7,7,4,4,11,10,5,6,9,4,7,4,11,12,0,5,13,8,3,5,1,5,7,5,2,5,7,4,7,6,9,7,10,2,9,6,2,8,2,2,9,6,6,6,3,5,9,8,8,7,1,12,2,10,5,6,8,7,3,3,4,6,8,8,11,3,5,7,8,5,7,8,7,8,7,3,7,5,2,4,8,4,4,4,5,8,7,8,0,5,5,15,6,5,8,2,3,3,5,10,2,4,3,8,7,9,10,7,5,9,7,9,5,7,7,6,3,3,8,4,5,3,5,1,3,5,7,10,7,3,5,7,5,5,5,3,6,7,7,8,6,3,8,8,5,9,3,3,4,8,7,9,5,5,6,5,7,7,8,7,6,5,7,8,5,5,6,6,5,6,7,4,8,6,5,7,7,10,11,4,3,8,8,6,4,9,13,2,7,4,7,12,5,6,9,9,5,3,4,5,7,13,5,5,7,7,5,3,7,6,1,4,5,6,6,5,4,2,8,5,9,4,4,3,7,6,7,3,7,6,5,7,7,5,3,3,4,8,2,3,5,2,10,3,5,5,9,8,8,3,4,2,6,4,6,9,4,11,10,7,8,10,5,4,9,4,7,8,7,2,8,4,8,8,7,3,8,8,6,5,7,6,4,5,4,8,6,5,8,7,6,7,12,4,7,3,5,6,6,10,1,8,6,3,2,7,9,9,5,4,6,3,9,6,4,9,8,5,7,5,3,6,6,3,7,11,5,7,7,2,8,8,8,2,4,8,3,10,2,7,8,5,8,6,7,1,5,3,8,8,9,10,5,13,10,14,8,8,6,5,4,14,5,4,5,4,8,3,5,9,6,11,4,7,11,5,10,6,3,6,6,12,6,2,3,7,7,4,7,8,0,4,9,7,6,5,9,6,5,4,6,6,5,3,3,7,9,6,9,3,5,4,7,3,10,4,3,5,5,2,8,7,7,8,4,5,3,8,8,10,3,10,5,5,6,6,4,4,5,8,2,6,5,3,8,6,7,1,13,2,7,7,7,3,7,4,0,4,6,7,4,8,5,9,9,7,10,1,3,5,9,5,7,5,6,6,7,3,9,2,7,4,4,1,5,7,4,7,7,6,9,8,3,3,7,5,7,6,5,4,6,5,11,5,9,5,12,3,7,6,4,5,13,4,10,7,4,7,4,3,5,7,4,5,8,6,4,6,11,8,5,7,2,3,5,9,7,4,0,5,6,6,6,7,9,7,7,8,1,5,7,2,0,8,10,8,7,6,4,5,10,6,2,5,4,3,2,5,4,7,6,6,3,4,9,4,5,8,6,3,3,4,4,3,4,3,4,6,6,2,4,4,7,5,9,4,5,9,6,3,6,6,6,8,11,4,10,7,6,4,6,5,11,5.953,11.1148105150609,0.791189484939057
7,9,4,6,8,3,8,7,5,5,10,7,2,0,5,4,5,7,6,2,3,11,6,8,3,7,9,4,5,7,3,6,8,6,3,5,8,10,9,8,13,9,5,6,7,7,3,3,3,7,6,8,6,2,9,6,5,2,6,10,4,2,10,8,5,8,7,10,5,7,9,6,6,4,7,3,6,10,6,12,6,13,8,1,7,12,6,9,2,2,6,3,5,4,4,3,5,13,7,3,3,6,4,8,4,6,4,6,8,5,3,3,2,6,7,6,6,6,9,3,10,13,9,6,4,4,4,7,4,6,9,9,7,6,5,12,4,9,6,3,2,4,1,4,8,4,3,5,6,2,8,8,5,11,5,5,6,2,6,4,6,6,4,5,11,6,4,5,5,6,3,2,7,8,6,7,6,7,8,6,3,5,9,6,2,4,4,6,10,10,3,3,5,6,6,8,6,5,2,3,4,7,8,5,4,8,5,2,9,7,9,4,2,2,7,10,5,9,4,3,5,7,8,11,4,7,7,3,6,6,4,4,8,4,7,6,8,1,8,3,7,7,2,15,6,6,3,3,7,4,4,5,4,9,7,7,9,6,8,1,4,3,10,5,5,4,9,7,7,7,7,3,8,7,9,10,6,1,6,6,9,4,12,9,7,7,9,4,6,10,7,5,4,8,5,6,6,11,5,6,8,5,3,5,13,9,2,11,7,7,5,11,7,5,5,10,9,11,10,3,9,4,1,14,5,2,10,8,5,5,9,6,7,4,8,7,9,4,5,1,12,9,3,6,5,6,4,6,5,5,4,5,7,6,9,10,3,5,8,3,5,3,7,9,9,7,2,5,3,8,3,8,10,9,4,7,4,4,9,5,2,7,6,6,6,9,11,7,3,4,5,9,10,5,5,5,6,8,5,3,5,1,2,8,2,11,4,7,7,8,7,8,7,4,2,9,9,5,5,9,0,6,6,6,3,5,9,9,11,4,11,6,8,4,8,7,2,5,2,2,6,6,4,8,7,5,8,9,9,6,6,6,5,3,4,2,2,3,5,6,12,8,4,10,5,9,4,2,10,6,4,5,9,4,9,5,6,5,6,6,8,2,8,9,4,5,2,4,5,5,2,5,10,7,6,4,11,6,5,7,4,5,6,3,11,10,2,10,9,7,5,8,5,7,5,4,7,4,9,1,8,5,5,5,4,7,7,7,3,7,6,5,3,4,4,3,5,3,2,2,4,3,4,7,3,5,7,7,4,8,9,8,8,3,3,6,11,5,4,5,4,7,13,8,6,6,4,2,4,10,6,4,6,7,5,3,5,6,8,6,4,5,3,3,5,9,4,8,6,3,7,3,4,8,7,4,3,7,2,4,6,2,8,4,3,6,3,8,7,5,1,7,5,8,5,8,5,9,7,2,4,0,5,8,4,9,4,2,3,5,5,5,7,7,9,8,8,5,3,10,7,14,2,0,9,6,3,5,6,3,3,9,6,7,6,5,11,7,3,4,10,12,6,6,11,10,6,7,10,8,2,4,4,9,6,7,7,4,8,4,11,7,5,7,3,8,11,6,5,2,6,3,8,9,2,9,9,4,12,2,9,3,5,5,8,7,4,6,4,4,4,4,9,10,6,3,9,8,10,5,3,6,7,7,6,6,5,6,8,10,2,3,10,6,13,6,6,16,4,2,4,5,2,5,4,9,5,4,2,3,6,8,5,9,3,11,8,4,6,5,4,4,11,4,3,4,10,6,7,5,5,5,3,6,10,4,4,8,9,8,7,4,9,7,11,7,4,5,3,9,6,5,3,5,7,9,0,9,6,7,8,7,9,6,4,4,6,4,8,11,12,7,4,5,2,8,8,4,6,7,4,12,6,4,6,9,7,7,3,8,6,6,4,5,4,7,6,8,9,3,5,3,4,2,6,9,4,6,2,9,3,4,4,7,13,4,7,15,1,4,9,6,5,8,11,3,5,7,5,11,6,5,9,7,14,5,10,6,7,6,6,5,5,5,8,7,7,5,2,8,2,6,8,6,3,7,7,7,4,5,3,6,7,6,4,5,6,7,4,8,4,6,6,5,14,10,8,4,6,4,4,4,9,7,8,5,2,9,5,5,2,6,8,8,3,9,1,6,6,5,8,9,6,6,8,5,6,6,6,4,4,6,1,10,14,8,4,4,9,8,6,10,10,5,5,7,8,9,7,10,5,6,4,5,5,7,8,9,8,7,10,14,7,7,5,7,1,5,3,7,1,10,8,7,7,4,6,3,3,6,6.032,11.1990915839607,0.864908416039329
2,10,7,8,10,3,4,10,8,6,2,5,4,4,11,5,4,6,3,6,4,5,4,4,6,10,5,2,1,3,5,10,4,3,4,8,9,9,6,3,5,15,7,9,4,10,5,2,11,5,9,6,8,3,2,4,10,11,10,9,9,6,4,6,6,11,6,8,7,9,6,7,5,7,5,3,4,5,3,7,3,6,4,9,7,4,5,4,7,3,6,6,9,7,11,3,6,9,8,2,5,6,4,5,8,7,3,6,1,8,8,7,5,2,3,6,5,5,3,4,7,8,3,6,2,7,8,2,6,7,2,5,9,3,5,7,11,8,8,5,5,3,5,6,11,5,5,9,8,3,6,8,5,7,7,3,8,5,6,6,4,5,11,5,5,9,4,11,5,7,11,4,8,6,7,7,6,4,6,8,5,10,2,5,3,6,9,3,6,2,4,5,8,8,4,6,8,5,3,6,4,10,9,3,6,9,7,3,6,7,6,5,7,6,6,12,4,7,3,4,5,9,7,5,2,5,3,7,7,4,7,4,10,3,7,14,5,8,6,8,8,11,6,2,4,5,5,5,7,9,2,7,9,4,8,6,9,8,7,5,6,3,1,3,7,6,5,8,7,9,5,3,4,7,4,8,4,8,6,8,12,6,8,5,6,5,14,6,6,14,4,6,4,4,6,7,7,9,11,5,5,9,6,2,7,7,5,5,10,3,4,8,11,8,6,3,7,6,11,7,4,8,8,6,7,3,8,5,7,4,10,6,6,4,7,8,6,7,6,6,5,5,2,2,10,4,7,7,6,4,6,7,3,4,6,4,5,9,9,2,6,3,4,6,6,5,6,5,1,5,5,6,5,8,5,3,4,5,8,6,4,4,9,8,5,11,8,5,7,6,11,6,8,6,8,9,7,6,6,5,5,4,9,5,7,8,4,3,6,7,5,3,4,4,5,7,10,4,6,4,6,2,5,8,8,8,7,7,10,10,1,7,8,9,2,9,3,3,6,3,6,6,7,14,3,3,5,6,8,5,5,4,6,6,5,2,6,5,5,7,3,5,7,9,6,3,4,9,9,6,3,6,10,15,11,3,8,3,11,9,6,3,6,7,8,2,9,12,4,6,5,6,7,6,2,3,7,3,5,13,5,1,4,3,4,7,3,8,3,4,8,4,6,4,7,9,5,6,3,7,7,8,1,5,6,11,6,10,0,5,4,3,6,6,3,4,5,6,6,9,6,8,9,12,5,4,4,6,5,6,5,11,5,9,2,10,7,9,5,6,3,5,6,8,3,7,9,8,4,8,7,3,6,7,2,4,5,7,5,3,3,10,6,4,3,5,5,4,7,6,1,5,4,3,7,6,6,6,6,11,4,7,7,3,8,4,5,8,9,10,3,5,2,10,7,9,2,7,8,6,14,5,3,6,5,9,4,7,6,10,6,9,8,12,7,5,3,4,6,10,1,10,5,6,5,11,9,3,3,4,7,11,3,6,2,3,2,6,5,4,6,2,5,6,4,8,5,7,1,3,5,7,9,2,7,12,9,8,7,6,11,10,8,5,5,11,3,2,7,5,7,8,8,6,10,6,9,2,6,8,6,4,3,7,7,9,2,10,4,12,6,4,1,12,6,7,2,5,3,13,4,5,5,3,10,10,7,6,4,10,7,5,5,4,4,9,3,6,5,5,6,3,7,2,10,7,8,3,7,1,2,5,5,8,1,6,5,5,5,2,0,4,11,5,12,4,4,9,13,4,6,2,8,7,3,4,10,7,5,7,6,4,3,5,8,11,0,7,5,11,7,7,7,3,4,6,4,6,3,10,5,6,4,9,7,7,5,3,4,4,6,7,9,9,6,8,8,8,2,4,6,4,9,3,4,4,2,5,5,3,4,3,4,7,8,2,6,5,10,8,8,10,1,6,7,5,8,5,5,5,3,7,12,7,4,2,5,5,7,2,7,5,6,7,7,4,3,4,9,5,4,4,6,7,7,6,5,6,5,5,8,7,9,9,10,7,3,7,3,5,3,10,9,6,8,5,5,1,5,4,11,7,8,6,12,6,2,3,9,6,11,2,8,6,8,7,6,0,6,7,10,2,7,7,6,5,6,8,8,5,2,5,7,3,8,3,7,6,6,5,8,6,10,3,8,6,1,6,9,3,6,11,8,0,5,4,8,9,12,9,5,7,3,7,5,3,4,3,10,5,2,7,7,3,7,4,8,7,11,10,9,9,6,2,7,10,2,5,6,4,3,3,3,8,11,5,7,4,2,5,5.987,11.0525708046751,0.921429195324859
12,8,8,8,7,4,5,7,6,2,10,4,3,7,3,2,14,5,9,6,6,3,6,9,4,7,10,7,6,8,5,4,9,3,5,5,3,8,12,4,11,10,10,5,4,3,5,6,5,6,4,7,6,5,3,2,5,5,3,7,11,4,6,7,5,4,8,6,4,4,3,7,5,5,4,5,3,8,6,9,6,7,4,4,7,4,7,10,9,9,4,4,6,8,6,7,7,3,7,11,7,3,5,7,6,4,7,6,8,4,4,6,6,11,7,10,8,7,4,4,7,2,9,3,5,7,9,3,8,8,8,5,9,9,6,6,6,3,13,3,5,3,9,4,7,7,3,5,3,7,1,4,6,8,4,5,2,6,2,11,7,3,8,5,4,5,12,12,5,4,4,4,12,7,2,7,7,3,3,4,3,3,9,5,9,9,6,9,7,8,9,4,9,5,10,8,8,5,8,10,5,4,10,10,8,5,8,7,5,4,5,5,5,7,3,5,2,7,1,3,5,3,6,5,8,6,6,7,4,5,4,5,6,4,5,8,5,5,6,6,4,9,3,6,6,2,3,6,3,9,4,7,8,8,4,3,11,7,9,4,8,5,3,7,8,5,7,7,5,5,6,4,4,12,11,9,6,6,3,4,8,9,5,6,9,8,6,7,6,5,3,9,10,8,9,8,4,7,0,4,5,3,6,5,5,5,7,6,4,3,7,5,9,3,3,4,4,6,8,6,4,5,7,5,9,3,10,7,7,4,7,5,11,7,4,7,4,6,4,7,5,2,1,5,7,3,2,10,4,7,9,5,2,9,5,4,5,4,6,7,5,8,5,4,3,4,4,13,5,6,9,4,4,6,3,6,5,6,3,4,6,6,7,3,5,6,5,5,4,6,4,3,6,8,8,9,3,5,6,5,6,3,9,9,8,4,4,5,9,6,12,8,2,1,7,10,5,6,3,8,2,9,6,5,3,4,2,5,9,5,8,6,2,5,3,3,5,4,1,4,6,7,9,6,5,6,4,8,11,9,5,6,5,4,3,3,7,2,6,7,3,4,7,9,4,7,4,5,8,7,5,6,8,4,7,7,5,5,10,6,8,10,12,6,3,2,7,8,4,7,11,6,8,7,3,3,9,6,7,4,6,4,6,1,7,6,6,3,2,2,10,3,6,6,3,9,9,3,4,5,2,9,3,1,4,5,5,5,7,3,6,7,4,15,7,5,5,17,6,9,7,5,5,5,4,7,4,9,10,9,6,13,3,6,11,5,7,4,5,3,5,6,9,8,4,8,4,10,4,0,6,5,7,6,7,6,7,2,7,1,7,7,10,3,1,7,2,7,10,1,3,4,4,8,9,9,6,3,4,7,6,6,10,4,5,6,7,7,10,2,1,7,8,7,9,10,7,4,4,6,4,2,4,4,5,7,7,5,1,6,3,4,11,7,3,8,3,5,7,4,5,6,3,3,5,5,4,5,3,7,8,13,6,2,4,11,5,11,5,5,2,8,5,10,5,6,8,14,4,8,5,8,8,4,3,5,9,2,5,8,5,7,4,6,10,4,5,5,8,7,12,5,8,9,7,9,5,5,5,2,7,4,5,12,6,5,8,3,5,7,9,7,6,7,6,6,5,10,9,7,2,7,7,5,4,10,3,8,11,11,5,4,3,4,5,7,10,9,9,6,8,11,4,8,10,8,10,7,9,6,8,10,9,2,12,11,12,6,12,0,3,4,7,6,8,2,9,7,3,8,4,4,7,9,4,6,6,10,7,1,6,7,7,6,9,9,6,10,5,7,6,0,7,7,7,10,8,3,3,8,8,6,9,7,6,1,3,7,2,6,9,8,7,3,6,6,1,9,9,4,1,6,9,10,5,1,4,3,4,7,9,3,8,8,6,12,8,3,6,6,6,8,3,6,5,6,3,5,6,7,5,15,9,7,5,10,4,11,6,2,7,9,5,4,7,5,3,4,4,9,7,7,3,2,15,9,5,11,14,6,4,3,11,6,3,7,4,7,5,3,6,4,3,11,3,4,5,3,10,2,4,8,4,6,8,2,3,4,2,8,10,4,7,5,6,6,5,7,4,5,4,6,6,6,6,3,5,7,3,10,4,8,5,7,6,6,5,9,3,5,4,6,9,3,6,5,6,8,6,3,8,8,4,5,3,4,3,6,8,2,6,8,6,2,11,9,5,9,5,4,5,4,6,3,7,3,4,6,4,7,6,4,5,5,6,9,11,9,6,5,5,6,2,2,7,1,6,8,12,6,5.967,11.0253843022599,0.908615697740102
10,6,4,5,6,4,5,4,6,7,7,11,5,4,6,2,4,4,5,3,7,6,4,6,6,4,2,4,7,2,3,7,4,6,5,12,2,7,2,4,7,7,12,10,5,4,4,5,4,4,4,5,4,4,4,5,7,5,7,6,6,6,8,5,4,7,4,6,5,7,11,4,6,11,8,7,9,11,7,8,7,8,5,8,12,8,2,11,9,5,4,8,5,6,9,9,9,10,10,3,10,6,3,4,10,5,5,12,6,10,6,7,10,5,8,6,2,9,7,5,10,7,7,5,1,7,11,0,7,7,7,11,8,7,5,1,6,9,10,3,8,5,4,7,4,5,3,4,9,5,3,7,3,7,5,8,7,6,4,5,5,5,6,3,9,7,12,6,3,8,5,14,10,8,4,6,12,5,7,4,6,6,4,5,4,3,6,3,4,7,5,9,7,7,4,6,6,11,4,8,13,8,5,5,13,8,7,5,11,9,3,6,9,7,5,10,5,4,5,5,8,4,4,5,8,7,4,9,8,6,5,7,6,5,12,4,9,10,5,5,8,10,4,7,3,6,5,2,5,3,3,5,10,4,6,4,2,7,7,2,7,5,3,7,7,5,5,7,11,6,5,4,4,3,7,6,4,2,10,3,4,3,12,5,3,4,9,8,5,12,6,6,2,4,9,11,9,4,8,3,5,3,3,4,13,5,1,6,5,4,10,8,9,7,3,4,4,2,6,4,6,5,3,4,4,5,6,11,8,8,13,7,11,9,5,7,7,10,9,2,7,3,7,6,5,6,4,8,4,6,6,6,6,4,2,7,1,1,6,6,3,5,10,5,11,4,4,6,5,6,4,2,9,3,3,6,3,5,5,9,5,10,3,9,6,7,12,3,6,4,9,9,11,5,9,6,6,5,8,5,9,4,4,5,5,6,3,8,7,4,4,3,6,6,0,4,3,10,7,5,4,6,8,7,7,2,6,6,5,5,5,7,7,12,9,7,3,5,4,6,4,3,8,6,6,7,4,6,6,5,8,8,6,9,6,3,3,2,12,9,7,7,0,5,6,12,4,5,7,3,4,5,7,6,12,2,6,6,5,6,2,8,5,5,6,5,6,7,6,5,6,4,7,4,4,8,7,5,10,5,3,8,7,5,4,9,3,5,0,6,7,8,3,8,8,7,6,5,8,6,5,5,6,6,7,4,4,1,4,5,10,8,5,9,4,3,4,8,11,6,9,9,6,8,8,4,6,4,7,12,5,4,3,7,9,7,13,5,2,5,5,6,3,8,3,6,3,8,9,5,2,6,1,9,5,12,10,6,9,2,5,8,5,1,5,7,2,7,4,4,7,9,8,5,13,8,2,4,7,12,8,7,10,10,3,5,4,6,7,12,2,5,3,3,3,7,8,5,4,6,7,4,7,5,6,3,4,2,5,9,7,7,4,7,5,4,7,7,6,9,5,7,3,3,2,6,6,6,2,6,4,2,5,5,8,7,6,4,2,14,8,5,1,4,3,7,4,10,3,3,5,9,9,10,7,6,6,5,7,5,1,7,8,5,9,5,11,2,9,4,7,7,6,8,11,11,3,6,13,8,5,4,5,4,2,7,5,4,7,6,5,3,8,11,6,5,7,7,3,11,6,2,7,10,8,5,12,10,6,6,5,2,7,9,15,9,7,9,7,3,8,6,3,4,5,8,8,6,3,2,6,3,7,8,3,6,4,6,8,4,2,3,6,11,6,7,3,9,5,6,2,5,4,5,9,3,5,9,5,7,9,9,10,10,7,8,3,4,10,9,7,5,5,8,7,8,5,6,3,4,3,6,5,7,4,3,3,4,7,10,8,10,4,4,0,10,7,4,4,12,5,9,7,1,8,6,1,4,4,11,4,5,4,6,2,8,2,4,5,10,4,4,3,5,5,8,1,5,3,8,3,8,4,6,5,4,6,7,8,5,4,4,4,7,5,11,7,6,7,9,4,2,7,5,5,9,3,9,8,4,3,6,7,4,12,4,4,5,5,3,5,7,2,5,4,9,8,4,8,12,5,5,5,3,5,6,9,6,8,10,4,6,9,5,6,6,7,7,13,4,5,6,2,5,6,2,2,10,7,7,4,13,6,5,4,6,3,8,7,8,7,7,14,5,5,9,4,11,3,4,5,7,1,2,4,6,12,8,4,8,5,7,6,7,8,7,7,2,12,8,5,1,3,9,11,8,9,8,8,2,10,5,3,4,6,9,6,7,2,4,6,11,6,3,2,3,5,7,3,4,6.006,11.1421091615852,0.869890838414766
9,4,4,7,5,4,6,9,7,9,7,6,2,1,5,7,7,7,7,10,2,8,3,6,5,3,3,6,5,7,2,5,8,3,1,7,4,9,3,5,9,9,9,8,6,7,6,4,4,7,4,7,3,6,6,6,5,2,4,4,9,6,6,11,8,11,7,6,10,6,5,9,4,5,5,5,8,5,7,7,3,8,2,8,8,6,5,9,9,4,3,6,8,6,4,3,8,7,4,2,8,2,2,5,7,5,4,4,3,6,3,6,9,5,6,12,14,8,6,5,4,7,12,4,4,10,11,2,10,5,7,8,7,7,9,7,3,3,8,2,3,5,8,3,4,6,5,7,7,3,6,10,4,7,7,9,6,5,8,5,2,2,6,8,3,7,6,5,7,8,5,9,6,6,5,9,8,8,6,6,2,7,7,8,6,9,5,6,8,10,7,6,7,6,3,4,4,2,7,3,2,8,4,3,9,6,4,4,8,6,11,0,8,7,5,12,3,6,6,7,9,11,5,4,9,10,1,5,8,10,4,8,4,5,5,6,7,7,9,3,4,8,4,9,4,5,3,2,9,9,2,5,8,3,3,4,4,5,4,5,7,2,5,3,9,4,10,7,8,2,2,2,5,8,9,8,5,3,9,9,4,4,6,4,4,2,11,2,6,9,3,7,6,9,8,6,8,6,6,5,6,3,4,6,7,1,3,6,4,5,3,10,12,7,5,8,6,9,8,8,4,4,7,12,4,3,8,5,6,11,10,6,4,7,7,8,4,8,6,7,6,4,4,8,6,5,4,8,7,5,5,5,6,9,8,5,7,7,7,4,6,2,2,7,9,4,5,7,4,3,4,6,2,4,9,4,4,2,1,4,5,13,12,4,5,8,5,7,6,13,7,6,8,7,7,9,3,6,4,6,1,3,6,7,6,2,5,4,10,8,4,5,3,2,6,8,9,7,5,6,4,10,7,10,2,5,4,6,7,4,6,6,8,8,8,7,3,6,1,4,7,2,6,11,7,5,4,4,4,5,9,6,7,4,2,8,2,9,5,7,1,9,4,10,9,4,6,7,10,9,4,8,7,7,2,5,6,5,6,2,3,5,7,11,7,5,4,3,4,4,6,6,7,3,9,6,9,4,13,3,7,2,7,6,11,7,3,7,3,3,6,6,5,3,4,9,5,1,2,7,10,11,3,4,2,10,3,11,5,10,9,2,8,2,4,3,9,4,9,3,4,9,10,8,7,5,13,7,5,9,11,7,3,7,6,7,6,13,8,11,1,9,9,8,11,4,4,5,3,3,9,3,3,9,4,8,6,5,12,10,6,3,10,3,4,13,7,6,3,8,5,5,5,7,7,5,8,4,7,9,5,3,3,3,7,8,4,5,11,6,5,9,7,3,4,7,4,4,4,3,14,2,5,5,3,6,4,3,2,8,6,5,10,9,1,9,3,7,3,6,8,10,8,5,8,10,9,3,7,4,1,7,7,9,5,6,4,6,5,7,7,10,7,4,6,8,7,11,6,4,7,2,7,13,3,4,3,5,7,7,5,6,8,10,3,7,7,6,4,4,10,4,4,4,9,4,8,8,9,6,5,3,10,8,9,7,3,7,2,6,7,8,12,6,6,5,5,12,6,8,8,6,8,10,12,4,3,5,10,12,5,8,6,7,7,6,15,4,10,5,9,8,6,11,4,3,4,7,13,7,11,3,6,9,3,7,6,6,9,6,6,7,3,6,8,3,1,7,9,5,9,4,3,6,8,7,9,4,5,3,8,8,5,8,10,7,4,10,4,13,6,6,6,5,6,7,4,4,6,7,4,7,8,6,3,5,5,7,8,6,8,7,11,9,6,5,6,10,9,8,7,4,6,6,8,6,6,6,4,7,10,6,4,6,5,11,3,4,7,3,10,1,5,4,2,7,6,1,4,6,5,8,9,3,4,13,10,9,1,3,3,8,8,5,7,10,8,6,3,7,2,5,7,5,3,9,7,5,5,0,3,6,6,5,9,9,4,7,1,7,10,6,12,10,8,10,7,5,6,6,5,6,9,7,9,5,5,7,7,3,7,10,5,1,6,6,11,5,8,4,9,2,9,6,4,1,5,4,10,3,4,8,3,9,5,3,4,10,2,4,0,5,5,3,10,5,5,10,7,1,4,7,8,5,11,6,5,5,10,2,7,10,4,6,8,8,7,6,7,4,5,6,2,10,1,6,6,5,3,1,2,11,9,7,4,5,7,11,11,3,4,4,5,7,6,4,7,7,4,8,6.059,11.1881995553379,0.929800444662107
9,9,4,2,9,4,5,7,6,4,3,4,2,1,6,4,3,3,8,5,5,7,4,4,6,6,5,6,5,8,7,3,9,8,7,7,6,5,11,4,8,3,8,7,11,4,4,5,7,4,1,10,5,5,5,5,3,5,7,7,7,6,7,4,5,3,4,8,6,9,6,6,5,4,5,3,1,9,11,4,4,7,10,4,6,3,3,6,7,4,9,6,5,9,6,8,9,4,7,2,4,5,7,9,7,8,6,2,5,7,8,7,3,8,8,4,7,10,4,2,7,1,7,3,3,9,6,1,5,4,10,14,7,2,4,7,9,4,6,4,3,6,4,10,9,7,9,3,4,2,2,6,6,11,4,5,3,3,7,8,5,4,6,3,6,6,10,7,7,9,6,4,6,8,4,2,13,6,9,5,3,7,4,4,4,6,5,3,6,4,6,2,8,2,8,11,11,5,1,5,7,6,5,3,6,7,9,9,9,5,8,3,2,3,7,13,4,9,4,8,5,8,7,4,5,4,5,10,12,8,4,4,8,5,7,6,6,10,11,5,9,7,5,8,6,5,4,13,8,4,6,7,8,8,1,4,8,7,11,3,7,8,5,3,4,8,7,4,8,8,8,14,5,5,8,5,3,7,4,12,7,4,10,10,5,2,11,5,3,8,3,5,2,3,10,8,4,6,8,9,6,3,6,5,8,8,6,4,9,5,4,5,7,7,5,1,3,8,5,4,3,6,9,6,5,3,9,1,7,7,7,8,9,3,5,8,3,5,4,5,7,2,1,6,12,5,3,5,5,7,4,5,5,7,4,2,6,5,2,7,10,10,7,11,2,5,4,5,4,8,11,10,6,5,2,5,7,8,3,14,5,5,6,3,5,8,6,5,3,10,9,10,10,4,4,9,5,3,6,8,9,4,12,6,4,3,4,3,6,6,6,4,4,3,7,1,8,4,6,3,3,7,7,4,5,4,7,3,13,4,2,5,4,10,6,6,4,2,4,2,5,6,6,6,8,7,5,12,8,5,5,5,8,4,11,6,2,3,6,4,6,8,4,10,6,10,6,7,7,12,6,5,7,5,5,5,5,4,11,4,4,5,9,6,5,7,4,9,3,4,6,5,3,4,7,7,12,4,8,4,4,2,8,3,12,6,5,7,6,4,4,2,5,10,5,7,7,7,5,3,9,4,5,5,4,10,3,9,9,9,9,5,4,2,3,7,6,10,5,10,7,11,4,6,9,4,6,10,7,11,5,3,3,10,3,2,8,6,6,9,10,6,6,7,8,8,7,4,6,5,6,4,7,14,9,8,6,9,2,5,6,11,6,5,5,5,5,5,10,10,7,1,5,4,6,7,9,6,6,10,2,3,4,5,6,4,6,7,6,5,2,6,4,3,10,4,6,12,6,8,6,3,7,7,4,11,6,9,7,1,7,8,9,7,5,13,6,7,5,6,6,6,4,1,5,6,5,3,5,9,6,5,9,3,8,4,4,8,2,3,8,5,3,7,7,2,7,6,0,5,7,6,2,6,9,3,10,8,8,7,7,11,6,5,2,6,7,2,10,3,2,8,8,7,5,4,3,6,5,6,3,4,2,7,4,6,6,7,5,7,4,1,6,5,4,9,6,5,6,4,2,9,4,4,6,8,10,6,6,12,7,2,7,8,10,5,6,8,10,9,8,8,5,6,6,2,11,5,7,5,7,5,4,5,3,11,8,4,7,4,4,3,10,9,8,3,4,5,5,6,8,4,10,9,6,3,13,4,10,7,9,9,9,11,6,5,7,3,5,9,4,6,4,3,2,8,8,7,3,6,7,7,7,12,9,5,4,3,5,12,7,8,5,6,7,6,1,9,4,4,4,4,7,10,2,8,9,8,9,10,9,8,5,3,4,10,7,3,9,8,6,7,8,6,9,9,4,3,9,9,5,6,5,7,5,2,7,12,3,6,4,6,7,4,3,5,6,7,5,11,4,2,9,6,14,6,7,5,15,4,4,7,8,9,3,10,5,8,8,8,4,3,4,7,2,5,7,5,5,7,3,7,8,6,10,6,3,5,9,10,6,8,7,4,5,6,3,4,7,3,6,5,5,2,8,6,5,13,6,9,10,8,10,7,9,8,8,5,5,7,7,6,7,7,9,8,9,6,5,5,4,7,4,3,6,5,4,11,5,4,2,8,5,4,4,9,4,4,5,5,3,6,6,4,7,3,5,6,4,7,6,7,5,5,10,10,6,6,11,4,0,4,2,10,7,7,9,10,5,9,6.038,11.0684243457882,1.00757565421179
11,4,5,2,5,5,8,7,6,6,5,12,4,4,6,9,6,4,4,7,5,11,4,6,6,8,7,5,7,1,3,8,5,3,4,2,5,9,4,4,7,7,14,6,8,7,6,4,4,3,7,5,6,3,7,5,7,12,3,6,4,5,10,9,4,10,7,8,7,7,8,4,4,7,3,10,9,8,3,11,4,5,3,3,7,2,4,13,12,3,3,4,4,3,6,6,6,6,10,7,8,7,5,5,8,6,7,10,9,6,2,7,5,3,8,12,5,9,6,3,4,11,6,8,5,9,11,3,6,4,7,7,3,3,3,10,8,7,6,4,8,2,10,9,10,8,6,4,7,6,5,8,9,6,5,2,7,3,8,3,8,4,8,8,7,4,11,2,6,4,6,10,9,1,8,7,3,4,8,4,6,6,7,6,5,8,12,5,6,11,1,8,11,3,7,4,4,5,6,9,4,3,7,5,5,3,6,2,8,7,11,4,8,4,7,1,5,7,7,7,8,7,2,8,4,5,5,3,8,4,5,5,6,4,8,9,6,7,6,7,10,8,3,7,6,7,2,6,8,14,4,6,11,4,5,4,4,9,13,2,5,5,8,1,4,7,4,2,10,3,4,2,3,4,6,9,4,5,5,2,7,9,3,13,8,5,12,4,4,11,4,10,10,10,6,2,4,6,11,7,7,5,8,7,7,9,5,7,4,7,10,7,8,5,5,8,3,4,9,5,4,4,11,5,4,5,4,4,8,8,5,5,7,7,7,5,5,10,6,9,5,4,3,5,8,7,11,6,14,5,3,4,3,4,2,2,4,7,7,3,7,5,7,5,8,5,5,9,10,4,5,5,6,6,6,2,6,7,10,4,7,6,5,4,8,7,7,3,8,8,7,4,10,10,9,6,7,3,11,7,6,6,7,7,7,6,5,4,9,2,4,9,8,3,5,13,6,1,6,7,6,6,6,10,5,3,5,6,12,8,6,8,5,3,3,4,5,3,6,9,5,11,13,9,11,6,7,6,8,3,4,6,7,7,6,6,8,7,6,11,12,8,7,6,7,7,1,8,3,7,4,4,6,15,9,5,4,6,13,3,6,7,8,7,6,4,2,9,7,3,3,3,4,7,6,4,3,0,10,9,5,4,7,6,3,3,4,8,6,10,6,3,6,6,8,7,9,6,10,4,4,3,2,6,7,5,6,3,5,9,5,5,9,8,6,8,3,8,5,8,10,5,11,10,8,7,7,7,7,7,10,3,3,3,2,0,6,5,5,5,5,6,3,12,8,4,2,2,5,2,7,6,5,7,7,8,8,3,8,7,8,6,4,7,6,3,5,8,7,9,2,7,3,6,7,13,1,7,5,7,5,3,11,6,2,6,4,6,7,4,2,9,7,2,4,6,3,7,7,4,4,3,5,7,6,9,6,11,7,9,7,6,8,8,9,9,4,4,3,9,6,4,6,8,5,7,6,6,8,8,9,6,7,5,8,8,3,7,3,9,5,8,4,5,11,10,5,10,5,4,4,5,4,6,4,2,5,4,1,7,9,12,2,5,7,6,6,3,6,5,7,2,8,7,10,8,13,5,7,6,9,1,4,7,6,9,5,11,6,3,6,7,8,9,5,1,2,3,1,8,1,12,5,4,4,8,6,6,9,9,7,6,9,5,7,6,6,8,6,3,5,10,4,6,6,6,6,5,10,7,11,5,7,5,9,10,8,7,8,6,2,5,2,8,10,7,7,6,4,6,6,5,5,7,4,2,5,7,3,5,9,4,4,7,7,5,6,6,2,7,6,6,5,10,5,10,6,7,5,8,8,1,1,7,5,5,5,8,4,9,12,8,3,6,5,7,5,4,6,2,7,11,7,5,3,2,4,8,6,3,3,10,2,4,3,5,5,4,5,3,3,8,3,4,1,9,4,6,8,3,4,4,6,6,4,5,8,6,1,8,8,7,6,6,6,6,3,5,6,6,0,5,7,9,1,5,4,11,10,5,4,6,8,4,4,3,3,6,6,9,7,6,3,6,5,7,6,4,7,7,6,10,7,5,9,7,5,5,1,12,5,5,9,3,10,6,7,5,5,7,7,9,6,6,9,0,5,10,6,9,2,5,3,2,8,3,7,2,7,6,13,3,9,3,10,5,5,5,6,4,10,10,5,5,4,2,4,6,8,8,6,7,2,5,6,6,4,8,9,5,3,2,7,5,5,5,8,2,4,9,4,1,10,8,7,8,7,7,5,3,1,8,6,6,7,11,6,5,7,4,6.034,11.0553529945918,1.01264700540819
5,7,13,7,10,6,6,6,2,3,5,10,3,4,4,1,8,9,4,6,9,6,6,2,4,9,11,8,4,11,3,7,9,9,4,7,5,7,4,8,12,10,10,6,5,1,10,11,8,2,6,3,6,7,8,5,5,7,5,2,6,10,5,10,6,8,6,8,6,6,4,6,7,5,5,1,7,10,5,11,3,6,6,12,7,3,2,5,8,4,4,6,6,7,9,6,12,8,5,5,4,4,4,3,7,3,8,6,5,6,8,6,9,5,6,5,9,12,6,3,5,5,10,0,3,10,13,10,13,2,5,8,6,7,7,8,5,8,11,7,8,7,4,4,7,10,1,7,8,4,6,9,4,11,9,6,11,6,8,3,4,9,12,3,4,9,3,6,3,11,5,7,5,7,1,6,9,5,3,8,5,5,8,3,5,11,4,4,5,6,9,4,8,9,13,4,8,6,4,6,11,9,3,2,7,12,6,2,10,9,13,3,5,5,2,6,7,6,5,7,7,1,7,2,6,7,4,5,7,9,3,5,6,2,7,7,11,5,7,11,10,13,3,12,9,6,2,2,8,9,4,8,9,6,5,4,6,2,5,6,6,4,2,7,6,4,8,7,8,9,2,4,3,6,7,3,6,9,9,8,8,6,6,5,9,4,7,8,4,6,7,10,9,2,7,6,6,5,10,4,9,8,1,4,7,1,8,11,4,5,8,8,9,5,5,9,3,3,6,6,6,6,4,4,6,4,5,8,6,6,8,9,8,4,9,4,4,3,8,7,12,6,2,7,5,5,6,9,5,3,3,4,1,6,11,5,7,6,6,5,2,1,3,8,8,8,3,12,7,10,5,12,3,5,3,12,4,7,5,7,4,10,7,8,2,13,7,3,3,8,4,9,9,5,4,11,5,7,9,5,6,3,10,4,7,6,5,6,7,7,8,2,5,3,2,10,3,1,5,6,2,9,7,3,4,6,10,7,8,5,9,10,3,6,8,9,7,7,4,5,8,5,7,2,5,10,5,5,8,7,4,2,8,5,13,4,7,1,5,6,5,13,2,5,4,9,4,9,7,11,2,5,7,7,9,5,6,3,3,3,5,5,6,8,8,5,3,8,2,9,9,2,5,5,5,6,4,6,6,7,4,8,3,3,5,7,3,8,2,6,7,3,6,7,2,5,6,12,7,11,5,3,4,8,6,3,8,8,4,8,3,9,5,12,4,3,3,9,6,7,11,5,5,5,3,4,9,5,8,5,8,3,6,4,8,7,8,9,12,9,10,9,9,7,5,6,7,12,7,6,5,6,4,7,4,8,7,8,6,10,7,10,8,3,4,6,5,7,5,6,4,4,3,7,5,4,4,5,6,8,5,5,8,12,2,8,8,7,6,7,6,9,6,6,6,5,6,10,7,6,7,5,4,6,12,2,8,5,7,6,7,4,2,9,3,12,7,5,4,5,8,11,0,5,8,5,9,8,7,5,6,9,8,5,4,3,8,4,1,8,5,7,10,7,3,4,5,7,4,11,8,4,5,8,3,4,12,3,3,5,7,2,3,12,6,5,5,7,5,7,8,5,7,5,12,6,10,5,7,6,9,2,7,7,7,3,7,7,4,9,6,3,8,11,9,4,5,7,7,7,3,7,5,8,13,5,4,4,6,9,6,5,8,5,9,9,8,12,3,7,4,6,4,10,7,9,4,4,8,7,7,5,6,6,5,10,4,3,6,1,5,6,4,4,7,6,5,9,9,6,5,3,6,6,1,10,5,4,5,7,9,5,9,11,9,9,5,5,8,11,4,4,3,6,4,7,6,10,6,6,6,9,4,4,5,3,5,6,4,13,10,10,10,10,5,5,6,4,8,8,4,7,5,6,8,4,4,6,6,7,6,8,5,4,6,7,4,3,9,6,5,4,2,6,7,5,6,5,6,6,7,6,5,6,7,6,14,10,11,4,5,3,3,2,8,3,6,5,6,8,7,5,10,3,9,8,6,2,7,4,5,5,4,3,5,5,4,13,3,3,7,8,5,10,4,4,7,4,5,8,4,7,7,6,8,2,4,4,6,5,10,3,9,2,9,6,7,6,8,4,4,5,5,6,6,5,6,3,3,8,3,5,4,5,6,7,2,6,1,5,5,6,9,6,4,9,4,5,3,3,6,7,6,3,6,6,9,4,7,4,8,8,7,6,6,12,3,3,9,8,1,7,6,14,5,2,10,3,5,8,3,7,6,5,8,9,6,5,6,5,3,3,5,5,7,3,4,8,6,7,6.143,11.206945998001,1.07905400199899
8,4,8,2,9,9,6,11,10,5,4,10,3,7,14,6,9,2,7,8,3,12,1,6,7,7,2,5,6,9,4,5,8,9,6,9,8,5,3,4,5,10,8,11,6,7,3,8,5,4,5,11,6,4,11,7,8,4,9,7,8,4,10,7,9,9,6,5,8,6,4,6,8,7,6,7,3,4,12,5,8,5,5,7,7,6,4,5,2,3,2,8,5,8,8,6,8,6,7,2,3,2,4,6,7,10,8,3,11,9,12,12,5,7,9,5,6,6,10,7,8,6,9,8,8,5,11,4,3,4,8,16,7,3,6,4,4,2,6,1,5,3,12,6,5,3,5,6,8,5,6,5,2,9,6,5,6,6,3,7,7,4,4,4,9,6,8,8,8,9,9,9,6,11,7,9,7,5,11,3,5,6,6,6,9,5,11,4,6,6,5,6,3,5,4,10,9,9,5,9,13,5,4,8,5,4,4,7,8,3,6,6,8,2,4,7,5,7,4,8,9,8,6,7,6,10,2,7,6,11,1,8,5,3,7,11,5,2,5,3,8,5,6,10,10,6,4,5,4,10,1,7,5,10,4,8,5,6,6,3,8,10,5,6,9,5,6,5,6,7,9,4,5,9,13,12,6,3,4,7,9,2,3,3,2,6,2,8,7,5,3,10,3,5,9,8,7,6,7,2,4,5,3,8,8,4,6,7,8,5,6,10,9,7,3,6,7,9,6,3,3,6,6,7,3,4,6,7,8,8,10,7,5,11,8,7,5,6,3,5,9,5,3,7,7,6,5,7,3,10,3,6,5,7,6,6,4,5,9,5,5,5,6,7,5,10,3,9,4,5,12,9,3,7,7,8,6,5,10,7,7,2,6,10,2,4,10,4,5,3,4,7,5,5,6,7,2,6,9,3,5,4,5,3,5,7,5,8,3,6,6,5,10,5,4,5,6,3,5,4,3,1,2,5,7,11,9,7,8,6,4,8,8,5,11,7,4,3,5,7,1,12,10,7,5,6,7,8,7,4,2,6,11,10,3,7,1,3,8,6,7,8,8,5,9,6,4,4,4,6,5,7,10,10,5,5,6,5,9,6,4,3,7,6,7,10,3,7,8,3,2,2,8,7,11,6,10,6,5,4,4,3,7,1,6,11,1,6,5,2,7,5,5,1,6,6,9,7,3,6,9,7,4,4,5,5,3,5,4,8,2,4,9,12,4,5,8,15,12,8,4,8,9,7,8,5,7,4,7,14,5,6,3,3,7,5,4,8,7,6,4,1,9,7,6,4,4,2,8,8,6,4,3,6,5,6,9,4,6,7,10,11,6,3,6,8,4,8,6,6,8,9,9,6,3,9,5,6,9,11,1,5,9,7,5,8,9,9,10,11,6,3,9,2,3,9,3,9,7,6,3,6,4,2,3,4,6,5,9,6,8,6,11,6,4,7,4,7,6,8,5,10,4,1,4,8,5,5,7,9,6,6,12,7,6,4,13,7,4,4,2,16,3,4,7,5,5,7,5,2,7,5,7,7,5,8,6,9,5,6,9,7,13,6,6,6,8,5,11,6,6,4,12,7,6,6,7,1,6,5,7,7,5,7,5,3,5,7,3,5,4,6,8,9,7,3,3,5,3,10,4,11,2,5,7,9,7,6,7,6,5,4,7,7,7,9,7,9,1,10,3,4,7,4,1,5,7,4,6,3,4,6,10,6,6,7,9,3,8,7,1,6,6,7,9,5,8,7,12,6,3,5,6,12,10,6,8,6,5,5,9,6,6,4,8,10,1,6,6,5,8,8,8,9,5,7,8,8,5,6,5,7,3,6,8,5,5,7,6,6,3,7,9,5,2,4,3,10,1,9,5,4,5,4,3,7,7,9,4,15,7,12,11,5,5,10,3,4,12,5,8,5,7,2,7,8,6,4,3,7,3,3,5,3,7,12,7,4,8,3,6,7,3,4,7,3,4,5,7,9,3,5,5,6,7,6,5,6,8,7,2,4,5,5,7,6,5,4,4,4,1,5,8,3,4,3,3,7,5,1,7,8,6,6,7,4,5,4,7,5,5,12,5,4,5,7,3,7,6,4,2,8,5,8,7,5,6,5,9,4,13,11,4,9,5,5,6,5,5,6,4,7,5,5,8,7,3,2,4,3,5,6,3,5,4,4,4,6,7,3,6,4,4,3,7,7,9,6,7,3,5,6,6,4,7,9,1,8,6,4,6,3,6,7,7,8,9,5,8,7,6,1,6,8,8,5,3,9,5,5,6.105,11.079082815943,1.13091718405699
7,12,5,4,16,5,11,11,4,6,4,7,6,5,5,3,7,6,6,9,7,5,6,7,6,8,3,6,6,4,5,7,6,6,4,7,3,3,5,1,5,7,5,9,3,4,9,6,8,5,4,9,3,5,9,3,4,4,2,9,7,7,5,6,10,10,3,6,5,4,6,3,4,7,11,9,5,11,7,4,5,7,10,10,5,8,5,7,4,6,4,10,5,9,14,6,9,7,8,8,4,8,8,7,7,6,10,5,3,3,3,8,7,8,14,6,2,11,8,5,11,8,8,5,3,4,7,1,9,8,4,4,7,3,5,3,9,3,9,4,2,7,9,12,8,8,6,5,4,5,2,8,7,9,0,8,3,5,8,2,5,3,7,7,6,11,15,4,7,7,11,5,5,8,4,6,9,7,8,7,6,7,3,4,3,4,4,6,5,10,3,5,8,7,13,7,9,7,7,7,8,8,7,7,9,9,3,4,6,13,9,1,6,3,1,6,7,5,6,6,3,4,5,3,10,8,9,7,10,11,7,4,8,6,4,9,7,8,5,5,8,8,4,3,4,6,7,6,6,11,2,5,3,4,9,3,4,6,9,2,7,3,4,5,6,8,5,4,13,4,4,3,5,8,6,8,3,6,6,3,7,5,8,5,3,5,11,3,5,5,8,2,10,10,4,5,5,7,5,5,6,3,10,7,4,5,5,6,3,4,4,9,6,4,5,5,3,3,12,7,6,3,11,5,5,1,8,3,5,9,11,4,9,3,8,9,8,7,7,3,10,8,9,12,10,4,8,8,6,5,7,7,8,4,6,6,13,6,4,5,3,7,8,10,4,7,5,4,10,5,7,4,9,5,3,8,7,5,3,7,5,9,9,4,9,9,5,6,10,4,8,6,3,5,7,11,3,4,5,6,12,8,9,7,5,5,4,6,11,14,3,1,6,8,4,10,8,4,5,4,9,10,7,3,3,3,11,1,7,3,8,9,7,7,3,9,3,4,3,10,3,6,10,3,3,8,4,9,7,6,7,5,4,6,6,4,4,9,6,7,3,6,6,7,6,2,5,2,5,13,6,5,4,5,4,6,9,6,5,5,2,11,3,4,8,5,2,9,4,8,10,10,6,3,8,11,9,6,6,3,8,6,4,6,4,4,6,6,7,6,7,5,3,7,5,6,6,5,4,4,9,5,5,10,7,7,7,5,8,6,9,4,6,8,2,10,5,12,6,8,10,7,7,6,11,7,11,9,6,14,14,3,1,5,3,8,10,7,10,6,2,9,5,7,5,6,5,5,4,10,5,8,2,4,1,7,5,6,7,6,5,6,3,8,4,7,8,4,3,7,4,9,5,3,7,9,6,3,4,10,8,7,7,8,9,3,7,5,4,9,0,7,5,4,8,7,5,5,11,9,5,6,6,6,11,6,6,8,3,5,7,2,3,11,8,10,3,8,2,7,9,7,8,4,5,8,7,3,6,10,7,4,6,2,8,8,6,14,5,11,4,10,9,4,9,5,10,6,1,6,6,3,8,3,9,6,11,5,7,6,6,4,7,11,3,8,12,5,5,3,5,3,4,5,10,4,5,3,6,3,7,3,6,5,6,10,2,9,5,6,7,4,8,5,9,3,6,6,4,10,3,3,10,7,9,8,4,3,8,8,5,7,3,5,9,7,6,4,5,7,3,11,4,5,5,9,6,4,8,8,5,6,13,8,3,7,5,4,12,4,5,7,5,3,6,5,6,6,2,7,6,9,8,8,2,3,4,4,9,6,6,6,6,11,11,4,9,11,6,11,6,3,3,7,3,8,3,2,9,5,13,11,7,5,10,9,1,4,3,7,10,6,5,5,4,6,7,11,6,7,10,4,6,5,9,8,9,6,6,6,11,6,9,5,8,10,5,4,7,7,7,5,4,9,9,11,3,4,10,9,10,2,7,3,6,7,10,7,5,6,5,9,6,5,8,12,6,5,5,6,3,1,10,3,7,6,8,7,7,5,3,6,6,3,8,6,4,3,5,3,3,6,9,5,6,8,7,6,8,9,5,7,8,3,8,6,3,4,8,7,7,7,3,6,6,5,11,5,8,4,7,8,7,2,9,2,5,5,6,8,4,6,9,8,6,9,7,6,6,10,2,8,5,8,8,11,5,10,7,2,8,7,7,6,5,6,7,10,9,5,6,8,4,4,4,9,4,4,7,9,3,4,6,8,4,6,5,5,7,5,3,4,5,3,7,6,4,12,13,8,7,6,7,11,6,6,3,14,7,5,6.258,11.3472781108217,1.16872188917826
10,5,9,4,9,5,6,7,5,5,5,8,3,3,7,5,8,6,7,6,5,6,4,1,5,2,5,2,5,6,3,2,5,5,6,8,6,13,7,3,10,8,12,9,9,3,10,6,8,3,5,5,8,12,6,9,6,5,3,7,8,10,6,6,7,8,2,13,9,5,6,4,5,4,3,8,6,6,5,8,6,8,7,5,6,6,5,8,7,8,7,11,4,10,5,11,9,2,5,5,13,5,6,7,10,7,4,11,7,7,4,3,10,3,10,9,5,5,4,4,6,5,16,5,5,9,11,6,5,1,6,8,8,6,6,7,7,6,5,8,10,6,4,7,3,10,6,2,10,6,7,8,7,7,8,8,6,4,3,6,3,4,5,4,8,8,6,7,4,5,5,10,14,6,3,10,12,7,7,9,3,5,4,13,6,9,6,6,9,17,5,8,6,6,3,4,14,5,5,4,7,4,5,5,11,5,3,10,3,12,3,8,6,10,4,8,10,5,5,8,8,9,5,9,4,8,3,10,11,5,7,9,6,6,7,7,6,7,14,2,9,6,5,7,4,7,4,10,6,15,8,11,7,5,5,7,7,7,10,2,5,7,7,7,8,4,11,3,7,1,10,2,9,5,9,11,5,9,9,7,4,5,6,6,7,7,10,4,8,8,6,5,5,7,5,4,5,2,17,6,6,5,5,8,9,5,5,8,4,4,3,5,9,7,2,4,5,7,5,8,2,4,7,7,5,4,3,6,3,8,12,4,11,7,3,6,6,9,4,8,6,6,5,7,4,4,12,9,10,3,5,12,3,8,7,7,7,8,6,6,7,5,6,9,8,4,2,12,7,3,9,10,6,2,2,6,8,7,7,10,4,2,10,3,3,6,5,3,5,5,7,10,4,3,2,7,4,5,3,5,4,8,5,8,1,7,8,3,7,9,6,6,9,5,6,8,7,5,3,5,3,5,13,8,5,5,5,5,9,3,4,9,11,3,8,8,3,3,7,11,4,3,6,8,4,7,5,2,5,9,9,10,8,10,8,5,4,7,2,8,7,7,7,2,7,6,5,6,7,9,5,6,2,4,10,8,3,5,3,5,6,8,7,11,7,5,3,3,5,6,3,3,4,7,7,4,7,4,10,4,3,3,6,2,5,8,7,7,5,7,8,6,7,6,4,4,7,6,5,15,5,6,5,3,9,3,4,3,6,9,6,6,4,11,5,5,5,7,2,13,10,5,4,3,5,2,11,9,3,11,4,6,9,5,7,10,5,7,5,10,7,6,7,7,8,10,2,6,8,5,2,5,4,12,8,8,3,11,10,1,8,3,7,2,6,8,6,9,6,8,7,8,7,12,8,9,6,8,7,6,14,9,7,10,1,5,6,8,9,7,4,4,4,9,7,6,6,7,5,3,7,1,5,6,8,6,6,3,4,4,6,5,8,10,2,5,4,5,6,4,7,3,0,5,10,7,4,8,8,4,4,9,8,6,5,7,10,7,4,9,5,4,7,4,8,8,9,16,2,4,5,4,6,9,8,7,5,6,9,6,8,7,6,9,8,8,5,5,7,3,5,5,5,8,6,8,10,5,11,6,4,5,8,6,4,2,7,8,5,6,9,7,6,6,5,3,3,5,6,7,4,9,5,8,9,5,5,5,8,6,6,4,6,4,7,13,3,9,10,8,3,10,5,6,4,6,5,6,10,3,12,4,4,4,12,5,8,3,7,7,4,7,6,7,11,5,2,3,1,8,3,7,6,7,3,5,8,6,12,5,6,4,4,7,6,8,9,9,3,8,6,8,5,5,7,8,5,4,6,9,13,3,6,11,9,7,2,5,4,13,5,9,8,10,3,7,3,7,3,4,8,8,13,5,9,4,8,6,5,6,5,11,4,7,6,5,4,5,10,5,9,4,9,5,3,5,5,2,6,9,4,6,4,9,14,8,10,7,2,6,9,5,7,3,9,4,5,5,10,7,3,3,9,4,5,6,5,9,9,3,3,4,7,3,8,10,3,11,3,4,4,5,9,9,7,8,6,6,3,9,5,10,7,9,5,8,7,5,3,4,5,9,5,5,11,5,4,5,6,6,2,2,6,11,11,8,14,8,9,6,5,7,6,3,3,5,7,5,7,4,4,9,3,7,6,9,4,6,5,3,5,5,6,9,5,2,10,7,7,9,7,10,4,9,6,6,9,5,4,3,5,8,7,6,4,5,8,5,4,3,8,3,7,4,12,14,7,4,10,3,5,5,7,12,5,7,6,4,9,8,6.325,11.5085865353411,1.14141346465892
11,4,4,4,6,6,7,5,11,3,5,8,5,5,6,4,8,7,7,4,3,5,5,4,6,3,6,4,5,5,5,7,6,9,9,3,1,4,6,5,7,9,6,7,9,4,6,11,10,4,5,3,6,4,6,8,4,8,2,1,5,7,7,6,10,9,2,9,7,6,5,4,9,7,5,8,9,11,3,8,8,2,8,4,8,6,5,6,11,4,7,13,4,7,7,10,3,5,5,5,6,6,8,8,7,5,2,7,2,7,5,11,7,6,8,4,5,7,4,3,7,3,6,8,4,6,7,5,6,10,5,12,11,3,6,10,10,7,4,8,6,5,8,7,8,6,5,10,7,5,7,8,2,8,6,11,9,1,4,7,7,8,5,6,2,10,7,3,9,6,3,4,5,10,6,5,3,5,7,8,5,7,6,4,3,6,7,6,6,8,8,4,8,5,5,8,7,7,8,9,8,6,4,1,6,12,6,3,3,3,14,6,11,4,8,9,5,8,2,8,3,6,3,7,10,5,4,11,8,10,6,6,4,4,4,6,10,3,2,7,3,5,8,10,2,11,6,7,8,12,3,4,3,8,4,9,9,3,7,3,2,5,9,3,5,2,6,7,4,12,5,4,14,8,7,6,3,5,8,10,10,5,3,5,7,1,9,4,5,11,4,5,5,12,6,6,7,7,12,9,11,6,3,13,7,8,6,7,4,5,6,8,8,5,7,10,6,7,5,10,5,7,10,8,6,5,9,7,4,5,10,9,5,2,13,5,5,5,6,11,13,6,2,1,10,7,8,7,9,4,3,6,6,2,7,3,5,6,5,5,4,4,8,7,8,5,6,6,8,7,7,14,6,8,8,7,7,9,8,3,3,6,11,7,4,13,9,0,7,8,7,4,9,7,5,9,6,4,13,7,6,13,9,8,6,6,8,7,8,2,4,1,5,5,9,10,6,3,6,10,5,4,4,6,1,3,8,5,8,6,8,5,6,11,11,4,1,7,7,9,5,7,11,5,4,6,8,7,5,8,6,10,15,8,7,7,3,3,7,14,5,8,5,9,8,13,4,11,9,9,5,3,7,3,7,5,6,5,6,5,1,8,10,10,8,4,7,6,4,15,6,6,7,5,10,7,8,5,7,5,5,8,6,9,14,2,6,9,4,4,10,9,9,8,8,9,8,5,5,10,10,6,6,9,3,6,3,5,8,4,1,10,8,6,4,5,5,9,9,8,8,3,8,15,7,8,6,14,8,3,9,1,7,11,4,4,9,7,4,9,7,3,5,11,9,3,11,2,1,9,9,5,7,7,5,6,9,3,7,7,7,8,5,3,2,8,4,9,2,7,5,4,7,6,5,8,7,5,6,4,7,7,9,7,6,6,6,6,2,2,3,5,9,5,8,4,4,7,10,4,9,6,7,5,5,10,2,9,5,9,6,5,7,5,8,4,5,5,6,7,10,6,6,5,4,8,7,8,7,7,7,6,9,7,7,5,8,5,5,8,4,6,7,6,8,6,5,6,7,5,9,6,5,5,5,1,9,6,4,6,7,6,6,11,4,7,8,5,10,4,9,4,6,6,8,5,7,4,6,8,9,8,7,1,12,7,5,9,8,9,1,8,6,8,5,4,2,8,4,8,4,8,7,5,8,6,5,9,2,3,5,2,5,4,8,8,6,10,6,11,9,7,4,6,7,5,3,4,8,4,3,9,7,6,8,3,7,4,4,5,2,5,9,5,10,5,5,8,6,6,6,2,10,18,8,5,7,5,10,4,9,4,7,11,15,5,9,5,3,6,10,5,7,8,9,7,5,5,6,10,8,9,6,10,7,7,7,7,4,8,9,8,10,10,6,6,5,7,9,7,7,4,8,9,4,5,4,4,5,8,10,11,8,4,9,10,11,6,12,8,2,6,12,3,6,10,5,9,6,5,7,8,6,4,5,5,14,6,6,2,5,7,7,6,6,6,7,3,10,7,3,3,14,5,6,6,8,5,10,7,2,6,4,4,3,4,4,4,3,7,2,1,5,9,9,8,11,5,4,3,10,6,6,5,10,9,5,11,2,8,2,7,4,7,9,5,10,6,7,4,9,8,8,6,4,5,6,9,11,3,6,5,3,8,12,4,5,8,7,11,6,8,6,3,4,11,7,6,6,3,2,7,6,4,6,1,6,7,8,5,5,8,2,5,5,8,5,5,7,6,5,4,3,10,6,9,10,7,5,2,1,4,8,5,9,5,6,6,10,1,9,8,4,2,3,10,9,11,4,5,6.408,11.5760440959204,1.23995590407963
11,7,9,4,11,7,6,9,4,5,4,9,8,8,4,5,10,6,5,8,10,9,7,6,6,6,2,5,2,6,5,1,8,6,9,7,6,5,9,6,3,9,7,3,4,4,7,2,7,5,9,3,5,6,8,2,8,8,7,3,3,10,6,3,6,7,8,10,7,3,3,7,5,9,9,4,5,6,12,6,6,9,6,6,11,4,5,5,10,9,7,5,6,3,6,10,9,4,7,11,5,4,6,7,7,7,8,11,7,3,11,11,4,8,6,10,4,10,10,9,6,11,10,4,4,9,9,8,4,8,3,11,7,8,8,4,4,6,5,9,5,7,7,5,6,6,5,7,4,10,11,15,4,8,9,6,2,12,8,4,7,8,4,6,7,10,11,4,2,10,6,8,5,13,1,7,4,9,8,3,4,4,9,4,4,12,8,5,8,4,9,5,7,5,10,3,5,4,6,6,9,7,6,6,7,7,6,9,6,5,10,7,2,10,7,7,7,5,4,7,12,6,11,3,5,6,7,6,7,6,6,4,6,7,6,3,7,7,5,10,10,4,0,4,5,9,5,5,6,7,6,5,10,3,6,6,2,12,9,8,7,1,4,5,3,3,7,5,5,5,6,5,4,7,3,5,7,7,5,3,11,7,6,7,8,4,9,4,3,4,5,5,4,6,4,5,8,3,9,5,6,8,4,6,4,3,6,6,7,5,2,6,10,6,9,8,4,7,4,6,3,4,3,7,8,4,7,5,9,7,10,5,8,5,4,8,7,5,8,8,11,2,8,5,8,8,4,5,10,5,6,8,3,7,6,5,6,12,1,5,2,4,10,4,8,4,1,4,6,8,8,8,9,2,9,12,3,7,5,4,5,12,5,10,7,7,6,1,5,1,5,8,9,8,6,7,4,6,9,8,10,9,7,5,2,4,6,8,7,5,5,10,3,2,7,8,5,4,8,3,6,7,9,4,7,7,10,7,8,7,3,12,8,5,8,9,2,3,5,7,5,8,14,5,5,7,7,10,8,8,5,3,6,4,9,2,7,3,4,9,2,5,6,3,2,4,7,7,10,5,10,3,5,7,8,6,7,5,7,5,6,9,9,9,4,4,1,10,4,7,4,11,7,5,3,3,1,1,5,4,4,4,6,4,3,6,2,3,3,5,6,5,9,2,3,3,4,8,6,5,12,4,4,8,3,4,6,6,5,4,10,8,6,13,1,14,4,10,8,4,12,5,7,4,10,1,8,5,7,8,4,6,4,2,6,4,14,12,9,4,5,5,6,7,2,7,8,9,6,7,6,6,2,6,6,9,6,6,6,7,7,7,2,4,3,5,5,6,9,7,10,14,6,7,7,7,6,5,11,5,11,7,6,4,5,8,7,6,4,8,9,4,6,1,5,8,4,9,11,7,9,9,5,7,3,4,4,5,9,7,5,2,3,5,5,6,4,6,5,6,12,15,2,4,9,5,5,7,9,7,2,5,4,5,1,6,7,11,2,5,2,10,4,4,8,6,9,10,1,5,5,6,10,11,2,2,6,7,7,4,10,7,8,5,2,1,6,2,7,9,9,8,9,7,10,8,8,4,3,8,6,3,7,6,3,5,3,9,4,9,6,6,3,6,5,2,8,8,4,5,3,6,8,5,5,6,2,4,7,5,13,3,8,5,3,14,8,9,5,10,5,5,3,8,8,6,5,6,9,4,5,4,7,5,9,12,8,10,11,3,6,9,7,4,12,6,9,8,8,10,6,3,3,3,6,6,11,3,9,5,14,8,7,11,9,7,3,7,5,11,8,8,7,5,8,9,7,6,5,4,3,6,5,10,4,4,1,4,5,12,9,6,7,4,3,7,2,6,3,8,3,2,6,4,4,7,7,4,6,4,7,6,7,4,8,11,3,4,12,6,7,7,4,4,5,6,5,8,6,6,11,7,5,4,8,10,8,8,10,6,7,5,4,3,5,2,6,2,3,5,4,9,7,8,9,10,7,6,6,5,3,5,4,2,2,12,3,5,2,4,11,7,4,7,11,5,5,5,12,8,6,4,8,5,6,7,5,6,7,9,7,7,9,4,5,7,5,4,10,5,3,6,7,6,6,3,6,7,11,9,4,7,3,1,8,4,8,2,7,5,5,4,11,6,9,4,7,4,7,4,9,4,9,7,4,6,9,4,5,5,2,4,6,3,8,6,3,4,11,8,2,5,9,7,11,6,4,6,6,9,2,4,3,6,6,15,8,4,7,4,4,7,7,6,8,3,5,7,4,5,6.2,11.3293798589827,1.07062014101727
8,7,5,3,3,3,6,6,3,5,5,8,5,6,8,3,13,2,4,9,4,8,7,8,5,4,4,8,7,3,7,4,6,4,7,5,2,5,6,7,5,7,9,7,6,6,8,12,4,5,7,10,7,2,7,8,6,5,6,5,4,9,7,5,11,9,2,4,8,5,7,7,4,6,7,6,6,5,4,8,5,9,6,9,6,5,10,5,1,4,6,11,10,4,11,9,5,3,6,4,10,3,8,8,8,4,8,9,11,8,7,5,6,5,10,5,7,6,5,5,7,5,11,3,4,7,10,3,4,2,5,11,7,6,7,4,5,3,6,8,6,4,6,5,9,5,6,4,8,5,4,6,3,8,4,6,6,5,8,7,6,7,9,8,5,9,5,10,7,5,5,6,5,11,5,11,8,3,11,6,5,3,7,9,4,6,6,7,5,4,10,12,9,11,7,8,14,4,9,5,5,4,4,10,12,5,6,4,6,6,7,7,7,5,7,10,2,6,4,2,3,1,6,6,7,8,4,13,5,7,7,3,3,3,4,7,1,11,9,7,8,6,2,6,8,6,6,13,5,10,4,4,9,7,11,7,8,9,5,4,11,4,3,3,6,4,5,7,6,2,5,7,3,6,12,7,2,5,10,6,3,10,5,3,6,4,11,2,6,6,5,8,3,4,6,4,6,2,4,2,4,4,9,11,8,12,9,8,6,6,5,13,8,9,4,4,6,9,6,2,4,4,7,7,6,7,9,8,9,11,8,5,6,3,9,9,5,3,3,12,7,6,4,10,9,6,6,12,7,6,4,3,4,7,5,8,5,7,10,4,7,6,4,3,6,13,5,8,8,6,5,4,7,7,5,5,1,2,5,8,10,3,5,6,4,6,5,5,10,8,9,5,8,3,7,14,5,5,5,4,5,6,3,6,1,7,9,6,7,7,2,2,5,6,7,8,5,4,5,0,11,5,5,3,4,5,8,5,9,7,6,10,6,5,4,12,3,4,8,2,5,10,11,8,9,10,2,5,1,10,4,7,9,6,5,2,8,6,7,4,3,5,6,10,7,6,8,7,6,3,6,9,4,10,7,6,4,4,6,2,3,10,9,5,4,2,5,9,8,5,4,4,5,7,7,7,6,4,9,4,5,8,5,4,3,8,4,3,8,5,6,5,8,13,3,6,6,6,4,8,10,4,5,14,4,7,6,5,6,7,10,7,3,8,4,10,7,12,8,7,10,9,3,5,4,8,10,11,11,8,13,9,11,1,6,10,8,13,3,8,5,11,3,11,10,10,4,12,5,9,8,6,7,5,4,7,9,10,7,5,13,3,8,6,4,4,7,9,2,6,6,12,13,11,5,6,3,5,8,10,3,6,5,8,7,8,7,6,3,6,5,2,5,1,8,9,7,6,12,7,7,3,3,6,10,5,4,5,1,5,5,7,7,8,5,3,5,3,7,6,7,5,5,4,10,6,10,7,7,3,6,5,8,6,5,5,6,8,9,4,6,8,6,3,10,6,8,9,3,8,8,4,6,6,9,9,10,11,0,4,6,4,6,7,3,4,8,4,4,4,9,3,10,8,5,10,12,5,12,3,3,9,10,4,6,9,8,13,4,4,5,6,5,6,11,6,6,6,3,9,6,7,2,5,11,4,7,6,7,10,6,7,5,4,11,7,4,4,6,4,5,4,7,8,6,6,5,5,6,2,11,8,6,4,7,4,6,5,3,10,7,10,7,6,5,7,6,8,8,6,9,6,4,7,2,6,5,2,6,3,7,5,4,10,9,7,5,10,10,8,7,6,6,3,5,7,3,4,1,6,8,10,7,9,5,11,2,2,7,12,8,9,7,8,5,6,10,9,7,16,3,5,9,5,7,7,14,8,8,7,8,12,6,4,3,5,9,5,8,6,2,3,4,6,6,7,5,4,6,5,7,2,8,7,8,10,7,3,5,6,7,7,5,5,5,10,5,9,9,7,9,8,10,4,3,8,10,11,5,13,5,7,7,4,5,3,4,3,8,10,7,8,8,13,5,4,8,9,2,8,6,9,14,2,8,7,6,4,7,6,6,10,10,7,6,7,10,4,10,6,10,3,5,6,7,3,6,7,5,6,5,3,5,7,3,2,1,12,6,6,3,5,1,6,6,12,8,5,6,2,7,11,2,3,3,3,10,8,8,6,6,5,4,7,7,14,7,6,3,6,7,11,10,8,7,8,5,6,10,5,4,5,9,3,6,10,2,7,10,7,4,5,5,9,4,9,5,12,9,5,6.358,11.541015650066,1.17498434993402
8,4,6,3,7,6,9,5,6,7,5,8,5,8,7,5,11,6,3,8,4,3,5,4,3,7,6,5,4,7,9,7,8,3,5,9,8,0,3,2,5,12,9,11,6,1,6,9,12,7,7,4,6,4,7,7,11,1,4,7,6,3,4,6,10,12,6,6,7,10,7,2,7,12,7,14,14,8,8,7,4,7,5,14,4,4,2,6,2,2,9,9,9,5,12,12,9,3,6,7,8,6,3,7,7,2,10,11,6,4,8,6,8,8,7,4,6,7,6,6,9,6,4,3,2,8,9,7,9,4,7,14,6,9,7,7,5,8,7,6,7,4,6,14,7,6,4,5,7,6,8,7,6,7,8,6,7,6,4,3,6,5,5,7,8,5,8,6,2,11,2,4,6,4,3,2,8,6,10,4,5,2,1,8,3,10,4,2,5,6,8,6,5,7,12,10,4,3,11,6,6,7,5,6,6,5,2,4,7,6,4,1,10,5,4,9,5,6,7,7,6,5,6,9,4,8,10,7,9,7,6,3,5,8,10,5,6,5,6,6,2,11,7,4,9,5,4,6,5,12,3,1,7,11,7,9,6,4,4,2,9,3,4,8,9,9,11,1,8,5,6,10,6,11,11,10,6,11,3,9,3,7,3,5,6,4,9,4,8,4,4,6,8,8,8,7,7,1,8,3,7,4,8,9,11,7,4,3,2,1,6,7,5,8,3,8,8,9,9,8,5,7,3,3,3,4,6,8,7,5,9,9,10,3,8,6,5,7,6,12,9,6,6,4,6,8,8,9,9,7,10,12,6,7,5,5,6,5,5,6,11,5,4,4,13,3,2,11,2,3,6,3,10,7,6,2,5,7,8,13,5,6,2,14,5,6,6,6,9,4,5,8,13,9,6,7,4,6,5,3,7,6,5,4,6,2,7,6,8,6,8,2,10,10,7,9,7,8,8,7,2,10,11,1,7,5,8,4,15,13,9,13,5,7,6,9,6,5,4,8,3,9,10,5,6,3,3,2,5,5,7,12,6,10,5,4,3,2,2,4,7,4,5,5,4,3,6,4,4,10,6,5,9,1,3,5,7,5,4,6,3,4,4,6,13,7,5,9,6,11,10,8,4,8,8,7,10,6,2,7,5,5,8,3,4,5,6,5,4,3,5,5,8,8,3,5,6,8,4,5,7,3,5,11,10,7,4,6,7,9,6,4,9,9,4,10,5,8,2,6,11,5,5,6,5,2,6,4,3,11,7,7,3,7,9,5,6,6,9,9,9,5,7,8,8,3,5,8,5,8,1,8,6,6,8,11,6,11,6,7,5,14,5,6,3,13,7,6,6,6,9,8,8,6,7,10,8,8,8,5,5,7,6,3,3,7,5,10,4,7,9,9,5,7,8,5,4,5,7,6,10,3,1,3,7,13,4,7,5,5,7,10,7,6,3,5,5,4,5,8,5,6,4,5,7,8,7,8,6,5,6,7,9,7,8,5,15,4,4,14,6,6,8,9,9,6,6,11,5,6,5,6,7,5,2,5,6,2,7,7,5,5,7,10,8,11,10,9,9,5,4,4,7,10,4,6,4,3,13,7,11,4,9,5,7,7,7,6,9,5,5,5,9,6,5,6,6,8,7,8,10,4,5,6,8,7,3,10,3,8,6,11,3,4,5,10,1,8,3,9,8,10,6,5,5,7,9,7,3,3,5,5,4,7,7,2,10,7,5,6,5,5,5,6,8,3,5,6,4,10,2,8,6,4,4,6,4,5,8,3,6,3,5,11,6,10,4,8,2,3,6,3,1,8,6,9,3,5,6,6,4,7,2,13,4,3,5,4,3,9,5,4,8,8,5,4,2,9,3,10,1,3,6,2,5,6,8,8,10,9,5,7,5,4,5,5,6,8,4,3,5,4,9,6,7,6,6,6,7,7,5,9,12,5,12,8,14,5,6,7,6,11,7,5,6,12,4,2,10,3,5,5,1,5,5,11,8,6,8,3,4,8,7,4,4,4,7,2,4,9,6,7,8,10,7,9,10,6,7,8,6,6,8,6,4,4,3,4,9,1,5,5,3,5,13,7,6,9,7,3,4,5,11,7,8,5,11,8,9,5,7,4,5,3,4,5,9,6,11,8,6,14,10,6,6,5,2,7,5,3,4,3,8,4,7,4,4,10,5,9,8,5,5,3,6,6,10,7,4,5,5,7,8,3,10,5,6,2,3,7,2,6,7,5,5,5,5,6,10,3,3,11,7,12,11,13,6,14,8,14,6.327,11.5976518500584,1.05634814994158
11,6,3,5,7,4,9,6,9,7,9,2,4,7,6,9,11,4,1,6,6,5,9,5,5,6,6,6,4,4,4,5,12,10,5,7,8,6,5,2,9,16,7,5,6,7,9,5,7,3,11,4,7,5,9,7,3,8,6,5,9,8,6,7,2,10,4,8,9,8,11,6,7,7,5,9,8,4,3,10,3,8,3,10,10,2,7,6,4,5,5,9,9,10,7,5,6,4,8,10,7,5,9,4,8,9,7,10,3,8,6,4,8,7,4,4,2,6,3,6,5,5,8,8,3,1,7,5,3,6,5,7,6,8,2,7,12,11,8,8,7,4,6,9,4,11,10,6,7,13,2,9,3,7,7,5,5,7,6,2,5,4,1,4,7,7,8,4,10,12,6,10,6,9,3,8,11,6,6,5,8,5,5,9,4,8,2,5,9,6,8,8,7,6,8,11,9,4,4,5,12,7,8,7,11,7,6,6,3,9,8,10,7,4,8,10,11,9,4,6,14,4,5,5,6,8,3,7,10,8,4,3,5,5,7,4,6,6,12,4,3,6,7,6,8,10,5,6,10,10,6,5,3,3,7,6,11,5,6,7,5,4,11,9,4,5,8,7,3,5,7,7,5,3,4,5,5,8,6,5,6,4,1,2,7,3,15,6,1,4,6,4,4,5,4,7,6,4,11,8,7,6,10,7,9,11,8,4,6,1,3,7,7,6,9,10,9,4,4,4,3,8,6,4,7,6,6,9,8,8,11,8,11,6,5,7,6,3,7,7,8,7,2,5,10,6,7,8,5,11,4,12,6,7,9,8,15,7,7,8,7,8,7,3,6,7,8,5,9,7,10,6,6,5,4,7,8,4,8,9,7,7,6,6,5,7,8,3,6,3,7,7,10,11,8,6,5,4,5,9,9,8,8,4,6,4,4,4,11,7,6,4,2,2,5,5,6,7,3,7,9,2,9,11,6,5,12,3,8,9,6,9,7,8,6,7,3,6,7,7,4,8,9,1,9,7,12,9,8,6,11,11,13,9,3,2,6,5,6,9,4,6,8,4,3,13,9,6,10,9,9,4,5,4,4,7,6,4,12,3,8,7,4,5,4,2,3,9,8,9,2,5,5,8,4,5,8,7,5,6,5,4,10,6,8,2,10,1,7,7,6,7,7,3,1,7,3,5,4,7,14,5,4,9,6,9,6,5,3,13,11,8,3,4,4,11,5,5,8,11,4,6,7,5,3,5,8,8,8,7,5,5,12,6,3,8,6,10,11,8,5,4,2,12,6,6,5,7,5,9,8,7,6,3,3,4,3,9,10,8,5,16,7,8,7,9,7,4,5,6,11,6,4,7,5,3,6,7,6,4,8,9,11,7,9,7,6,9,4,9,3,1,6,4,3,8,9,5,7,6,5,5,7,4,5,5,10,10,8,6,4,4,7,6,5,6,5,5,5,6,8,5,3,2,7,14,5,9,8,7,5,11,5,6,4,7,4,8,4,4,6,8,2,8,4,5,4,5,7,5,6,2,5,6,7,3,4,7,2,4,5,5,10,13,4,7,6,5,6,11,10,0,5,2,8,5,7,6,8,4,7,4,7,4,11,10,8,11,10,7,15,8,5,8,3,7,4,8,7,10,11,9,5,7,6,4,7,7,4,12,3,3,6,5,4,5,6,7,5,6,2,9,4,4,7,8,4,5,14,6,6,6,6,4,2,8,5,6,7,6,10,10,7,9,6,3,8,7,3,8,5,10,8,10,5,8,6,8,9,3,6,4,5,11,8,6,6,9,3,9,10,8,4,4,9,7,9,3,9,13,8,7,9,6,8,9,7,8,8,6,6,9,5,5,8,6,5,8,7,8,9,4,6,10,7,4,5,8,6,8,9,8,6,5,6,9,8,5,6,8,2,4,12,8,8,6,1,9,3,12,3,7,9,9,9,6,8,2,9,3,5,9,8,1,4,6,6,3,4,7,13,8,6,6,1,5,6,8,7,10,5,8,11,4,3,3,5,5,7,9,4,4,11,6,8,12,11,8,7,8,7,8,9,6,8,1,3,5,7,9,1,8,4,6,9,4,12,1,6,5,4,7,7,6,8,4,8,6,7,6,5,6,5,8,3,2,6,6,0,5,9,4,9,4,5,6,5,4,10,5,2,9,13,13,7,5,6,2,3,8,5,6,2,3,6,8,6,3,3,7,7,7,6,8,4,4,14,4,7,8,6,2,6,4,6,9,7,7,9,7,4,9,11,10,4,7,9,11,5,7,6.47,11.6214855686067,1.31851443139325
9,7,7,2,7,8,10,4,8,2,6,7,7,6,3,2,4,3,5,7,7,5,8,7,4,7,5,5,5,3,5,3,5,2,7,9,3,6,6,3,7,9,8,4,9,8,15,6,10,5,6,1,7,9,6,3,8,9,6,13,1,10,8,7,9,12,7,10,8,5,7,9,4,11,7,6,7,8,5,5,6,7,12,8,8,8,3,2,13,5,10,10,4,7,9,14,7,4,6,7,9,5,7,3,13,5,7,6,5,10,9,9,6,8,8,5,8,3,7,8,8,10,4,5,6,11,10,9,4,10,5,12,13,3,4,8,7,3,4,8,9,8,3,4,5,7,7,7,6,12,13,6,4,6,1,9,4,4,4,5,6,6,8,5,6,9,6,3,5,5,8,8,3,7,2,5,8,7,9,3,6,6,4,3,5,11,5,4,5,10,4,4,5,5,2,6,8,8,4,4,4,8,4,5,9,4,9,2,7,3,7,2,7,7,7,5,2,7,5,4,11,4,4,9,7,10,4,10,12,10,3,3,8,5,9,4,6,6,4,4,10,2,8,3,5,10,4,8,5,11,5,6,9,6,9,3,8,11,9,1,8,3,7,9,7,2,6,7,11,6,9,3,6,5,7,6,2,13,7,8,3,6,4,4,4,5,5,6,12,5,3,7,7,6,7,6,11,2,14,6,7,6,4,6,3,9,6,6,4,6,5,9,5,7,2,8,5,5,6,6,5,4,9,9,10,4,8,4,5,8,9,4,7,6,6,6,4,5,4,11,6,7,4,2,11,4,6,10,7,11,6,6,4,5,13,11,4,7,5,11,10,7,2,7,9,7,9,6,5,3,2,12,5,3,7,7,6,8,6,6,10,5,4,5,7,5,8,5,6,9,6,4,11,4,8,7,6,5,11,5,4,7,11,6,3,10,4,5,3,2,8,2,5,5,3,14,3,4,2,3,8,5,9,7,6,4,7,3,9,7,7,6,13,6,12,9,2,7,2,6,2,7,8,6,5,7,4,6,8,8,9,10,12,6,9,3,8,7,6,8,5,7,7,3,4,8,9,10,7,6,7,5,10,6,7,6,2,3,3,7,10,10,9,5,4,6,3,5,8,9,8,4,9,4,7,4,9,4,5,5,1,6,4,5,6,11,8,6,2,2,5,8,6,3,6,4,4,6,7,7,8,4,7,10,3,6,7,5,8,6,6,11,3,8,4,5,4,9,6,6,9,7,3,7,6,5,8,13,12,11,6,6,10,4,3,5,6,5,9,3,8,3,3,1,7,3,5,13,3,9,6,7,6,6,4,5,7,5,7,6,11,5,4,3,4,5,5,12,5,5,7,8,5,10,7,5,4,2,7,8,9,10,7,10,6,4,6,7,5,3,6,6,4,3,5,15,6,7,1,7,10,4,4,6,6,3,6,7,8,9,9,10,9,9,9,6,5,2,7,8,10,3,4,7,6,2,1,10,3,4,6,12,5,11,6,12,8,6,7,8,5,8,5,5,12,6,7,5,7,5,5,8,8,2,10,6,11,1,4,7,4,10,5,9,4,14,1,3,6,5,6,10,7,3,7,5,5,5,8,3,5,11,10,3,6,6,8,9,5,5,2,7,6,7,10,6,9,5,6,18,4,2,13,4,7,3,5,5,2,6,8,2,7,4,13,9,4,12,7,9,5,7,6,6,3,8,5,4,7,3,5,3,4,7,11,9,7,7,3,7,6,7,7,6,7,8,3,4,6,7,6,7,5,13,4,7,8,8,12,7,7,7,7,8,8,5,6,7,4,4,11,4,8,5,7,8,6,7,9,4,10,6,3,7,9,1,6,4,4,6,4,7,10,6,7,8,5,10,6,3,4,2,9,2,8,8,4,9,5,8,3,9,6,7,2,9,6,8,12,4,12,3,6,11,6,7,4,10,9,7,8,6,7,5,10,6,5,3,10,2,9,6,5,5,4,5,6,2,11,5,6,5,8,6,4,12,2,3,7,6,4,6,7,7,6,5,6,6,4,8,7,7,5,7,5,8,5,6,5,5,2,6,20,2,7,4,7,5,3,10,5,13,8,5,8,8,7,3,9,11,5,4,10,2,9,2,7,4,11,6,9,4,5,5,14,4,9,8,4,10,5,7,3,7,8,10,5,2,5,5,4,2,13,8,6,8,8,8,5,6,5,5,5,7,11,4,2,3,4,7,7,4,3,5,8,11,9,9,4,2,6,3,6,8,13,8,5,6,6,5,8,4,4,7,7,8,6,8,4,6,6.368,11.6751892202011,1.06081077979888
5,6,5,4,9,3,10,4,6,2,4,8,5,4,6,7,7,4,7,8,8,9,5,4,3,7,5,3,3,7,2,10,4,3,9,7,6,5,5,3,7,10,8,9,3,2,5,3,5,4,7,8,6,4,4,8,4,8,7,6,5,7,8,2,6,8,5,9,7,10,9,3,9,6,6,6,11,9,5,5,8,2,4,7,6,10,5,7,4,6,6,12,8,8,7,10,5,3,2,8,5,3,8,4,7,10,6,7,9,7,7,6,5,10,6,8,9,7,9,8,5,8,12,6,3,10,8,4,8,6,7,8,7,10,11,8,2,6,9,13,8,6,5,7,7,8,7,6,4,5,7,10,2,6,7,3,3,6,5,7,7,7,4,7,9,6,7,7,5,11,7,7,12,7,0,5,8,2,13,4,1,7,6,10,4,6,3,4,5,3,10,6,12,15,9,7,7,6,9,8,5,4,2,7,6,8,9,9,5,7,11,9,12,3,9,8,7,9,0,7,6,11,7,6,6,7,8,8,4,6,5,2,4,4,1,5,5,6,3,4,6,6,4,8,8,7,1,9,10,7,6,5,6,6,10,7,4,5,3,7,2,6,5,6,5,10,7,5,2,2,8,6,4,6,11,7,7,6,6,9,5,6,5,4,8,4,10,5,7,7,6,5,4,5,7,7,11,3,3,4,6,4,5,6,8,5,4,9,10,5,3,9,6,6,10,3,9,5,11,3,8,7,7,6,7,6,3,6,10,8,7,5,6,7,10,3,8,7,4,10,12,4,7,10,7,6,5,6,6,8,12,1,3,8,5,5,7,6,1,3,8,3,9,2,6,5,3,4,7,10,2,12,4,9,2,3,4,9,6,12,9,7,7,5,4,9,3,8,8,4,10,8,12,7,8,2,2,6,7,6,5,4,10,8,5,5,4,5,8,6,4,4,6,4,7,9,5,6,6,3,5,4,6,5,5,4,6,9,15,7,4,7,9,7,12,8,3,4,13,10,4,10,10,9,8,7,6,6,6,9,9,8,11,7,8,5,5,5,9,8,6,8,8,7,4,4,10,5,8,7,5,5,2,4,4,8,10,8,10,6,8,7,10,4,6,4,4,10,3,3,10,7,8,10,7,9,11,2,2,7,8,9,4,5,5,9,1,6,9,2,4,4,14,3,7,8,6,5,6,3,6,7,7,10,6,2,10,7,6,6,7,9,6,11,9,5,5,6,4,5,8,5,6,7,9,4,5,5,4,7,6,4,10,5,7,11,8,4,7,16,8,2,6,7,1,8,2,9,6,6,9,3,4,10,6,7,4,11,6,4,7,7,9,5,5,7,6,11,2,11,11,8,5,8,14,10,2,9,5,8,2,7,3,7,6,14,2,10,3,9,4,5,4,6,5,4,6,7,8,4,3,4,2,6,6,6,7,6,5,7,3,7,8,10,4,4,6,3,5,5,11,9,3,6,7,8,5,5,5,6,6,7,14,3,8,3,2,7,9,9,9,10,5,3,7,2,2,9,2,6,7,5,10,9,4,6,7,5,1,5,7,8,7,9,4,7,7,4,5,9,10,5,12,8,1,7,12,9,12,5,10,5,3,5,8,3,7,10,4,5,12,6,5,5,6,7,7,4,7,12,8,4,3,5,8,4,9,4,10,6,8,6,5,3,8,8,6,15,3,10,7,1,6,7,3,5,5,14,8,2,8,3,5,4,9,2,5,5,4,11,3,7,2,4,7,8,8,2,3,10,8,2,6,5,7,9,5,3,8,6,7,10,3,6,5,7,6,6,5,4,13,8,6,4,4,11,10,5,4,8,8,4,5,6,1,9,1,4,9,9,9,6,11,5,6,7,7,15,10,7,5,5,7,5,7,10,7,10,9,8,10,11,8,8,5,9,11,7,5,3,3,9,4,5,6,9,4,3,3,13,9,4,11,8,4,13,8,5,12,4,7,6,11,7,4,11,3,1,10,2,1,8,6,5,2,12,9,6,9,4,3,8,11,4,4,6,2,3,9,6,6,3,10,7,8,7,5,7,7,4,2,8,6,6,9,8,4,5,7,5,4,8,7,7,6,5,10,10,7,6,5,7,5,4,5,3,6,11,4,7,6,2,6,1,8,4,6,8,9,6,5,7,8,5,5,9,4,6,6,6,8,12,6,10,4,5,2,4,4,4,7,4,5,7,7,9,5,5,4,13,5,9,3,5,8,7,5,6,3,6,8,3,7,3,10,11,4,7,9,3,5,4,2,7,5,11,6,9,8,5,6.381,11.6120200413565,1.14997995864352
5,4,6,4,4,6,8,5,4,6,5,8,11,7,2,9,12,4,5,6,4,6,5,7,6,7,10,6,7,6,6,6,2,6,8,11,8,4,7,10,10,9,6,9,4,7,9,7,5,7,6,9,4,8,5,11,9,8,5,10,3,8,3,5,7,8,7,8,11,4,7,8,10,6,7,12,5,9,6,6,9,13,7,13,5,7,6,10,5,8,5,11,15,5,10,13,4,5,5,4,7,3,8,7,7,6,8,11,8,4,5,5,13,4,6,3,7,4,8,6,7,8,4,8,5,11,9,5,4,5,3,7,5,8,8,4,4,5,6,9,8,4,2,7,8,10,6,6,8,13,11,12,4,5,12,8,10,5,6,6,4,11,8,4,9,10,5,8,4,4,6,3,3,7,4,4,6,6,10,7,11,5,5,6,8,8,3,6,7,5,8,7,6,4,7,7,9,4,10,6,12,5,7,10,13,13,10,10,5,8,6,6,7,10,4,12,7,10,7,4,12,8,4,10,7,7,6,7,7,7,9,3,7,5,4,7,7,6,6,5,6,4,6,6,8,5,6,7,9,11,5,7,8,6,8,5,12,6,6,4,5,5,3,6,2,5,10,6,9,5,4,5,4,13,7,7,5,6,7,7,6,8,5,6,4,7,7,5,6,6,1,5,6,5,8,9,6,4,7,6,6,9,5,6,9,12,7,5,6,5,5,11,10,11,6,9,6,12,10,7,2,10,3,9,7,3,5,2,3,6,7,6,10,4,5,7,7,5,6,9,9,6,5,6,9,6,7,11,10,12,9,8,8,9,9,5,13,2,9,3,10,4,7,5,7,11,6,11,4,6,7,7,6,8,9,5,3,9,5,5,11,4,6,9,7,9,9,8,7,10,3,4,7,10,6,9,6,7,4,7,8,5,9,1,9,8,8,3,8,6,8,6,3,7,10,6,6,5,3,7,5,5,5,3,8,3,5,11,11,12,2,11,6,4,13,8,3,2,6,5,6,6,14,8,8,3,8,4,8,7,9,13,9,7,6,4,8,9,4,10,8,8,4,7,6,6,4,6,7,7,5,6,6,7,9,10,10,6,4,4,7,8,11,9,10,6,6,9,4,9,7,8,8,9,1,10,10,4,3,9,3,2,7,3,6,8,7,6,8,8,3,5,3,8,8,9,8,4,5,10,12,5,11,10,4,9,5,8,10,7,3,8,4,6,8,13,11,13,8,6,5,3,1,11,7,7,9,9,7,4,7,4,5,8,6,9,9,7,8,4,8,10,5,12,8,7,6,11,7,7,5,5,9,3,8,7,6,8,8,2,11,8,9,5,4,8,2,6,5,13,6,8,10,10,5,7,2,5,9,1,5,9,3,7,5,8,8,8,2,9,7,8,7,5,8,2,8,14,12,9,8,7,3,6,5,14,8,6,7,5,8,7,6,9,6,9,7,2,4,9,6,7,5,5,13,9,6,11,4,8,5,3,7,13,10,5,8,7,7,9,5,11,6,7,5,7,5,10,6,8,11,7,5,8,4,3,4,3,3,4,6,8,8,10,8,6,6,6,4,4,5,6,9,5,7,6,8,5,6,3,7,5,10,6,3,8,9,7,3,6,11,3,8,9,5,3,4,4,8,4,7,2,3,6,6,12,4,5,2,7,5,9,4,6,4,7,4,11,1,2,5,8,5,7,5,10,5,8,10,4,4,5,6,4,6,4,6,9,5,10,4,14,4,5,6,2,1,8,3,9,5,11,9,7,8,3,4,1,7,6,10,6,1,7,10,4,6,9,3,2,3,5,5,1,5,7,5,3,8,9,5,9,3,7,8,2,4,6,7,7,6,11,8,5,5,6,4,1,1,9,9,2,12,5,9,3,12,13,12,3,10,4,5,6,4,8,10,4,11,7,5,2,8,4,9,11,4,3,12,6,8,6,3,3,8,9,9,2,5,9,5,5,9,3,5,3,8,9,12,4,8,7,5,5,4,9,3,8,12,4,9,9,6,4,1,6,5,5,4,5,6,4,9,7,8,7,9,4,5,8,1,12,13,5,6,8,5,4,8,8,4,9,5,7,7,9,7,10,7,4,5,9,5,5,9,2,6,4,6,8,8,4,4,8,8,11,7,5,4,1,12,10,7,3,9,8,2,10,6,2,4,10,4,12,4,2,8,6,5,6,7,0,6,4,6,4,9,1,8,7,5,9,9,7,5,6,11,10,4,11,4,8,2,6,14,10,4,5,13,3,2,8,6,2,8,6,6,9,7,4,6.653,11.9209224550664,1.38507754493362
9,3,10,10,7,5,5,7,7,4,5,6,10,6,5,3,6,8,3,2,5,9,6,8,3,9,4,8,6,6,8,6,8,6,10,6,4,5,1,5,10,13,4,4,6,2,6,8,10,6,13,7,7,5,7,5,5,5,2,9,9,7,6,5,9,9,8,12,8,12,9,7,4,7,7,4,14,5,6,11,3,8,4,9,11,10,5,9,5,4,8,14,8,7,10,9,5,5,5,4,1,5,8,1,7,9,8,11,8,7,6,5,6,7,7,5,9,5,6,2,5,7,10,2,5,13,6,4,6,4,4,14,6,8,7,10,3,13,7,8,4,2,7,8,12,7,6,7,6,8,8,9,6,4,6,9,6,7,9,5,3,3,10,7,3,4,5,10,5,11,9,6,8,9,3,4,5,9,5,4,5,5,10,6,6,10,3,5,9,7,5,9,6,8,11,7,4,6,6,7,7,13,8,5,7,6,8,3,6,9,6,6,6,7,6,14,9,6,11,3,12,5,1,7,6,11,4,8,6,7,9,3,5,10,11,6,5,2,8,2,6,7,1,9,9,4,7,7,9,10,8,1,5,2,8,4,4,6,8,5,5,8,6,10,6,5,8,4,3,9,7,10,6,6,4,7,1,13,6,11,8,5,6,7,5,4,12,4,5,6,7,8,4,10,4,9,4,8,4,6,2,4,3,4,14,4,1,8,5,7,9,6,8,10,9,6,4,5,8,5,6,7,7,7,2,4,6,9,6,11,5,3,5,4,7,8,4,6,10,6,10,8,4,9,7,6,5,14,7,5,10,3,13,8,7,9,8,7,5,3,7,6,4,7,9,9,8,6,6,6,6,4,8,11,6,6,13,5,10,3,5,7,4,7,7,8,7,6,8,5,8,8,9,9,9,7,7,6,6,3,9,7,8,7,9,7,6,7,7,7,5,6,2,6,5,7,7,4,8,3,9,5,4,9,6,7,7,6,5,8,7,10,7,12,14,3,3,1,7,5,4,12,7,8,3,7,4,8,7,11,4,11,14,5,5,3,7,6,12,12,3,3,6,5,2,3,3,7,10,6,5,10,7,8,4,5,4,5,7,2,1,7,3,5,9,7,5,11,6,9,9,5,3,7,6,3,5,8,2,7,8,2,2,7,1,6,7,12,7,6,9,5,4,6,4,5,7,7,8,5,7,4,6,15,3,6,8,5,4,8,4,8,3,3,2,8,7,5,6,11,13,3,6,9,5,7,11,10,3,11,4,6,9,4,6,7,4,12,15,6,9,5,6,4,5,4,6,9,0,9,6,8,5,2,11,13,5,6,5,5,9,6,9,3,2,6,4,11,7,3,9,8,5,7,6,4,5,2,7,10,4,6,8,6,8,5,6,6,7,6,8,5,6,6,6,6,3,2,12,4,6,4,5,7,4,8,10,6,11,7,9,6,10,3,7,11,5,3,7,12,3,4,4,8,3,9,8,12,9,9,8,2,7,9,7,7,6,5,4,5,6,12,1,6,6,6,8,2,7,6,12,5,9,8,8,5,4,7,6,7,7,4,9,12,7,9,4,4,9,4,6,4,9,5,5,8,9,4,4,6,11,7,12,3,10,2,4,6,4,8,4,6,5,3,9,10,2,4,4,7,9,5,5,7,5,2,4,9,4,11,8,10,7,5,8,7,5,8,6,12,7,4,5,4,9,1,11,7,2,7,5,6,7,7,8,6,2,8,7,4,8,9,9,5,6,8,3,4,4,8,5,9,7,7,3,7,9,6,6,7,6,6,6,7,6,6,9,10,5,5,5,6,5,11,8,7,3,7,9,11,5,7,7,6,7,7,4,6,6,9,3,3,9,3,7,7,6,8,9,6,6,8,5,5,3,4,4,16,4,8,7,9,3,4,7,4,4,11,7,3,7,4,4,10,7,4,5,8,2,7,5,6,5,5,7,11,8,5,5,6,6,8,9,1,3,7,2,3,7,5,12,9,4,3,10,9,5,8,4,4,6,7,7,0,6,0,12,6,11,2,9,2,10,8,7,11,9,5,5,5,3,6,16,3,8,2,8,3,8,5,5,6,5,8,6,5,11,4,3,8,6,4,4,5,4,4,8,4,10,5,8,11,4,6,4,6,5,6,3,3,8,6,7,10,9,5,7,5,6,6,12,9,4,12,5,4,2,6,5,8,5,3,7,8,6,4,7,7,5,6,2,12,3,8,3,7,8,4,6,8,4,4,2,5,10,14,9,6,5,6,5,8,7,13,5,8,11,9,9,10,6.482,11.7597988671872,1.20420113281282
11,4,3,7,11,6,7,4,3,1,11,6,11,7,10,7,10,6,5,6,6,10,5,5,5,11,6,3,3,2,7,7,2,4,6,8,2,3,5,6,5,16,3,5,11,11,11,8,11,2,3,7,7,6,4,9,10,7,4,8,8,9,7,9,4,5,4,5,6,5,7,6,9,11,6,8,14,5,4,4,9,5,1,5,4,8,1,5,7,5,6,7,6,5,10,12,10,5,4,1,3,4,11,8,7,7,3,9,13,12,10,9,3,6,1,9,4,6,2,6,10,6,5,10,5,4,11,9,8,9,6,9,8,14,11,7,9,4,3,12,7,11,7,11,9,9,10,5,8,8,6,5,9,3,8,9,5,8,5,3,4,7,10,9,8,6,8,5,6,10,5,13,4,6,5,9,9,7,9,5,7,7,10,6,4,10,5,4,3,5,4,4,5,12,3,10,5,5,4,1,11,6,4,8,12,5,6,8,7,11,10,6,8,5,8,3,6,6,3,5,9,4,2,11,7,4,4,5,9,13,7,7,8,7,6,4,3,4,2,4,7,2,10,11,6,5,7,7,8,8,4,6,9,7,11,9,8,6,7,5,10,6,11,7,5,7,10,4,8,6,5,5,6,5,4,10,5,10,11,5,4,4,2,9,6,6,8,3,9,4,5,5,3,4,8,6,6,4,14,4,9,13,5,4,10,3,5,8,7,6,0,7,7,5,6,4,7,5,4,1,3,11,5,5,7,4,8,9,9,11,6,4,10,7,6,7,5,4,4,6,7,8,5,5,8,8,10,5,6,7,9,14,10,6,10,7,8,6,3,5,5,6,8,4,7,11,4,5,4,4,6,7,14,4,2,8,9,10,6,10,7,8,10,8,3,3,7,6,9,5,7,8,9,11,8,6,7,6,4,4,7,9,2,5,6,8,6,9,7,10,8,2,4,6,7,2,7,7,10,7,4,7,7,9,6,8,8,6,8,4,7,10,6,6,6,7,7,6,9,13,10,9,5,6,12,5,6,11,7,2,14,10,11,7,9,3,5,7,7,8,14,3,9,6,4,7,11,12,9,8,5,8,5,3,6,8,8,0,9,3,8,5,8,4,4,5,4,6,9,9,8,7,4,9,8,5,6,14,3,9,10,9,4,3,3,8,5,8,8,8,5,9,7,6,4,6,8,5,8,7,5,5,10,9,5,4,7,3,9,5,10,3,7,9,4,4,6,10,6,4,7,7,7,10,6,3,9,11,5,5,8,5,7,7,9,7,9,5,7,5,6,7,6,9,10,5,5,9,4,7,4,4,6,4,6,6,7,6,7,8,4,6,3,4,4,7,10,6,5,11,10,7,9,6,9,4,4,7,8,5,7,5,3,4,2,7,5,7,4,5,4,5,3,3,4,11,6,12,4,7,7,2,2,3,8,5,6,8,10,5,2,3,9,7,3,6,4,4,3,5,6,8,6,4,9,7,3,2,6,8,3,8,11,5,5,8,6,5,6,2,6,11,9,4,6,4,5,6,7,5,7,6,8,6,5,5,10,6,2,7,11,6,7,4,7,11,3,7,6,5,11,3,6,6,13,3,6,4,7,4,4,8,8,7,11,5,8,8,10,3,8,8,5,6,4,2,5,5,3,12,6,7,6,3,9,4,4,5,4,7,5,6,9,8,6,6,4,5,8,6,7,5,4,8,5,9,5,5,4,2,9,1,8,3,4,7,2,8,6,8,5,3,7,9,11,7,4,4,10,8,4,14,6,6,8,9,5,5,9,7,3,3,5,11,8,6,6,10,3,5,9,4,9,5,3,3,3,8,6,4,8,5,4,3,7,7,6,6,11,10,5,3,8,7,2,3,8,4,9,11,6,3,5,7,8,6,7,9,9,7,4,8,3,10,10,9,10,10,7,4,7,4,3,10,11,4,5,9,7,4,7,4,4,12,11,8,8,2,9,4,6,3,11,5,10,7,8,11,11,10,7,8,7,6,8,7,10,7,7,7,4,11,7,6,5,5,5,2,7,9,7,4,3,8,6,5,6,1,3,3,5,5,13,5,14,12,3,8,10,9,5,7,6,5,7,13,6,4,9,6,5,1,6,5,19,3,6,6,7,6,11,4,5,5,7,3,11,9,6,2,5,5,9,7,5,10,3,8,4,7,4,3,3,11,6,5,4,7,2,5,3,2,5,11,7,13,3,4,8,9,10,6,7,4,2,8,5,8,3,11,3,6,10,5,10,12,5,3,7,4,2,11,5,5,8,11,8,7,4,11,6.528,11.8462780923404,1.20972190765964
8,3,12,6,6,3,9,8,9,2,4,9,3,10,1,9,11,4,6,2,2,4,6,8,6,5,4,5,7,5,6,8,8,8,8,5,5,8,6,7,6,11,7,11,5,7,9,7,5,10,6,7,9,8,6,7,6,6,7,10,3,7,7,5,7,11,5,7,10,9,10,6,7,6,5,10,7,7,5,8,5,14,6,6,6,11,7,3,4,5,8,6,7,9,7,4,6,4,8,5,6,3,4,8,9,6,6,7,6,7,7,3,5,6,12,3,9,4,9,5,7,10,5,5,4,4,8,7,8,3,4,6,8,9,8,14,6,10,8,11,11,3,3,2,7,9,9,7,9,10,7,5,4,14,5,8,2,5,5,6,7,11,5,8,4,7,8,3,5,6,11,6,8,12,3,2,8,9,10,4,5,3,7,10,6,7,2,7,4,4,11,4,3,9,5,6,8,7,12,7,5,6,10,12,5,4,4,11,10,5,5,7,12,6,8,9,6,8,5,5,7,5,10,8,8,11,7,6,4,5,5,1,5,3,4,6,4,7,7,2,8,6,7,6,9,9,3,9,8,6,3,3,8,6,6,12,4,6,5,5,5,6,4,7,3,6,7,3,6,4,7,7,8,4,3,5,5,14,8,6,8,3,4,6,8,8,4,4,5,7,4,2,1,8,7,7,5,8,11,9,1,11,11,3,7,13,10,6,5,4,5,4,8,3,4,6,11,8,8,6,7,11,5,0,11,6,3,5,6,6,5,6,1,5,8,6,6,3,5,6,7,10,7,8,4,1,5,9,12,10,6,10,2,8,12,8,5,5,4,6,9,4,9,2,2,5,7,5,7,5,0,5,6,6,3,4,6,10,8,5,8,6,10,6,9,6,4,4,7,5,8,8,6,5,8,8,3,8,4,6,6,6,5,6,5,14,7,4,3,7,6,4,5,4,9,6,8,5,6,3,7,3,6,4,2,5,10,8,10,8,4,11,9,8,7,13,6,7,6,6,3,7,4,8,7,8,3,7,7,9,8,9,6,11,9,4,11,3,7,7,7,2,7,6,8,4,9,4,9,7,9,4,10,8,8,9,3,6,7,8,7,9,9,3,10,5,7,12,5,6,4,10,7,7,7,10,13,5,4,2,4,7,6,8,7,11,8,2,9,6,7,5,11,6,8,5,10,5,4,6,4,8,7,5,4,4,9,6,4,9,7,5,4,4,7,6,5,5,6,3,8,6,11,10,8,8,6,7,9,15,5,5,6,5,7,6,11,9,1,8,6,2,6,9,6,4,7,8,9,7,6,13,10,6,4,5,6,3,4,4,10,6,2,9,5,7,4,10,7,8,11,7,10,5,3,6,6,7,8,7,6,11,6,6,9,11,5,9,4,8,3,6,4,8,5,9,6,5,3,9,3,6,3,7,10,7,10,5,7,7,4,10,5,5,5,4,3,8,6,7,5,5,4,1,11,9,7,8,3,0,3,8,5,11,6,3,7,2,7,7,7,15,6,5,5,6,3,7,9,11,7,5,4,8,6,3,9,6,9,4,10,7,6,6,2,9,7,7,6,4,7,7,6,4,2,6,10,2,6,5,10,6,7,3,7,8,6,11,6,5,9,12,5,4,5,6,4,6,4,6,6,5,2,3,10,4,8,6,5,10,9,7,7,9,8,8,2,12,5,11,6,5,7,7,2,7,4,13,9,6,8,6,5,6,10,9,15,11,6,4,6,14,3,6,6,7,7,7,4,11,5,2,11,7,3,9,10,3,13,6,1,6,3,6,9,5,5,5,6,6,11,11,8,7,6,10,7,6,10,8,10,6,5,4,3,5,7,4,8,6,8,6,5,6,8,8,7,8,6,4,7,1,7,6,3,7,9,8,10,3,6,6,5,6,8,7,4,7,6,5,7,7,8,7,5,7,7,4,6,5,6,10,7,4,12,11,7,8,11,6,13,4,5,4,4,11,7,3,5,5,5,8,8,8,6,6,5,8,4,2,5,7,10,4,2,5,6,3,13,8,4,7,17,2,6,5,10,11,10,10,6,10,8,3,2,8,5,1,8,5,7,8,7,7,3,11,14,6,6,8,4,5,10,5,10,2,7,7,8,8,6,4,5,9,7,7,8,13,10,7,7,3,7,3,8,5,3,8,10,3,7,7,7,14,4,7,2,7,3,5,9,4,4,6,10,10,6,11,5,8,1,9,4,10,5,2,8,8,4,6,9,6,7,4,11,10,4,8,7,7,3,4,3,6,1,6,8,10,7,9,6.535,11.7079671978111,1.36203280218889
8,15,3,6,9,3,5,7,7,5,4,10,6,7,10,12,11,7,4,5,6,12,1,8,9,8,12,2,4,10,4,12,6,8,11,7,7,2,4,4,9,8,7,5,7,10,5,3,7,4,7,5,5,8,4,6,6,11,2,10,4,4,10,7,6,9,4,11,5,7,11,7,5,8,12,9,7,6,9,4,7,6,5,15,11,4,5,12,10,9,5,13,7,8,7,8,4,4,6,6,7,10,8,5,8,5,7,10,3,5,5,3,8,11,8,4,9,4,2,2,9,9,9,10,6,6,15,5,7,1,5,8,11,8,10,7,5,8,8,8,7,10,4,8,10,7,5,6,6,10,8,8,9,4,4,4,8,2,6,7,3,6,7,8,11,8,9,10,7,6,2,5,10,6,4,7,12,5,8,5,3,7,7,5,7,7,6,7,6,2,5,10,7,5,5,2,6,8,6,3,4,8,3,9,8,3,5,4,5,8,6,2,12,1,9,4,11,5,9,6,7,8,8,9,4,6,3,8,4,4,4,7,4,3,6,3,9,7,2,4,6,3,8,10,2,6,6,8,13,4,6,7,7,8,5,7,5,6,2,7,8,10,3,11,6,2,3,4,6,7,9,4,5,6,5,11,6,10,5,5,11,5,4,5,5,3,8,6,10,1,3,5,3,7,9,10,4,1,3,3,10,10,11,7,3,11,3,7,10,7,7,8,8,7,6,3,9,10,8,5,10,7,5,6,8,6,5,9,11,12,2,13,6,4,5,4,9,6,3,6,13,6,6,5,8,6,11,4,4,10,6,6,5,7,14,8,7,1,10,5,8,2,7,6,6,7,8,7,9,5,4,4,10,10,7,8,4,6,8,7,5,4,6,6,8,6,11,6,5,3,2,9,6,8,11,11,6,2,6,7,6,4,5,8,15,4,6,7,6,6,4,5,5,2,3,7,8,6,6,6,5,9,10,6,4,7,7,5,6,9,10,12,11,5,7,11,5,4,5,6,7,11,10,6,5,2,9,7,14,9,11,15,7,3,6,5,5,5,6,17,4,13,6,5,6,10,5,7,6,5,12,9,6,5,6,10,9,9,7,1,6,6,3,3,8,6,6,14,6,5,5,6,8,10,5,7,8,6,4,5,10,6,4,5,7,11,6,3,10,7,6,8,2,4,13,8,4,3,5,11,5,6,10,12,8,7,8,4,6,3,4,7,6,7,4,4,4,5,4,4,3,4,4,6,7,7,7,9,10,11,9,7,5,4,6,8,5,6,3,7,4,4,7,6,8,8,6,5,7,2,7,9,4,8,7,3,6,6,12,7,8,1,6,5,8,5,3,6,5,6,5,3,5,11,4,9,2,6,8,10,6,7,3,5,5,5,6,12,9,5,4,4,6,6,6,10,9,3,6,6,5,8,7,3,8,4,5,7,5,6,14,4,9,12,6,4,4,7,1,4,7,7,5,4,9,3,6,12,2,7,9,7,8,13,5,6,10,6,10,6,4,5,4,4,9,7,4,4,11,7,7,11,10,9,9,4,3,2,0,5,2,8,6,9,5,3,10,7,5,6,7,4,13,5,4,8,6,12,11,3,12,7,7,7,9,11,6,9,4,4,7,5,5,9,5,7,6,6,5,9,5,2,5,9,10,5,9,5,5,8,5,6,9,6,9,9,7,11,4,6,8,6,9,5,7,4,5,9,5,6,6,4,4,8,13,5,8,3,6,5,4,13,2,8,6,6,10,2,6,10,5,9,8,9,7,4,9,9,7,5,13,5,7,9,9,3,5,15,6,6,6,3,6,5,4,7,9,9,7,8,8,8,8,12,7,11,6,8,5,8,6,9,10,4,6,8,8,2,8,2,9,1,8,5,6,6,5,10,10,7,5,8,7,11,6,9,13,10,5,4,10,5,5,2,5,4,3,3,5,6,4,4,6,8,6,4,11,6,4,5,7,7,8,3,6,8,6,9,14,7,4,5,3,4,5,8,8,8,2,4,11,7,4,6,4,4,4,4,11,8,8,6,4,9,9,14,3,8,3,12,2,8,10,3,9,11,8,5,11,9,8,10,7,7,3,6,7,11,2,11,5,5,4,4,8,3,10,3,9,7,6,5,4,9,7,8,7,11,8,5,9,5,5,2,5,15,2,6,9,3,5,9,4,7,6,7,9,9,4,6,4,4,11,12,4,8,10,4,4,10,6,9,2,7,5,6,7,9,6,7,8,3,11,3,8,13,6,7,5,5,2,8,5,9,6,13,6,6,12,6,6.627,12.0351384963401,1.21886150365991
8,5,4,6,9,6,12,2,6,4,4,10,10,6,8,6,13,3,9,6,7,12,8,7,3,9,7,2,5,8,2,5,2,7,7,7,6,6,5,8,2,7,5,4,7,8,7,3,3,5,8,8,4,5,5,11,10,5,7,10,8,11,4,6,6,6,6,7,8,4,6,4,6,4,2,11,10,6,4,9,11,5,2,9,12,7,10,6,2,4,7,4,8,6,10,7,8,6,7,3,8,6,10,8,16,8,4,10,7,3,4,9,8,11,9,7,5,8,10,7,2,7,3,4,6,9,10,10,5,5,7,11,4,5,8,4,4,7,7,7,7,1,12,8,12,8,6,7,6,5,8,10,4,5,7,4,3,5,8,3,1,8,6,8,5,5,9,4,7,10,9,8,5,7,5,5,8,6,9,7,7,7,5,0,3,9,6,7,13,4,8,5,6,9,6,9,10,4,7,6,10,6,11,8,9,12,6,5,5,8,5,3,9,6,5,4,5,5,4,3,6,7,1,13,8,9,5,9,14,7,10,7,9,7,5,6,8,1,2,4,6,3,7,5,9,4,10,8,7,9,5,6,7,4,9,11,9,4,3,5,3,4,12,6,5,5,4,3,14,6,9,7,7,14,10,7,4,8,13,4,9,10,7,2,5,1,9,8,7,6,6,10,6,5,6,6,6,6,10,12,2,8,4,5,5,4,8,9,7,3,9,6,3,7,9,6,8,2,9,5,6,4,4,8,8,5,8,7,4,6,6,7,3,14,7,3,8,7,3,4,7,9,6,8,10,8,8,9,7,11,10,4,8,7,10,6,8,4,6,4,6,5,8,6,7,9,6,3,3,4,4,9,6,9,6,6,5,11,6,7,9,6,4,3,5,9,6,8,8,6,8,7,8,10,10,9,4,5,5,7,10,8,13,6,7,2,5,6,11,7,7,6,7,11,7,6,6,9,9,3,7,3,2,8,3,6,5,10,10,7,5,4,11,3,11,6,5,7,10,3,4,7,6,2,2,7,11,7,6,14,13,6,12,6,4,4,9,3,2,8,9,6,9,7,4,5,4,9,8,5,6,3,9,5,3,8,6,6,7,5,7,8,12,2,7,8,6,12,8,6,1,6,5,8,8,6,9,8,4,11,9,4,8,3,4,8,8,7,6,4,6,4,7,7,9,8,10,7,7,7,11,10,11,9,5,4,9,6,8,7,6,5,7,7,10,14,6,5,4,6,6,6,7,8,9,6,10,7,4,9,5,6,10,10,9,11,6,5,9,8,5,9,4,3,1,7,5,9,10,5,3,3,10,10,2,7,11,6,5,8,10,6,7,5,4,6,8,9,6,6,8,11,7,9,7,9,0,5,9,4,5,4,3,7,5,10,4,14,12,4,6,7,9,7,4,4,3,8,11,7,6,3,5,9,5,8,8,5,4,6,11,9,4,2,11,8,3,3,6,11,7,7,6,5,4,7,7,4,9,9,5,8,8,12,5,4,5,5,6,8,7,9,7,3,8,9,8,7,9,8,8,2,10,8,8,6,9,6,5,5,9,8,11,9,6,7,6,8,3,5,5,0,11,5,4,7,9,6,4,5,11,5,5,3,3,6,6,7,6,8,6,3,4,7,6,3,7,6,3,8,10,5,5,9,7,5,6,6,3,5,10,6,5,7,5,5,5,7,7,5,7,5,5,9,5,12,6,5,11,1,5,10,4,6,12,3,7,7,5,5,8,4,7,6,10,13,2,6,5,7,7,8,13,6,9,8,5,4,7,7,13,4,4,7,6,5,8,6,5,8,10,2,7,5,3,8,7,6,13,5,3,12,5,8,7,7,1,7,7,6,5,8,5,7,12,8,5,8,5,5,5,11,6,6,4,5,7,15,8,5,5,13,5,11,6,4,4,10,6,11,6,6,4,7,8,7,5,3,10,4,3,10,4,10,9,8,6,2,8,4,2,4,7,7,3,3,4,2,6,6,8,5,4,10,4,10,9,5,7,6,11,9,9,5,6,6,7,7,8,8,5,7,10,7,9,6,10,13,5,3,5,8,10,4,5,2,6,5,8,6,3,4,10,5,5,10,7,10,3,7,4,2,7,4,14,0,7,5,6,1,2,7,3,8,11,7,6,5,11,4,8,11,8,5,4,3,6,8,8,4,6,7,11,13,6,8,3,6,5,7,7,1,4,6,8,5,8,2,6,6,4,15,5,11,5,6,6,3,10,5,6,5,6,9,10,11,8,3,4,5,4,7,4,11,11,10,10,11,5,6,6.629,11.8510143784337,1.40698562156626
13,5,7,5,7,4,7,7,9,4,6,5,11,9,4,1,4,3,5,3,7,8,5,5,9,11,5,3,5,8,13,5,1,5,14,8,5,4,7,7,7,10,10,8,2,14,15,4,5,6,4,9,7,8,4,9,3,5,4,6,6,4,3,9,7,4,4,10,9,11,5,8,5,9,10,7,9,6,8,6,5,6,4,7,6,6,4,7,7,5,5,8,6,4,13,13,4,4,11,10,7,5,11,8,16,7,5,10,10,9,5,2,11,3,4,5,3,6,2,7,6,6,8,4,10,10,12,5,3,5,8,9,11,6,5,8,0,6,9,7,3,8,6,10,10,6,4,2,6,8,8,10,9,4,7,10,2,6,2,8,7,8,6,6,7,2,7,5,6,8,9,2,8,5,6,6,4,7,8,5,4,12,6,7,7,4,6,9,4,3,6,3,6,7,7,7,6,3,7,9,8,5,3,11,9,3,6,11,8,4,8,9,9,4,8,5,12,6,8,5,7,5,7,4,8,8,5,7,9,9,7,3,11,6,6,5,6,7,4,6,8,2,4,8,9,6,5,9,5,13,4,6,9,6,6,3,8,7,9,10,4,7,2,5,7,9,7,3,4,4,5,9,2,4,2,7,5,10,8,8,6,5,0,7,8,8,7,4,4,4,11,8,7,5,11,8,5,3,5,9,8,4,4,6,9,8,5,6,2,5,8,5,11,8,6,6,6,7,3,6,4,5,4,9,7,7,5,10,5,8,8,4,9,6,7,9,4,8,6,8,9,5,1,13,5,7,3,9,8,4,13,11,7,5,10,8,8,9,10,10,13,5,6,5,8,2,12,5,10,6,5,3,6,5,3,5,6,5,8,5,4,6,5,2,6,5,13,9,5,5,7,2,10,7,5,14,9,10,5,8,6,4,4,5,5,5,9,3,9,4,6,5,5,6,10,4,6,3,5,1,5,8,4,7,4,3,8,10,4,12,6,9,9,7,9,6,6,4,9,7,9,6,9,13,3,4,4,5,8,9,7,7,9,7,10,3,8,8,6,6,5,12,13,6,8,8,6,9,6,10,9,8,4,7,3,3,3,6,6,4,4,3,7,13,2,7,5,11,12,12,6,12,5,9,4,10,8,13,1,5,9,3,1,3,5,10,4,6,3,7,11,6,7,3,6,7,4,9,8,6,6,4,6,4,9,6,7,9,5,12,4,6,4,6,4,4,5,10,4,3,7,9,4,10,7,9,6,6,6,6,8,6,5,5,7,8,5,5,4,8,6,5,9,6,7,5,5,6,3,7,8,4,7,8,11,5,9,6,3,8,11,6,5,4,2,9,5,6,4,8,8,2,11,10,6,3,2,5,9,5,3,4,6,4,6,8,5,2,7,6,9,4,4,9,5,9,3,4,9,8,7,3,6,7,5,10,5,7,4,11,5,1,8,4,5,6,6,5,4,8,7,4,5,5,5,8,7,7,4,2,6,13,8,8,2,9,10,5,4,6,6,12,2,7,9,6,3,6,6,6,5,13,9,3,7,4,4,3,5,3,9,7,7,8,7,8,5,6,2,3,8,10,9,3,6,12,3,5,8,5,8,2,12,1,7,7,11,6,8,6,12,9,5,5,4,3,3,3,3,7,5,4,2,3,5,5,7,6,6,7,5,2,6,6,6,7,5,9,6,7,8,5,9,3,5,6,11,10,9,5,6,3,1,7,6,3,6,15,9,7,8,7,7,5,9,5,7,13,9,10,5,9,7,5,5,9,3,5,4,3,8,5,4,10,5,2,11,7,5,6,9,6,11,4,8,6,2,5,4,3,5,2,1,4,3,8,5,5,7,6,6,5,5,2,2,5,9,6,3,5,10,6,7,4,5,4,10,11,7,8,4,5,2,10,11,10,8,10,6,3,8,7,8,7,4,4,6,7,4,10,12,9,6,6,8,6,6,6,9,9,7,6,12,8,9,6,4,4,9,5,7,4,6,10,6,6,8,3,6,5,6,5,5,8,4,7,7,5,5,6,4,6,8,4,7,4,6,9,7,7,1,6,8,9,5,10,7,3,7,5,9,7,4,6,7,4,8,8,6,6,5,8,13,9,7,6,8,6,5,5,9,7,5,3,10,11,7,4,11,2,7,9,7,7,7,5,2,7,4,7,7,5,8,10,4,5,5,7,4,7,7,4,10,10,5,7,3,7,4,12,6,7,6,8,3,7,8,10,4,2,7,10,9,3,12,9,6,4,8,4,3,7,4,8,2,8,5,2,4,5,6.415,11.5693493631454,1.26065063685459
2,5,12,5,4,3,10,8,2,3,5,8,10,6,3,10,10,7,7,6,9,8,6,12,3,9,9,6,5,5,7,7,6,5,6,3,6,6,7,1,6,4,6,7,8,11,7,7,3,13,8,3,9,10,2,6,6,10,8,7,6,10,8,6,7,9,6,11,9,1,4,11,12,9,4,9,9,7,4,5,12,7,6,10,3,8,5,11,6,7,6,8,2,9,9,7,3,6,4,4,8,9,7,9,2,8,4,9,7,7,10,8,9,10,7,7,6,6,3,5,2,8,5,8,6,5,10,5,17,5,5,7,6,5,9,10,11,7,11,12,7,5,7,4,14,5,9,5,10,13,8,7,12,8,8,8,7,6,6,7,7,6,10,1,6,7,4,5,6,4,9,6,5,8,4,7,7,9,11,7,9,7,10,4,6,4,5,5,4,7,6,11,7,13,5,4,8,11,8,5,6,3,6,10,9,7,6,6,7,9,4,6,9,9,7,11,9,5,6,5,5,10,5,7,5,6,3,5,10,10,6,3,5,8,8,1,7,7,10,5,6,3,12,9,6,12,8,6,9,8,8,4,7,4,12,8,4,9,3,8,5,2,8,7,6,3,5,7,9,4,5,3,2,4,3,5,7,12,11,7,10,5,7,4,1,3,9,1,5,3,4,6,4,9,4,10,9,6,9,9,7,8,5,2,8,5,2,10,12,1,4,7,9,7,5,2,4,1,6,5,2,9,6,2,11,7,9,5,6,7,4,6,8,11,10,9,3,6,7,9,8,7,4,7,2,5,10,4,10,7,5,7,5,6,4,10,8,6,5,6,10,10,6,4,6,12,9,8,5,2,3,6,14,3,6,9,4,5,7,10,8,8,11,9,4,8,5,8,4,8,6,4,5,10,8,3,6,5,3,4,8,7,6,9,5,8,4,7,10,6,9,4,6,3,4,4,11,6,7,5,11,5,6,7,3,8,4,8,8,4,5,18,11,6,7,8,5,6,8,5,3,6,5,7,8,8,6,5,6,9,15,11,6,4,7,3,11,7,4,8,6,4,3,5,4,11,8,8,4,11,4,8,8,4,8,7,12,2,8,5,7,7,7,5,8,4,5,7,6,5,6,5,7,5,6,8,10,10,7,10,7,5,8,7,6,8,8,7,5,5,9,10,9,4,9,3,5,7,8,8,7,5,9,10,8,5,6,7,9,4,5,4,5,5,6,11,12,9,5,8,7,5,9,10,11,11,10,6,2,15,6,8,8,6,5,3,8,6,8,6,3,7,7,9,7,11,5,6,5,4,3,6,5,1,8,7,6,7,8,12,7,4,4,9,6,7,2,11,6,7,8,11,10,7,7,9,3,5,8,9,3,9,9,3,5,8,4,7,7,4,6,2,4,3,4,8,7,3,5,7,2,7,8,16,6,7,6,2,6,11,2,6,9,6,5,6,6,6,8,13,5,7,9,8,8,11,3,7,4,4,7,7,11,4,7,6,8,5,13,11,4,8,2,7,5,7,7,4,9,7,3,7,6,5,6,6,2,9,4,5,8,6,5,4,5,7,7,4,3,3,7,3,8,1,12,9,4,8,9,2,5,13,12,7,11,3,10,9,5,5,6,5,2,1,6,3,6,2,9,8,7,4,1,5,10,8,3,6,4,6,7,5,10,10,9,10,4,10,6,7,7,4,7,9,7,2,6,4,6,7,4,12,8,12,7,6,2,3,3,6,6,6,4,6,5,8,5,5,9,8,3,7,8,11,7,8,5,6,12,10,6,7,5,10,6,7,7,7,7,5,6,4,6,2,7,7,6,8,7,4,9,9,6,5,6,8,2,11,6,5,6,6,5,6,5,7,10,7,7,7,6,7,8,1,5,9,4,8,9,6,6,8,6,8,2,6,6,12,6,6,5,7,8,8,11,6,9,8,4,6,7,7,10,12,5,6,6,8,7,5,6,8,4,6,5,6,7,5,11,9,8,5,8,12,4,10,9,8,5,4,2,7,6,4,4,7,6,2,7,3,6,4,8,5,9,11,4,7,4,4,3,5,10,8,12,12,6,5,13,6,6,5,6,8,8,5,8,9,6,10,7,4,8,6,11,4,11,7,12,7,14,6,6,10,5,9,5,11,12,7,6,9,7,10,8,6,1,14,6,7,2,12,4,9,9,6,6,3,3,5,7,2,10,12,10,13,6,9,5,5,6,9,7,4,5,7,5,5,2,9,5,4,10,3,10,5,3,1,3,5,7,5,4,10,11,11,10,8,9,6,6.682,11.9302805651461,1.43371943485387
7,2,6,5,9,3,12,11,4,3,6,6,5,6,2,5,5,2,7,5,2,2,7,4,5,4,5,7,5,7,3,6,3,5,3,5,7,7,3,4,8,9,3,9,7,8,6,3,8,5,7,5,5,3,7,12,12,6,7,9,8,8,11,6,7,7,5,7,6,7,5,5,4,10,7,5,4,6,4,10,6,8,8,9,7,6,5,12,3,6,6,10,9,7,12,5,9,6,8,7,5,6,7,2,12,9,7,9,6,7,8,9,9,11,6,10,2,8,4,7,7,9,3,6,3,5,8,7,12,5,6,8,8,7,11,9,5,8,7,2,6,5,7,3,10,7,8,5,9,6,7,5,12,6,4,4,7,7,9,6,3,7,7,7,9,6,11,9,5,3,8,5,11,7,2,7,6,8,6,2,8,6,9,6,3,9,3,9,5,3,10,7,1,9,2,10,5,6,6,6,6,6,3,9,13,5,7,3,3,8,9,11,6,3,4,8,11,5,8,6,5,10,3,8,12,4,3,6,8,6,7,9,6,10,4,9,8,4,4,7,9,3,5,7,4,5,4,7,5,9,10,6,6,3,7,5,6,8,3,7,4,6,7,9,6,8,4,4,9,4,9,2,4,11,7,12,7,11,4,3,7,6,8,11,9,5,6,5,9,6,9,10,2,7,3,5,11,6,7,3,7,6,10,5,4,7,5,4,3,1,6,4,9,9,9,7,11,5,3,5,5,8,5,7,9,9,11,8,7,9,3,8,8,9,7,6,9,3,6,13,12,4,4,7,8,3,7,8,5,6,7,10,13,5,9,6,9,2,5,3,6,3,7,4,5,3,7,11,7,6,3,12,8,9,3,1,8,8,5,5,13,2,8,6,4,8,8,7,7,8,5,11,10,8,12,8,5,9,1,3,5,3,12,3,8,6,7,8,8,6,4,3,2,7,6,2,7,12,11,0,6,7,7,9,2,8,2,12,6,9,11,7,8,10,7,8,4,3,9,7,4,9,6,9,4,9,6,6,2,7,9,4,13,3,8,6,3,7,4,7,6,6,11,10,1,7,2,4,12,6,12,7,7,4,6,8,12,4,8,6,6,0,8,9,3,6,6,10,8,6,2,4,5,9,4,9,10,8,6,3,10,1,8,6,9,9,6,9,7,8,7,3,5,8,9,10,10,7,6,4,12,6,12,8,7,5,6,8,5,11,10,7,7,7,8,2,10,16,10,8,3,8,5,9,6,8,9,6,4,12,4,4,9,8,16,7,3,12,6,5,5,6,8,7,7,8,4,3,6,4,10,7,11,3,9,5,7,7,8,7,12,4,5,5,5,13,7,6,6,4,4,10,7,7,4,2,9,4,4,8,8,8,5,3,6,7,9,10,8,5,5,7,12,9,3,3,7,4,6,13,12,4,5,7,5,6,14,3,8,6,7,5,11,5,1,7,6,6,7,3,8,4,7,7,5,3,5,8,9,5,9,10,4,10,6,6,7,6,5,6,9,7,5,5,9,6,4,6,10,10,4,7,7,5,7,4,10,5,3,2,9,6,7,6,7,12,9,10,5,3,7,7,12,3,10,12,4,5,3,6,11,9,7,9,6,4,4,8,5,7,8,3,5,6,8,6,3,13,7,5,4,8,6,7,5,11,10,4,7,6,11,4,5,5,12,8,4,7,6,6,8,10,4,6,5,9,8,7,8,4,6,3,6,5,2,4,5,11,6,8,5,10,4,4,9,5,4,9,5,6,6,9,4,4,7,7,10,5,13,10,10,6,8,10,7,4,8,5,3,6,9,5,10,5,12,8,6,6,7,7,8,6,4,10,8,9,5,11,8,9,7,7,7,6,11,10,6,9,5,4,10,9,10,6,3,6,8,13,12,10,5,9,7,7,11,7,5,7,8,6,6,8,4,5,6,7,6,7,3,6,2,6,7,8,8,13,7,3,10,3,4,7,8,4,8,11,7,10,9,11,7,9,6,3,8,7,9,15,7,5,6,3,7,6,6,8,5,6,12,6,4,10,11,3,7,9,10,4,7,7,7,6,10,5,7,8,6,3,12,7,9,10,7,6,6,9,6,6,7,9,5,6,6,6,7,9,5,7,8,10,6,9,6,7,7,10,6,12,12,4,10,6,11,4,7,12,4,6,4,6,8,7,6,6,7,2,8,10,6,8,8,2,11,11,5,7,10,8,11,8,6,8,4,4,5,7,4,7,7,2,11,8,8,10,5,3,5,6,12,2,1,6,8,7,4,8,8,12,4,6,6.731,11.9239491334985,1.53805086650148
7,7,5,10,12,3,7,6,4,5,4,8,9,7,7,10,15,4,6,12,7,6,2,5,4,11,10,6,3,12,7,9,5,7,5,9,8,4,3,6,7,10,8,13,7,11,6,4,7,2,14,14,4,8,6,6,12,7,5,7,8,7,9,4,5,7,4,15,5,7,4,8,6,14,6,10,7,7,4,6,7,7,5,8,11,7,4,9,4,4,12,8,5,4,6,10,6,3,10,8,15,7,12,7,10,6,3,15,10,15,9,6,9,9,9,10,9,10,4,3,7,7,10,10,10,11,6,7,13,8,8,9,11,7,13,7,9,13,11,6,3,10,13,9,9,13,9,7,7,11,7,7,3,7,6,6,9,6,6,5,3,8,8,7,5,6,7,11,11,13,13,5,4,10,0,12,7,9,6,6,6,7,7,3,6,9,9,6,7,2,8,3,7,4,7,9,9,8,10,6,6,13,7,8,9,8,6,9,10,9,4,4,16,3,7,4,8,3,8,8,3,5,2,18,8,6,5,12,8,2,14,9,7,4,12,4,8,4,11,4,7,5,6,7,9,9,3,4,6,2,9,9,8,5,14,7,10,8,3,8,3,11,6,8,4,6,10,4,9,4,10,6,8,11,5,4,9,10,7,10,6,5,6,2,3,3,8,6,10,9,7,8,4,6,6,8,6,6,10,6,11,9,4,9,7,7,7,5,7,7,2,12,6,5,7,8,9,7,9,10,4,6,3,4,13,3,7,6,9,6,6,8,5,4,4,9,7,5,6,5,8,8,5,8,6,10,6,11,10,8,8,9,3,6,5,4,1,6,9,7,9,10,6,4,7,7,9,6,4,6,6,5,10,13,5,5,6,6,7,14,8,2,7,9,5,6,10,5,9,6,8,8,7,10,7,12,10,0,5,9,6,7,6,8,8,4,7,9,12,4,6,2,6,3,7,4,6,6,8,6,5,7,8,7,2,5,7,10,3,6,9,8,10,6,7,11,7,6,6,5,7,7,11,5,7,5,9,6,6,13,13,11,11,6,11,5,9,9,8,7,6,9,13,5,4,6,6,2,7,7,11,15,3,4,5,7,5,5,9,6,7,9,13,5,12,6,6,13,9,6,10,13,12,9,5,6,10,12,4,5,6,8,7,3,7,12,7,5,8,10,10,11,7,9,7,10,7,12,5,6,11,6,8,7,9,10,10,6,5,7,5,8,5,3,6,10,8,10,3,7,4,8,8,6,6,6,10,3,6,4,13,5,7,10,10,12,6,10,2,7,7,4,8,5,5,4,6,7,5,3,7,9,10,8,6,8,5,9,6,8,11,7,11,7,8,12,5,8,9,1,9,5,4,10,7,6,5,7,17,7,4,3,7,7,6,13,7,5,7,10,4,11,8,9,8,8,5,6,7,8,7,6,5,5,8,6,8,7,6,6,6,9,8,10,5,7,10,7,11,5,6,12,6,4,6,9,4,5,7,7,4,12,7,9,7,4,10,6,7,8,6,8,6,2,11,11,5,11,12,9,7,10,7,7,7,7,8,4,5,6,8,9,11,8,7,7,7,3,4,7,13,11,6,5,6,9,8,8,9,6,5,11,9,2,7,4,10,5,3,7,6,4,8,6,7,7,3,5,8,7,7,6,6,8,9,3,10,3,3,8,5,9,4,7,10,6,12,3,7,8,12,8,13,8,8,7,7,11,10,1,4,8,3,5,12,5,7,9,8,7,8,5,4,3,7,7,6,6,3,9,5,6,5,7,5,8,11,8,6,7,10,6,4,7,9,6,10,6,6,7,6,9,5,4,3,8,10,3,14,4,8,5,3,5,7,6,4,1,11,5,7,6,10,5,5,6,4,9,9,8,12,3,8,5,8,3,10,8,11,9,3,5,3,11,6,3,6,11,8,4,3,6,5,5,3,6,4,9,6,8,4,6,6,9,13,10,5,7,11,8,6,10,9,8,4,6,7,10,11,5,8,7,7,7,9,10,7,12,6,4,5,5,12,12,8,9,9,5,7,6,3,10,9,3,10,7,2,15,6,7,4,2,5,3,7,7,8,7,10,6,9,7,7,7,2,9,8,6,1,6,4,9,5,7,14,5,5,3,9,6,9,6,5,8,7,8,9,7,7,7,2,3,9,6,5,9,5,12,12,10,8,7,5,14,6,9,9,9,8,6,10,2,9,8,7,8,8,5,3,9,8,6,3,11,6,9,5,6,10,10,5,12,5,5,18,10,10,6,2,8,6,10,4,3,6,10,8,5,5,8,7.178,12.6449934299176,1.71100657008237
8,5,5,1,4,6,10,8,7,5,11,9,11,8,5,4,6,5,9,4,9,9,10,14,2,8,10,5,4,5,10,8,3,5,8,3,10,10,9,11,6,7,7,4,7,10,4,6,5,6,6,8,9,7,3,16,9,5,5,6,6,6,8,7,8,8,5,11,8,11,7,6,5,10,8,8,8,4,5,4,10,5,6,8,8,10,3,6,2,7,7,7,4,6,7,10,3,6,3,7,10,9,8,8,11,9,6,8,6,6,9,6,8,6,9,9,7,4,6,5,9,11,7,7,6,4,4,4,6,7,9,8,5,4,5,6,9,3,6,6,11,9,3,11,7,8,9,7,8,10,10,12,11,5,7,7,5,4,6,4,7,9,10,3,6,6,4,5,5,6,11,6,3,15,5,8,6,10,7,12,7,4,5,8,2,5,3,7,8,2,8,4,9,8,11,4,6,6,6,6,8,9,7,4,6,2,7,4,9,7,3,4,9,5,3,7,2,12,10,9,5,5,1,7,3,9,10,8,9,5,7,2,6,6,9,5,4,3,6,7,3,4,10,5,5,15,6,11,8,12,7,13,4,11,11,10,10,4,6,5,1,11,8,7,7,12,6,4,4,4,8,4,3,9,7,10,10,6,8,3,11,7,3,5,3,6,6,5,9,8,8,8,4,10,7,7,8,8,9,5,6,11,8,4,6,10,11,6,6,2,2,8,6,6,6,5,4,6,2,8,3,9,4,4,14,4,7,6,7,8,8,2,5,7,9,7,7,13,5,7,7,9,5,6,6,3,7,10,6,3,7,9,6,5,11,12,7,7,10,5,5,6,5,10,12,7,6,9,4,7,4,5,6,4,4,8,5,11,11,3,6,2,8,10,8,4,6,7,6,6,6,6,8,9,10,7,7,7,5,7,4,7,9,11,8,4,8,6,11,8,15,1,3,9,8,9,7,4,5,6,4,8,6,5,2,10,7,13,7,5,3,10,9,6,7,6,5,5,3,7,7,6,4,5,5,7,8,4,9,11,12,4,8,12,8,6,6,13,8,15,4,3,8,12,3,6,4,8,8,8,8,8,14,8,5,5,6,7,8,4,2,5,6,4,6,5,10,8,7,5,3,6,6,9,4,7,10,12,5,5,13,8,4,7,9,10,8,7,6,4,7,6,7,3,11,13,11,8,4,7,11,5,12,8,7,13,11,7,10,10,7,10,2,9,6,8,6,8,7,7,9,12,6,7,3,12,4,8,12,8,7,6,16,8,8,10,8,6,6,0,4,10,8,3,7,6,11,5,7,4,3,7,10,7,6,3,5,7,12,8,8,7,4,9,4,12,1,10,5,5,8,5,7,4,6,9,4,5,10,2,2,6,4,4,5,11,6,9,4,5,6,6,5,9,5,9,9,12,11,6,4,8,4,9,10,5,6,5,1,12,9,7,8,7,8,3,6,2,2,8,6,8,6,7,9,9,8,4,9,4,3,9,5,6,3,3,7,7,9,8,8,13,0,4,8,7,3,7,7,4,6,4,12,3,10,9,7,4,3,4,9,8,4,3,6,6,9,8,7,3,5,9,10,4,8,10,8,11,3,10,8,4,4,9,12,8,10,6,7,6,15,12,11,6,6,4,3,6,5,10,9,5,6,6,5,5,11,3,7,7,5,3,6,10,10,9,9,12,6,6,3,2,9,7,5,5,6,4,10,4,3,6,3,4,8,6,8,4,5,2,2,11,9,8,9,4,8,13,6,8,4,9,10,10,8,9,7,10,11,5,12,8,4,5,10,3,2,7,6,7,9,2,8,7,4,7,4,4,8,9,3,5,2,5,5,4,6,8,5,3,10,8,7,10,5,5,9,8,3,10,7,8,6,9,5,5,8,6,6,6,8,10,5,9,6,1,8,11,3,5,11,7,11,6,9,6,3,1,4,4,3,5,5,6,8,6,9,7,9,6,8,5,7,9,8,8,6,5,12,6,4,7,9,4,3,7,6,8,3,5,5,7,6,9,6,6,5,8,6,6,6,4,7,6,17,7,9,9,4,4,4,6,8,5,5,10,9,7,5,5,5,6,3,7,7,7,3,12,7,4,2,10,5,7,6,4,10,3,12,6,6,7,5,2,8,13,6,5,9,6,9,10,9,10,7,9,1,7,6,6,13,5,12,10,4,7,4,4,7,5,7,1,5,7,4,8,7,5,7,10,6,8,4,6,3,3,9,3,8,2,5,5,7,7,9,10,7,2,5,5,9,6,6,9,9,9,10,8,7,5,6.779,12.1070099196702,1.45099008032984
4,8,12,2,8,3,11,8,6,4,6,3,7,10,4,4,9,7,5,6,3,8,8,13,4,9,8,9,8,6,11,9,5,8,8,10,6,4,5,2,6,7,17,2,5,6,7,4,4,6,5,7,11,8,9,6,10,5,4,4,1,6,6,10,3,7,9,8,5,0,6,5,6,6,6,10,9,8,6,4,10,8,3,6,6,7,2,8,5,6,9,9,7,10,7,7,6,5,10,9,8,6,9,10,11,6,8,4,7,7,12,2,5,10,8,10,3,9,3,8,6,7,9,7,8,10,8,9,9,5,6,12,3,10,5,7,9,9,8,11,4,7,13,6,12,5,7,7,4,6,9,10,8,8,10,4,4,6,7,5,5,8,9,4,4,7,5,8,6,12,8,11,7,7,8,9,10,10,11,11,8,10,9,6,8,6,17,8,2,6,6,10,8,5,7,10,10,6,6,9,6,9,2,9,12,12,4,3,2,2,5,9,7,7,6,7,5,5,6,8,4,8,3,6,4,10,8,9,9,11,6,7,5,7,7,7,11,6,5,6,8,2,5,10,6,2,4,10,5,9,4,5,10,6,6,4,8,9,3,9,5,7,9,8,1,7,8,5,10,6,13,3,7,7,4,14,8,7,6,6,12,8,9,13,7,3,9,1,6,6,5,5,9,6,5,10,9,6,6,6,4,7,1,9,6,9,6,10,7,2,6,3,8,7,10,4,5,6,7,4,5,6,8,4,19,3,8,16,11,8,3,4,12,5,7,8,11,4,11,6,9,8,3,6,5,5,12,7,10,8,8,9,5,4,4,9,5,6,12,6,14,7,8,5,15,6,8,4,6,6,4,8,7,7,6,7,7,5,7,7,4,6,9,5,4,5,7,4,6,9,11,10,6,6,9,8,13,8,4,4,5,5,5,9,10,3,7,8,10,9,5,7,7,8,8,6,7,5,11,5,7,8,6,5,3,8,11,8,5,7,8,11,7,5,10,14,5,8,9,4,9,11,15,4,5,5,7,2,4,4,9,7,14,6,7,7,8,3,10,5,7,9,8,14,5,11,2,10,9,8,3,7,6,5,5,4,5,3,8,5,7,2,11,7,6,8,7,8,10,9,6,9,9,5,8,6,12,11,4,9,7,3,9,6,8,13,5,7,5,4,8,7,6,7,13,7,6,9,6,8,4,3,10,4,8,8,10,9,5,5,4,10,5,8,11,11,6,8,7,7,1,8,10,10,7,9,3,6,5,8,3,7,8,7,12,14,4,8,6,5,5,8,4,4,3,7,5,4,9,4,5,5,3,7,10,10,6,7,10,6,11,6,3,9,6,9,7,8,2,10,11,5,12,6,7,3,2,5,15,7,10,6,7,7,6,12,4,9,4,12,4,6,5,8,5,5,8,4,5,13,10,9,9,8,1,7,10,10,2,8,12,8,2,4,6,9,4,8,7,8,7,9,6,6,6,6,9,7,3,6,6,6,4,5,11,7,8,5,7,3,5,8,4,5,5,8,12,6,13,5,2,13,11,8,9,5,11,8,8,2,9,4,5,11,9,7,5,11,4,8,6,10,6,6,9,9,3,7,5,9,8,9,8,8,8,3,4,11,6,5,7,5,7,6,11,6,7,4,9,7,6,5,3,11,4,7,4,0,2,11,5,4,14,7,12,7,6,7,4,9,6,8,9,4,9,9,2,11,8,3,5,14,7,8,4,6,11,11,5,4,6,10,6,6,8,9,5,6,4,5,5,7,10,6,7,7,6,6,9,11,13,7,5,13,14,8,12,5,8,8,10,5,10,10,10,9,8,5,7,9,7,8,6,7,5,9,7,8,8,13,6,3,5,6,8,9,8,9,10,4,8,6,12,7,11,7,8,9,8,9,8,7,4,5,8,6,11,7,4,9,4,9,15,5,11,9,5,6,8,7,7,8,5,7,9,7,6,9,6,7,5,6,10,5,11,11,10,8,11,7,9,13,2,4,4,10,7,4,7,8,4,5,5,10,8,5,5,5,5,4,6,7,6,5,13,7,6,10,6,4,6,6,5,4,7,17,9,8,10,5,9,8,6,6,9,6,7,6,6,1,5,6,6,3,9,4,7,3,6,4,9,9,7,5,7,7,9,10,8,4,8,6,9,6,8,8,4,7,11,5,5,12,3,12,6,5,15,7,5,4,4,6,12,8,6,11,15,6,9,6,4,7,6,9,7,12,9,1,3,9,10,8,9,5,8,4,1,4,5,6,4,11,6,12,8,13,11,9,4,8,7.081,12.523362443955,1.63863755604504
3,7,7,8,6,5,13,9,8,8,4,7,8,5,4,11,9,3,7,12,5,7,6,12,2,9,5,3,7,11,8,4,2,8,7,4,9,2,8,5,9,4,9,6,9,8,8,7,9,9,12,8,11,10,6,8,6,6,6,4,8,11,7,4,9,4,7,8,7,8,6,11,7,6,6,6,8,7,5,6,8,10,8,7,7,14,4,10,5,5,10,9,6,8,16,5,6,4,10,5,6,9,14,5,13,14,7,7,4,9,8,2,9,9,9,7,5,8,3,7,6,7,5,7,7,8,11,4,8,6,10,6,4,5,11,3,12,7,6,8,11,4,7,5,14,6,5,4,9,5,11,10,6,6,9,10,6,11,7,7,6,8,13,3,12,6,10,2,7,10,10,4,6,2,3,12,7,10,11,1,4,6,7,2,6,8,8,9,6,6,7,5,3,10,7,6,5,5,9,6,6,9,5,8,10,12,3,6,6,4,8,13,10,7,3,4,10,10,11,7,4,6,5,9,6,11,7,7,8,6,10,9,5,4,6,7,3,3,6,7,11,4,14,10,12,10,3,9,8,12,6,4,6,2,6,8,10,3,5,8,0,6,8,6,5,7,6,2,5,8,6,7,4,8,4,6,5,8,13,4,6,5,6,8,9,6,8,5,9,6,8,10,10,8,6,6,7,7,10,6,7,2,10,8,5,5,6,8,4,7,4,3,9,10,9,3,9,5,4,7,10,12,5,10,12,5,6,8,9,3,3,8,7,7,10,6,3,7,6,5,13,5,5,6,10,6,5,7,7,8,12,7,8,7,10,5,5,5,3,10,9,13,4,2,6,10,4,9,5,9,5,9,9,9,5,5,8,7,3,9,9,8,7,10,4,2,10,8,5,9,7,4,1,12,5,7,9,5,7,7,4,6,3,5,12,8,7,5,6,3,5,9,7,4,7,5,8,7,6,8,6,8,5,6,2,6,2,6,4,10,3,12,13,8,6,4,5,4,7,5,8,5,8,2,4,8,7,7,2,7,11,4,6,6,7,5,8,8,4,5,10,12,11,9,7,4,8,9,8,10,13,6,5,5,10,6,9,8,9,8,7,5,11,15,4,6,5,7,11,12,7,5,6,6,8,9,3,11,4,4,6,3,9,5,5,6,3,4,5,16,8,12,8,7,10,5,7,6,6,7,6,7,11,7,5,6,4,7,6,8,5,7,4,4,6,8,11,11,3,12,9,16,8,8,4,11,7,4,5,11,4,3,11,5,10,6,4,8,8,4,2,8,10,7,4,4,7,8,7,5,5,4,10,11,3,4,10,8,7,10,12,10,11,6,10,12,7,8,9,9,4,5,12,12,4,4,5,4,5,4,7,10,7,7,1,9,8,8,12,6,10,12,4,8,3,6,4,5,5,8,6,11,7,12,6,8,6,9,4,8,8,7,9,11,6,8,8,5,10,9,10,8,4,1,7,9,8,6,7,1,10,4,6,8,4,7,7,3,5,9,5,5,8,1,8,7,4,8,9,7,7,8,4,5,2,6,8,7,2,0,4,15,6,6,5,7,6,4,5,11,6,5,12,5,6,9,5,4,6,3,7,14,6,5,7,5,8,4,9,7,7,8,7,7,11,3,8,9,7,4,11,3,5,11,5,4,9,9,6,9,12,3,7,9,7,7,7,8,6,9,11,8,9,3,7,5,6,11,10,5,9,13,4,7,11,2,4,12,6,2,7,12,3,8,8,8,5,10,3,9,5,10,5,6,8,10,4,5,13,2,9,10,3,4,12,7,3,3,9,1,12,4,12,2,4,6,7,4,11,10,7,5,9,6,6,7,7,12,11,7,3,8,11,9,6,4,3,10,6,6,10,2,6,7,5,2,5,12,10,6,6,4,6,9,18,7,6,12,8,7,6,9,4,7,6,9,7,12,2,7,2,6,10,16,12,13,5,6,7,5,4,8,9,6,5,10,7,5,9,4,3,8,7,10,8,6,8,9,9,5,4,6,4,7,7,9,12,1,10,9,7,12,14,7,9,12,7,5,3,4,4,7,9,9,14,7,10,3,3,7,7,9,10,5,10,5,7,10,5,11,3,8,7,6,15,6,9,9,5,7,11,12,11,7,6,10,5,9,13,9,7,5,10,4,11,4,3,7,3,5,4,4,8,10,6,8,5,7,1,6,10,1,13,10,7,7,12,5,9,7,7,5,10,9,2,6,2,9,4,7,3,9,5,6,10,7,4,5,10,7,9,8,9,5,9,13,5,3,10,10,7.042,12.6148560848583,1.46914391514167
6,11,8,4,10,7,14,8,5,5,9,10,14,7,7,9,15,7,4,8,5,3,8,8,6,9,6,5,7,7,4,8,3,6,12,8,10,4,5,10,8,10,8,13,6,11,8,3,8,6,10,7,10,14,6,17,8,8,10,5,8,7,4,3,3,7,6,12,9,4,9,8,5,10,9,5,7,4,5,12,6,8,3,12,8,12,3,9,3,3,8,5,4,13,8,7,4,6,11,9,14,5,9,7,6,7,8,8,10,10,8,11,8,5,10,17,7,6,8,7,6,10,11,9,11,11,7,8,17,5,11,8,6,10,10,5,7,4,9,4,10,5,10,3,4,11,5,7,7,9,4,5,8,7,3,5,4,4,6,8,4,7,9,4,12,7,2,8,4,7,8,8,1,10,5,8,6,9,9,5,6,9,9,5,6,4,10,6,6,7,8,6,6,4,5,10,5,7,5,8,3,6,4,10,11,12,4,4,7,9,7,6,8,5,5,7,3,10,12,7,5,8,7,8,6,9,8,8,11,11,6,5,3,9,7,8,5,3,8,4,7,1,2,5,8,12,7,7,9,3,10,12,6,5,8,8,6,10,5,8,6,7,12,14,2,10,5,4,9,8,8,1,7,11,6,8,6,7,6,12,3,4,6,7,3,3,6,8,6,6,9,6,7,6,9,10,10,8,8,7,7,8,2,3,3,3,9,9,7,5,8,7,9,6,5,8,6,5,3,14,6,4,5,7,15,3,5,6,10,7,8,7,7,7,9,9,6,5,6,9,8,5,6,11,7,6,10,9,4,6,7,9,5,7,10,8,12,3,9,4,6,3,3,4,14,7,11,7,7,3,1,9,2,9,2,4,8,10,7,7,6,4,8,7,6,4,7,7,7,9,7,6,11,13,8,8,8,10,4,8,3,11,4,6,5,3,2,5,6,4,9,4,5,5,7,11,11,9,5,5,7,6,4,10,5,6,3,11,8,7,6,7,17,1,9,8,11,9,6,8,8,5,7,4,7,11,13,8,2,5,10,4,13,9,5,5,3,4,5,4,9,8,10,6,5,7,10,9,6,7,11,9,6,9,14,7,8,4,4,6,10,2,9,12,2,2,4,10,11,8,8,5,10,7,8,6,13,6,6,8,10,5,7,5,10,10,3,9,6,8,5,6,9,9,13,4,9,11,2,6,8,5,4,2,8,11,9,13,9,7,12,3,6,9,8,6,6,9,9,5,7,10,5,3,10,8,9,6,4,5,7,8,14,6,9,10,10,10,7,7,4,11,5,5,5,4,6,6,7,7,8,4,5,7,8,11,7,9,4,4,15,2,6,10,6,13,6,10,6,6,4,7,8,13,4,7,2,7,4,6,13,10,9,8,5,6,3,11,6,11,4,6,5,7,6,5,5,5,8,8,8,8,3,7,7,1,7,6,6,13,7,3,13,7,4,9,9,7,12,10,11,6,10,4,8,6,8,8,9,5,1,16,6,15,7,5,10,4,6,5,12,7,9,5,7,6,1,13,8,5,8,4,2,10,9,8,12,5,4,6,8,8,10,8,8,8,13,4,6,5,8,8,10,2,8,8,9,2,5,6,5,14,3,6,9,10,5,7,4,2,8,9,6,3,5,10,4,8,9,9,7,3,6,9,8,6,6,10,9,14,13,9,6,8,9,8,9,12,5,5,5,8,13,10,9,12,7,5,3,4,5,9,3,9,7,6,7,7,11,4,3,10,8,2,8,5,7,10,7,7,3,8,7,5,5,5,6,7,5,6,7,11,5,5,7,12,6,8,6,11,8,7,3,5,7,9,5,5,4,4,5,8,7,3,3,5,9,11,8,9,6,9,7,5,4,6,7,7,14,8,8,5,10,8,7,10,5,3,13,10,8,7,7,6,9,5,12,6,6,7,6,6,7,7,7,6,9,11,8,4,7,6,9,8,6,11,7,10,8,5,10,5,7,6,4,5,6,7,10,7,9,10,11,6,4,8,8,8,9,5,4,5,16,10,4,5,10,4,8,4,3,5,5,7,11,11,7,6,5,8,8,5,8,10,11,2,5,5,11,7,5,6,9,9,6,10,9,10,8,2,5,6,10,7,6,4,7,5,6,6,8,4,6,8,8,10,6,8,8,4,6,4,8,9,6,6,7,13,6,12,10,6,7,7,4,6,8,7,7,5,11,7,9,7,5,6,12,3,3,8,6,8,6,9,10,7,8,4,4,13,5,10,13,5,6,8,6,8,7,7,9,3,5,1,9,6,9,9,4,8,7.149,12.6203818965832,1.67761810341679
7,5,4,8,5,3,11,4,6,7,5,6,3,13,6,10,8,6,11,7,8,8,4,6,4,10,7,8,4,4,4,6,3,6,7,4,8,5,8,7,7,5,8,6,9,6,6,6,6,4,9,10,3,6,6,11,15,2,6,6,8,11,8,5,10,12,10,15,3,9,8,2,6,7,6,7,9,2,3,11,6,9,3,3,4,5,7,13,4,7,5,8,7,9,11,9,7,6,8,7,11,6,12,5,9,6,9,8,8,9,9,11,8,6,5,8,2,7,6,8,9,9,5,4,4,8,8,5,9,7,5,9,8,7,11,8,8,7,8,4,4,6,10,11,11,4,9,5,8,12,5,7,11,11,14,3,9,5,7,9,5,13,2,7,6,2,6,9,12,7,8,6,11,5,2,4,8,11,8,6,6,10,13,6,9,10,9,10,8,5,5,6,9,5,4,11,8,7,3,6,7,11,8,3,4,10,6,3,4,5,7,13,13,9,5,3,5,7,7,6,4,6,3,4,3,6,9,8,11,8,5,4,7,9,9,7,5,3,8,7,8,5,12,14,6,5,7,9,9,8,15,7,6,11,12,5,10,12,4,5,2,9,7,8,3,1,6,5,7,4,4,5,9,5,1,4,11,5,11,13,3,7,9,3,3,5,9,5,9,10,5,6,9,10,6,5,17,8,6,7,5,6,6,4,2,5,13,14,6,4,4,7,10,7,4,11,3,16,2,10,8,8,7,7,5,8,6,9,7,3,9,9,5,4,2,8,6,9,9,8,15,9,3,5,8,8,8,5,9,10,7,10,7,6,10,6,3,6,10,8,12,9,12,3,7,4,10,10,7,4,8,4,9,7,5,7,11,7,7,8,9,7,4,6,11,7,7,5,5,7,5,4,13,7,12,7,12,8,6,5,6,11,6,8,8,7,7,8,3,4,6,5,5,3,5,5,8,7,14,3,4,6,6,11,4,11,5,9,12,4,1,12,7,5,9,8,5,9,3,6,3,5,8,8,5,15,4,3,1,9,10,7,8,7,9,4,8,5,3,8,12,9,11,6,6,10,6,7,9,11,4,7,9,7,3,6,7,12,7,6,4,3,7,4,10,2,8,15,12,8,7,12,2,4,6,7,10,10,6,7,10,4,6,6,8,14,8,13,6,7,5,6,3,6,6,11,10,14,5,1,10,9,7,3,9,2,6,3,8,10,11,7,3,10,11,10,2,2,8,7,4,11,9,7,8,13,12,6,13,13,3,5,12,3,6,7,5,7,4,4,4,5,9,7,7,4,10,12,3,4,4,12,11,8,8,7,2,11,8,10,8,7,7,13,4,9,4,2,6,6,6,6,7,3,6,8,5,5,7,9,8,5,5,2,8,12,8,7,5,6,7,6,7,6,6,7,9,7,10,6,7,1,3,9,6,7,4,6,7,11,6,5,4,5,6,5,8,4,8,7,7,7,6,7,10,10,8,7,12,7,3,9,5,9,6,5,10,2,5,11,6,11,3,5,9,7,10,6,9,9,4,7,10,7,13,8,7,6,6,5,5,6,6,5,2,10,6,6,13,11,8,9,15,2,8,7,10,15,5,6,10,12,8,7,7,5,7,12,7,7,4,3,12,7,4,6,5,3,5,4,7,2,3,5,7,6,7,3,2,11,9,3,8,7,12,9,9,5,2,5,4,6,12,7,9,6,6,9,7,5,7,8,5,10,18,3,5,6,8,4,13,7,6,6,5,6,5,4,5,6,6,3,5,7,9,5,6,5,8,5,8,4,6,8,4,5,9,6,4,9,7,5,8,11,7,8,8,11,8,8,4,0,1,6,3,3,5,11,5,10,9,13,7,8,4,5,9,10,9,8,4,9,8,10,3,4,9,13,9,4,7,7,5,7,10,6,4,10,9,7,6,9,9,5,7,10,4,4,6,11,5,1,6,6,14,8,5,10,13,9,9,6,10,10,9,11,5,10,5,9,9,8,3,8,9,7,4,8,7,6,6,5,11,7,4,7,3,6,6,15,5,10,10,6,12,9,7,13,5,8,2,4,12,4,5,8,14,9,7,3,6,18,7,5,9,8,4,13,7,5,7,10,5,9,10,5,2,6,6,6,2,4,12,5,3,9,6,6,8,10,8,3,6,5,6,6,8,16,13,6,10,9,13,12,3,6,3,4,8,5,14,4,10,8,2,10,6,6,10,5,4,8,9,2,4,6,9,5,4,5,7,7,7,7,9,8,9,9,8,4,8,4,6,6,6,7,11,6,10,4,7.066,12.8018750206619,1.33012497933814
11,9,6,9,6,11,8,11,6,11,5,5,18,9,4,7,6,7,15,10,9,6,8,11,2,3,9,2,6,5,11,3,5,8,7,8,5,6,0,7,5,15,13,10,12,8,5,6,7,4,4,11,5,9,6,10,12,3,4,7,2,7,6,8,6,9,10,7,2,5,6,5,6,7,14,11,2,11,10,7,11,9,7,13,9,8,8,4,10,8,10,5,9,10,11,7,4,5,11,8,8,8,10,8,7,4,7,12,5,8,9,4,7,2,9,9,5,10,4,6,6,10,10,6,4,12,10,6,10,9,7,15,4,4,6,5,4,7,5,6,8,8,13,6,7,11,7,5,8,12,4,8,8,8,10,5,6,4,9,2,13,8,11,5,9,5,6,7,7,13,7,6,5,6,6,9,2,10,6,9,4,8,6,6,2,8,9,11,4,9,8,12,5,9,9,7,7,5,7,11,6,6,6,7,8,9,4,6,8,7,7,9,4,9,2,1,7,5,8,7,10,6,3,9,8,10,9,11,11,10,8,9,10,7,8,6,8,4,7,5,5,1,8,6,5,9,5,4,4,8,6,8,7,5,9,7,5,4,6,12,8,9,16,8,2,6,4,6,2,8,7,12,6,10,6,2,6,6,10,7,7,9,7,10,10,6,7,5,8,9,9,9,4,4,7,10,5,5,9,7,6,9,6,7,6,7,8,10,9,3,7,7,6,6,9,6,8,3,7,8,7,8,7,7,16,7,5,12,7,5,8,10,9,5,5,6,9,7,5,7,12,7,8,8,7,2,7,10,7,10,8,11,4,7,14,9,4,8,9,6,9,6,7,2,7,5,7,4,2,6,6,7,12,8,5,6,8,6,7,6,10,2,10,6,6,6,6,9,8,4,5,12,3,7,11,11,9,7,4,6,2,8,4,9,7,7,8,5,6,9,5,7,6,5,10,4,7,5,6,6,11,7,7,10,6,5,7,12,4,16,4,6,8,7,10,3,6,4,3,6,9,5,6,6,9,9,11,7,5,7,7,6,6,8,8,7,8,9,11,4,9,6,11,11,6,8,11,9,10,10,12,6,5,6,7,1,7,7,4,9,10,8,14,8,8,3,8,5,15,10,12,6,7,9,4,4,11,18,8,8,7,6,3,3,9,7,4,2,11,5,10,14,8,5,5,10,4,9,4,5,6,4,14,7,6,4,6,7,3,8,7,10,4,5,18,12,8,12,5,2,9,15,8,7,5,8,6,6,9,10,7,10,13,8,8,7,8,4,6,5,3,14,8,4,4,5,2,6,6,6,8,11,3,10,7,7,8,7,8,17,10,6,2,4,8,12,6,8,6,7,5,8,8,10,7,3,5,4,6,7,8,4,10,6,7,8,5,8,10,2,5,9,5,10,5,7,8,1,3,9,8,11,12,10,5,7,9,4,5,5,7,6,6,5,6,10,8,5,6,7,6,5,1,7,8,7,9,6,7,1,5,9,4,6,7,7,8,3,8,11,11,8,4,8,6,3,10,13,9,9,9,11,5,6,11,5,11,8,6,11,8,5,10,11,6,7,7,6,4,12,7,4,6,9,4,13,9,8,6,6,5,6,14,6,8,14,5,4,7,7,8,7,7,3,6,4,6,9,11,5,7,10,7,9,6,7,6,3,4,10,8,5,7,3,4,9,12,6,6,5,6,9,10,11,11,10,3,9,12,5,6,10,6,9,4,4,9,3,9,4,5,10,6,7,5,9,4,4,5,4,4,8,5,11,4,7,8,10,10,6,4,12,4,5,7,10,4,5,10,7,10,10,5,5,5,10,6,6,11,7,9,11,6,6,6,7,12,8,9,11,8,3,7,8,6,7,10,5,6,7,6,8,12,5,7,8,11,3,8,13,8,12,4,9,13,5,8,9,1,6,8,2,7,4,5,9,5,6,3,9,6,6,7,11,4,10,6,8,4,3,3,6,10,2,6,6,7,8,9,6,8,10,7,6,8,12,7,13,4,7,5,5,6,12,5,6,6,3,12,9,8,9,13,6,9,9,7,4,3,3,5,5,5,7,7,10,6,15,9,4,10,8,7,11,6,6,5,10,4,6,3,16,8,7,9,3,8,5,9,11,6,7,9,7,5,6,12,4,9,6,5,11,10,13,8,9,5,8,8,5,5,8,11,9,6,8,9,8,4,5,5,3,12,12,4,6,13,8,10,4,9,9,4,5,5,8,1,2,6,7,11,11,5,6,6,4,4,5,7,9,6,10,10,5,8,16,10,9,7,6,7.232,12.7556257080438,1.7083742919562
6,7,5,7,8,7,7,5,9,3,9,5,7,14,3,6,5,8,8,9,7,5,12,9,4,5,8,4,7,12,9,4,7,11,10,6,11,6,7,13,12,7,8,7,3,8,12,4,7,8,6,3,9,8,3,10,6,5,8,0,8,6,9,1,6,15,12,13,5,6,5,7,7,13,4,6,6,2,4,4,7,7,6,3,6,13,7,10,2,7,7,6,6,7,5,9,9,7,6,8,8,6,6,11,10,11,7,9,7,5,2,9,8,7,6,8,8,3,2,6,10,10,5,9,12,7,4,2,9,9,13,12,6,12,13,7,5,9,7,11,10,4,5,7,13,7,5,6,10,9,8,13,10,9,11,8,11,6,9,9,5,8,14,7,14,6,10,7,11,11,5,10,9,7,4,7,10,9,13,5,5,11,3,8,11,11,14,4,4,2,6,9,5,4,7,3,3,9,7,10,5,8,4,7,9,7,6,5,3,10,6,11,13,0,4,5,7,9,7,7,4,8,6,6,9,9,7,9,10,5,10,4,2,5,5,3,5,5,6,3,9,10,8,8,3,7,9,12,11,6,9,10,8,12,12,8,14,11,13,8,4,11,11,11,7,6,10,4,9,5,9,6,4,9,10,6,9,4,9,7,8,11,7,14,5,5,6,5,7,3,5,8,4,10,11,13,9,7,7,8,6,5,4,6,12,9,7,7,11,5,3,11,6,6,3,6,11,8,2,6,4,12,8,11,11,5,7,10,10,8,3,4,10,9,6,15,11,6,2,3,12,5,2,6,6,4,11,4,12,5,4,10,5,3,12,8,6,12,8,3,10,3,9,4,8,5,10,11,4,6,2,5,5,8,2,4,9,10,6,5,7,9,7,7,1,4,8,8,6,7,5,6,8,5,9,13,7,9,8,7,2,4,5,6,9,8,6,5,7,9,11,4,3,4,18,10,10,6,11,9,7,9,3,8,1,8,2,7,6,7,5,11,8,11,9,9,8,12,8,7,4,10,11,7,6,7,8,4,5,8,8,8,10,12,8,9,7,9,5,7,13,7,5,8,5,4,8,4,7,8,5,7,9,7,4,8,5,10,9,4,2,5,6,7,8,8,4,9,8,9,11,7,7,5,8,10,15,2,5,10,10,3,6,1,9,10,5,5,4,7,9,7,9,11,11,6,9,7,2,8,11,5,8,8,15,11,10,8,8,7,4,1,3,7,4,6,4,4,7,8,3,8,6,6,2,10,4,8,11,7,4,5,8,4,5,14,2,4,7,5,7,8,9,6,5,5,10,7,5,6,5,5,16,10,6,9,6,5,7,6,7,4,4,11,7,12,7,8,7,2,4,4,11,6,8,10,6,7,7,3,4,4,5,7,4,11,8,3,11,5,7,11,5,9,7,7,7,4,9,10,8,6,5,12,1,8,5,2,3,10,5,4,8,10,9,8,3,13,12,8,5,11,7,3,6,4,8,8,6,3,6,4,5,6,7,5,2,3,6,9,11,6,8,7,11,4,6,6,8,7,11,12,5,6,4,7,5,10,10,2,8,8,10,5,5,7,6,9,6,10,5,7,7,5,4,8,6,9,9,6,9,6,7,7,12,6,9,8,4,7,6,6,9,4,7,4,8,1,9,5,4,4,3,3,6,2,8,7,5,8,3,6,10,9,10,15,8,5,9,5,11,5,12,9,6,9,4,8,4,7,9,9,3,7,6,9,6,11,11,2,7,9,4,7,10,3,8,10,8,8,9,4,6,9,6,4,7,8,9,4,10,8,5,6,9,7,4,2,6,8,5,8,6,7,6,7,8,9,5,13,0,5,5,4,0,3,8,8,6,8,7,5,7,7,10,10,8,7,9,5,5,5,7,6,5,5,5,9,8,7,6,6,9,12,7,2,11,8,2,10,3,10,5,10,13,9,5,5,4,5,6,12,12,6,5,8,8,8,7,4,11,4,5,14,1,11,5,7,14,8,13,10,8,8,9,5,3,7,7,5,5,5,7,10,3,6,6,5,5,2,4,9,3,6,9,2,3,5,5,6,10,4,7,5,7,12,10,6,10,6,6,4,6,4,5,5,10,6,4,5,4,9,8,3,11,4,4,6,13,7,6,6,6,12,10,3,11,3,4,5,9,5,8,7,14,4,5,13,17,8,9,3,5,10,9,5,12,3,5,4,8,6,13,10,9,11,5,4,11,8,10,10,5,7,4,8,5,11,10,4,8,6,7,2,3,5,4,2,6,8,11,9,6,13,12,9,7,6,12,7,7.099,12.7963827542696,1.40161724573041
7,9,8,4,7,5,12,6,7,7,6,2,11,8,7,10,11,6,10,11,9,11,6,9,2,8,7,6,10,7,6,6,3,6,5,7,8,11,5,9,9,9,3,3,5,5,6,9,5,3,7,5,16,7,8,13,9,6,7,7,9,10,6,10,7,12,12,14,2,6,8,7,9,9,9,8,9,7,3,8,10,4,8,11,7,8,6,13,8,0,8,9,9,12,5,6,6,8,9,8,7,8,14,8,6,8,4,6,5,9,7,4,8,7,13,6,5,7,5,10,8,6,10,7,9,12,7,8,6,9,8,2,4,5,11,8,11,8,9,8,12,11,6,5,6,8,5,2,5,6,7,7,10,9,5,13,1,4,10,6,8,8,7,3,9,6,7,9,7,11,6,4,5,7,8,13,5,6,9,8,4,2,11,7,5,16,6,8,9,7,11,5,6,6,7,10,4,9,6,9,8,9,9,4,7,9,9,4,7,9,7,7,12,6,4,6,4,11,7,8,6,8,3,10,6,7,5,9,5,4,8,7,6,7,7,10,7,7,7,10,5,3,5,7,12,6,4,8,6,9,9,2,10,6,9,9,8,7,7,9,8,8,16,4,3,7,8,5,10,5,9,10,5,8,6,9,9,5,10,5,3,2,8,9,10,4,1,2,11,6,5,6,6,4,15,8,11,1,6,7,9,5,5,3,3,4,9,9,6,5,3,8,11,8,6,5,7,5,5,7,9,6,9,6,17,7,10,5,6,4,8,2,3,12,11,10,4,10,5,5,9,6,3,9,7,5,11,7,4,5,6,7,5,5,9,8,10,6,4,6,8,8,4,0,9,5,14,5,7,8,8,8,4,8,10,7,6,4,9,10,8,10,12,6,5,5,8,5,7,2,10,9,5,6,6,10,12,6,2,8,6,11,7,8,6,5,8,6,12,7,7,6,5,2,7,5,1,5,4,9,8,12,6,6,8,7,7,13,7,6,5,10,13,9,13,6,9,8,9,7,6,12,12,5,6,7,4,9,0,13,12,4,8,8,8,4,6,5,8,15,8,7,6,7,7,6,6,7,9,8,9,9,9,12,8,3,3,6,6,9,3,7,11,10,3,9,3,10,6,7,2,6,12,5,7,7,10,7,7,6,9,7,5,6,5,13,3,9,4,10,16,9,6,10,11,9,10,6,4,6,8,7,4,3,14,5,7,8,5,13,11,4,8,6,9,10,5,15,1,8,11,9,4,6,8,11,3,8,3,9,5,11,10,3,8,6,2,5,4,4,5,9,11,6,3,6,4,10,2,8,4,5,8,3,8,8,7,15,3,10,7,6,9,9,6,4,5,5,3,8,8,5,8,5,4,8,6,7,4,8,6,9,11,5,6,5,2,11,4,11,4,8,8,11,2,4,8,11,5,14,9,14,8,10,4,6,8,5,5,9,12,8,6,5,8,6,13,3,6,5,5,6,5,12,7,9,12,6,7,7,4,4,9,5,7,11,11,4,10,10,5,8,9,3,7,4,6,12,6,9,4,10,7,5,5,11,7,9,7,9,7,5,13,9,7,8,8,4,2,8,9,6,8,8,7,10,2,5,7,4,4,12,12,6,4,10,7,7,3,7,11,7,11,6,4,8,5,10,8,10,9,3,6,4,8,6,6,6,5,10,10,7,9,2,4,6,3,7,1,5,4,9,8,6,13,10,6,6,4,5,4,13,2,8,3,5,12,6,6,4,6,7,4,8,7,2,4,7,9,10,6,7,4,12,6,6,4,5,6,10,4,12,3,11,6,12,12,5,7,6,9,9,7,7,4,9,8,8,11,3,4,4,6,10,6,8,11,9,8,11,7,6,6,7,5,4,7,8,11,8,8,8,5,10,8,6,7,6,11,9,10,5,7,3,12,6,14,6,9,5,6,9,6,8,9,12,5,9,11,5,7,7,11,9,6,8,9,11,11,7,5,5,8,5,5,5,10,12,6,3,13,6,8,7,8,8,8,14,5,4,6,6,8,7,5,6,7,4,13,10,8,6,9,9,11,8,5,7,7,3,4,8,2,9,3,2,9,7,15,4,3,5,6,8,5,5,7,9,4,10,4,8,7,4,10,3,6,7,1,8,6,10,9,7,9,8,4,17,10,8,7,5,8,2,6,2,9,11,4,6,7,4,7,7,9,7,7,7,5,4,12,4,9,6,6,9,9,6,4,8,10,3,5,11,4,3,5,9,4,9,9,7,10,4,5,7,4,6,8,8,10,7,6,6,12,10,10,8,8,8,7.165,12.6528651134574,1.67713488654255
6,7,10,7,7,11,7,7,8,11,4,7,10,10,4,6,11,5,12,6,11,4,10,11,4,4,8,3,5,7,6,4,4,13,6,9,9,3,8,8,2,6,11,9,7,11,4,12,4,10,7,14,9,11,4,9,8,5,8,6,9,10,4,5,9,7,8,14,6,8,10,8,6,8,6,5,9,9,7,3,4,9,9,11,10,8,5,15,5,4,8,7,6,8,3,5,2,12,5,9,7,6,11,11,10,11,6,4,10,4,16,9,8,4,13,12,7,6,7,6,3,8,11,6,7,11,9,4,12,8,10,9,10,9,10,11,7,3,8,6,3,8,10,9,8,9,6,3,3,7,7,8,8,6,13,7,5,7,8,10,9,7,3,6,3,9,4,4,8,10,7,10,10,5,2,9,3,8,11,6,3,8,6,3,7,9,4,14,11,6,9,11,3,5,6,7,2,10,11,4,10,11,9,8,7,8,7,5,5,7,10,12,9,3,4,6,6,9,8,3,10,7,5,2,5,5,9,8,6,11,5,9,2,5,10,2,6,1,10,6,8,7,8,7,8,4,7,8,9,8,5,8,6,14,6,7,10,8,7,10,10,2,12,9,2,4,8,9,11,8,14,6,5,9,2,7,3,8,15,7,4,6,11,7,3,4,11,5,5,4,15,10,12,5,5,7,8,4,3,6,2,7,6,4,4,4,7,4,6,6,5,7,7,3,5,6,12,9,3,9,3,8,8,10,10,6,7,3,11,7,2,4,5,10,8,11,7,9,7,8,4,9,6,8,4,7,7,13,4,11,7,6,9,8,7,4,7,9,15,8,5,10,7,4,10,3,4,8,3,3,9,8,12,7,5,6,15,12,10,14,7,7,5,9,7,3,7,2,8,7,8,7,9,5,5,7,15,10,5,12,2,11,8,9,8,9,15,8,7,3,8,5,3,5,5,3,7,11,5,8,4,7,6,11,3,12,5,8,10,13,4,16,6,4,11,5,5,12,12,11,13,7,6,6,6,9,5,6,2,6,7,3,5,1,9,5,13,3,5,5,9,8,13,6,5,9,3,6,8,5,10,7,10,5,10,2,7,11,6,4,3,5,11,12,7,4,9,9,14,11,14,4,3,8,10,9,5,9,5,8,7,5,10,11,8,11,3,7,6,4,6,3,3,12,6,6,11,8,8,4,10,3,10,1,4,5,3,6,7,6,8,3,2,4,9,9,5,5,7,8,7,10,2,11,12,6,10,7,10,8,12,6,6,2,5,7,9,9,10,5,4,17,4,7,5,5,10,11,6,8,6,6,11,4,10,9,7,7,8,7,6,10,6,8,7,11,6,12,9,8,5,6,7,9,7,6,5,10,5,13,9,9,6,9,2,9,13,10,4,5,11,8,3,13,9,10,8,4,6,6,8,3,6,11,9,3,8,7,5,3,7,7,5,7,8,5,7,6,3,13,10,11,11,12,8,10,9,8,7,9,3,10,8,12,4,6,11,9,7,9,7,10,5,1,6,7,8,8,7,6,5,8,7,4,11,5,14,9,5,4,9,8,5,9,4,10,4,8,9,7,6,11,5,7,4,10,11,12,5,12,4,16,6,6,13,5,7,5,7,6,6,3,13,11,7,4,4,6,7,11,12,5,3,10,11,8,8,8,4,7,7,5,9,8,12,9,7,11,6,9,8,6,12,8,11,7,7,8,12,4,9,18,1,4,11,1,6,6,3,3,7,13,3,2,10,7,9,7,4,15,2,7,6,7,12,7,5,13,4,6,7,4,8,10,9,8,5,8,3,4,8,7,3,6,4,6,11,6,8,4,8,6,5,8,1,8,9,7,9,5,11,9,5,7,6,9,6,5,7,9,7,5,10,8,4,8,9,12,8,12,7,9,12,6,8,4,8,5,8,6,12,12,8,6,5,11,8,7,4,9,5,5,6,4,8,15,11,10,8,7,13,4,9,7,8,7,5,4,12,9,6,9,9,12,9,11,3,8,2,4,2,6,8,9,9,5,7,4,4,12,6,8,13,6,7,9,12,10,5,7,7,7,17,10,8,9,12,9,6,3,7,3,8,8,4,5,5,8,9,10,6,8,8,7,9,6,10,5,7,6,6,3,13,8,11,11,6,8,8,5,4,2,8,12,6,8,6,14,8,8,10,4,13,7,5,8,5,12,12,7,13,3,7,7,8,5,11,6,10,10,6,10,5,6,4,10,8,2,8,5,7,8,8,4,10,4,5,7,11,5,11,7,8,7,5,13,11,8,5,5,7.359,13.1782310660946,1.53976893390539
7,7,8,4,8,8,9,5,8,5,7,8,6,11,4,11,10,8,12,10,5,6,8,9,5,9,7,9,4,5,6,6,3,6,7,10,6,4,7,13,11,8,10,2,4,5,5,4,7,1,9,13,7,4,3,16,5,5,12,5,8,13,8,8,8,8,7,5,9,6,7,6,5,7,12,7,5,5,10,7,8,6,4,13,3,10,13,8,8,4,5,4,3,4,8,2,5,2,15,3,8,11,7,6,11,4,6,12,10,7,11,7,5,6,7,8,8,10,4,11,7,7,7,8,7,3,7,7,8,7,11,9,7,8,9,11,5,3,5,7,6,5,7,5,11,7,8,9,17,6,11,8,5,3,13,7,9,7,10,8,13,13,10,8,3,10,8,5,6,11,5,6,10,5,6,9,7,10,11,11,5,6,8,6,9,8,8,6,6,6,8,7,8,11,4,7,6,6,6,5,8,5,6,11,8,12,5,4,4,5,5,6,11,12,3,5,6,11,5,6,2,7,4,7,6,7,10,7,5,7,10,7,6,8,12,7,3,5,7,7,5,1,7,16,8,11,8,12,2,12,10,9,7,7,13,8,9,8,4,11,5,9,15,10,7,7,9,7,8,8,8,12,6,8,5,7,11,12,7,9,6,8,5,13,6,9,4,5,6,3,5,2,5,6,5,11,13,8,6,10,6,5,9,8,7,7,6,7,5,7,4,5,8,5,6,6,6,10,6,4,8,8,6,8,7,4,4,5,10,3,5,9,8,8,12,7,5,3,5,4,13,3,5,14,6,6,6,7,9,8,15,10,9,2,7,6,5,4,11,7,6,3,3,4,5,12,7,17,5,9,10,8,14,6,6,9,6,11,2,2,2,6,6,9,10,4,6,6,8,6,10,10,10,6,11,5,9,11,9,6,5,5,5,5,8,7,8,7,10,6,3,7,10,6,13,11,6,9,3,4,3,7,3,7,7,13,2,10,7,9,8,12,8,4,5,3,9,5,7,10,5,4,12,5,8,12,12,9,6,6,10,10,12,10,10,8,4,6,1,7,8,10,6,8,6,4,5,9,10,4,10,7,9,10,5,7,14,7,7,8,5,5,13,5,5,7,9,9,16,11,7,7,9,5,9,6,5,7,5,8,7,5,5,4,9,3,4,8,12,4,7,5,5,8,8,11,3,8,7,4,8,10,3,3,9,3,12,4,5,3,8,4,2,5,9,14,10,10,8,6,6,7,19,9,6,9,4,6,16,9,9,8,12,6,7,9,4,9,13,6,8,8,4,13,8,5,7,9,10,7,8,7,3,7,10,7,5,15,7,6,12,6,6,14,4,12,6,9,9,13,4,10,5,8,8,8,3,5,8,7,7,4,7,6,7,6,9,6,11,4,6,10,6,8,9,3,6,6,2,3,8,11,11,7,6,1,5,4,5,9,8,6,7,9,5,13,10,10,7,2,4,6,11,4,5,7,10,7,15,5,3,9,5,10,4,8,10,3,3,9,8,11,4,5,8,6,9,10,14,10,6,16,9,9,8,6,9,9,8,7,8,4,3,9,5,6,11,10,5,10,6,11,9,5,4,4,15,9,5,8,13,5,15,9,15,4,4,7,5,7,7,5,6,5,3,5,4,7,8,3,9,7,7,9,8,8,9,6,6,8,5,8,6,5,10,8,9,9,8,8,3,9,10,6,13,7,1,3,9,9,7,13,10,7,9,4,9,11,13,6,9,7,9,7,8,7,8,5,7,9,6,9,6,7,11,6,11,5,11,6,8,9,6,2,8,11,8,5,6,11,9,10,11,13,7,8,11,6,10,11,8,8,7,6,6,5,11,9,4,8,5,5,8,8,8,12,10,11,8,7,10,7,9,10,5,10,11,15,11,6,7,9,5,3,8,4,9,5,9,7,6,8,8,2,11,10,6,9,9,8,11,10,11,6,4,7,4,9,13,6,4,5,11,8,5,9,11,7,11,7,3,9,5,7,8,11,2,4,3,6,7,5,13,10,11,7,9,4,4,4,6,14,12,7,13,12,5,9,5,5,7,9,7,4,6,5,8,11,6,5,7,11,12,10,3,7,7,10,6,5,1,9,10,5,8,3,5,6,7,6,6,10,10,9,5,9,10,5,9,7,6,6,9,17,7,7,10,9,10,7,12,7,13,9,8,7,7,6,6,3,5,5,10,8,10,8,5,2,7,8,8,10,11,8,3,9,3,2,6,3,11,10,4,7,7,7,11,11,1,8,4,10,4,8,10,1,6,6,3,6,7.4,13.0888723723484,1.7111276276516
8,11,5,10,9,7,7,7,4,7,9,6,5,18,6,9,7,3,12,7,7,5,14,5,2,4,9,6,8,4,9,11,6,13,5,8,13,4,2,14,4,11,12,10,6,9,9,7,4,5,7,3,16,13,5,10,6,2,7,4,5,6,8,5,3,12,7,6,4,12,6,8,7,11,7,8,4,7,6,7,6,4,7,3,9,5,9,6,5,7,9,7,9,13,6,7,0,8,11,11,9,3,11,9,6,6,12,11,5,6,8,12,5,6,4,9,1,3,7,9,12,5,5,7,6,14,3,5,10,10,9,6,7,5,5,9,5,9,14,10,7,6,12,11,8,11,6,2,8,9,5,6,5,7,15,10,8,7,8,4,5,11,7,6,9,11,5,8,12,10,6,9,4,9,10,7,2,9,8,8,7,9,7,7,8,11,14,8,3,8,11,15,10,7,2,6,2,9,8,5,3,10,1,5,8,14,7,5,13,6,3,14,5,11,9,2,5,8,10,5,9,5,10,11,8,4,15,11,7,5,6,3,6,6,10,2,9,6,9,8,7,11,6,11,7,5,9,6,3,13,7,12,6,12,19,9,8,9,6,7,8,6,14,8,10,9,11,7,12,3,7,7,4,11,6,10,13,7,14,5,9,9,4,6,8,5,10,9,6,9,7,12,10,12,6,4,8,10,4,4,4,9,8,8,3,6,7,12,9,6,5,18,5,7,9,8,11,6,6,15,8,4,7,5,11,4,8,9,6,5,3,5,10,9,8,14,10,7,3,5,10,7,7,8,9,11,11,9,7,4,6,8,8,5,8,7,2,5,6,10,11,7,7,0,6,6,5,9,3,7,7,6,9,7,8,4,6,11,4,8,10,4,9,7,6,2,7,8,9,5,4,8,6,6,7,8,4,7,4,6,5,11,9,12,8,3,4,7,8,7,7,8,4,4,2,8,6,8,7,3,9,6,5,10,4,5,5,9,5,11,0,5,6,8,5,6,7,10,5,6,6,5,9,1,6,6,10,7,3,9,11,3,12,8,4,4,9,6,7,10,9,4,10,8,5,4,12,7,8,6,6,6,5,5,6,8,6,10,3,7,4,7,11,11,8,7,5,10,10,7,6,13,8,8,8,6,16,5,5,8,10,6,4,5,7,11,8,3,5,4,6,8,6,7,5,12,8,10,1,12,8,6,6,1,12,7,6,13,2,12,9,6,10,7,10,16,6,4,7,6,8,11,11,9,9,9,3,9,6,20,4,9,12,12,7,12,6,6,3,7,6,12,10,7,3,3,5,8,10,8,8,6,8,11,9,6,10,5,6,4,9,4,7,5,5,11,8,7,7,8,10,10,4,9,9,9,8,6,9,12,9,7,4,9,6,8,9,5,11,4,9,5,9,11,6,4,6,13,6,11,7,9,6,6,4,10,8,10,4,10,7,7,6,6,6,8,7,4,6,7,8,7,6,6,7,10,6,14,9,9,8,7,3,9,7,11,8,7,5,8,9,4,8,3,2,9,9,11,10,5,9,10,9,4,4,6,8,10,12,5,8,11,4,4,6,7,4,3,4,11,6,7,8,11,6,18,7,6,7,7,14,7,6,10,4,6,4,7,5,4,7,7,6,3,5,9,9,9,10,3,3,7,4,6,10,9,4,4,5,7,7,9,11,6,11,9,11,8,3,10,6,7,13,10,8,10,8,9,8,6,5,8,4,10,13,6,8,6,8,2,5,4,9,8,7,6,7,6,8,6,8,3,4,10,4,12,6,7,8,7,7,9,6,5,4,5,6,3,7,5,13,8,7,3,10,6,10,7,11,11,2,7,7,9,5,11,11,13,7,12,6,12,7,4,10,6,10,7,12,10,12,8,9,9,11,4,11,11,5,11,10,6,9,10,5,6,18,15,9,5,8,11,12,11,6,12,12,7,8,4,8,6,12,8,7,8,8,8,6,6,3,9,7,9,3,6,7,10,14,4,8,5,7,7,9,5,8,11,5,9,4,9,5,8,5,4,4,3,7,3,13,11,6,5,9,12,7,7,4,4,10,7,8,6,8,9,5,5,10,3,4,6,13,7,8,4,4,9,6,13,4,8,5,9,17,8,13,5,5,12,6,4,8,8,7,9,5,10,9,9,7,5,11,8,11,9,15,12,10,2,6,3,10,7,5,4,9,7,12,7,10,5,15,9,8,6,17,6,6,11,12,12,9,8,3,8,10,8,5,4,6,6,6,12,9,8,8,7,14,8,12,4,5,11,9,14,12,3,5,6,7.51,13.3889862322614,1.6310137677386
5,10,7,7,6,3,11,4,6,5,7,6,8,9,8,6,13,7,10,5,4,15,9,10,7,5,5,6,5,12,8,5,5,5,6,5,11,10,6,10,7,6,9,4,2,14,6,5,1,8,7,10,13,9,5,11,15,2,9,3,3,5,10,3,8,12,10,9,7,5,9,6,0,7,15,6,0,11,10,5,12,8,7,13,10,9,8,9,6,5,7,6,7,6,9,8,8,10,12,11,5,4,5,13,5,15,6,9,6,11,10,12,7,9,8,5,5,8,3,7,3,6,5,5,8,9,4,5,11,7,9,13,5,7,11,9,7,2,5,7,4,8,11,0,4,10,8,4,8,6,9,4,5,5,11,6,10,8,13,6,13,10,16,4,7,10,5,7,6,12,9,7,11,8,6,7,11,7,9,7,5,8,5,2,9,9,8,5,9,9,10,5,8,7,3,8,8,9,10,8,12,5,5,5,13,9,10,3,4,4,9,14,11,9,7,6,6,11,6,7,9,7,4,7,3,7,5,12,11,13,2,7,4,2,7,4,10,3,9,5,3,7,5,7,10,4,9,7,9,14,7,4,6,8,16,6,4,6,4,5,12,9,10,7,6,10,5,11,11,7,7,9,4,7,7,8,10,10,9,5,4,4,4,11,5,6,6,7,6,6,10,4,6,4,10,9,11,6,9,6,6,7,4,6,4,7,5,8,8,6,5,9,3,2,4,7,9,9,4,10,8,4,5,9,7,6,7,8,11,8,10,5,8,10,8,15,7,9,3,4,12,5,3,8,4,4,10,8,6,8,5,10,12,9,14,5,5,14,6,9,13,4,11,6,5,7,10,8,2,8,2,8,9,7,4,6,5,9,9,11,9,7,9,7,7,6,11,7,6,6,6,8,7,6,9,8,7,5,8,10,7,10,6,10,9,6,13,5,10,9,10,2,3,4,17,5,6,10,12,13,4,9,4,11,7,5,8,5,11,7,2,15,7,9,12,8,5,5,7,6,6,6,9,10,1,9,9,6,4,10,7,9,4,12,9,4,7,5,7,5,16,11,10,5,7,9,9,3,7,8,8,9,7,10,7,7,4,7,10,9,6,7,7,10,6,6,5,11,14,7,11,9,8,9,13,8,11,10,9,9,11,7,5,5,10,9,8,7,9,5,9,6,7,11,6,14,10,7,6,5,9,5,10,6,8,8,9,7,3,5,5,4,4,5,8,6,6,7,10,5,6,8,8,6,3,7,6,10,9,9,5,9,14,4,7,9,7,7,6,8,7,7,5,7,8,11,11,6,4,8,4,8,10,14,3,11,6,8,8,10,9,3,6,11,7,12,7,9,11,7,7,5,11,5,9,4,3,9,8,8,6,3,11,4,8,5,6,6,8,10,6,10,8,12,8,7,8,10,10,3,8,13,9,11,7,4,12,4,7,8,7,4,7,7,11,8,9,6,6,7,5,8,3,13,8,3,8,6,8,5,7,11,9,9,11,10,15,3,5,4,9,11,10,10,7,7,7,13,6,5,5,11,5,6,11,8,11,6,2,7,7,5,13,12,6,8,5,5,10,6,10,12,11,5,10,10,8,7,5,7,9,16,4,5,10,9,4,10,12,5,8,6,14,3,6,7,6,6,4,3,9,7,8,6,6,4,10,7,6,9,18,4,11,12,9,9,3,9,11,11,5,12,11,14,4,9,6,9,5,7,8,10,8,8,8,4,6,7,6,2,4,11,5,5,8,8,9,12,15,11,5,8,8,8,9,10,8,8,10,6,5,13,5,4,11,8,8,7,6,6,6,10,6,12,4,11,7,7,7,13,7,5,6,3,5,10,9,8,6,6,8,9,7,9,6,8,9,9,13,17,8,3,8,6,7,11,10,3,8,9,8,6,9,10,11,6,7,9,3,7,10,9,2,4,11,10,6,11,6,7,10,6,14,9,14,12,6,8,6,6,9,5,13,8,12,11,6,15,8,6,8,10,6,7,10,7,8,10,3,9,2,10,4,14,10,10,7,5,8,8,5,8,11,18,4,7,6,3,3,5,4,6,10,10,2,6,10,10,7,4,10,8,5,4,5,12,4,2,8,11,5,13,11,10,9,5,8,6,7,4,6,10,7,9,11,9,7,10,4,7,6,7,7,10,12,7,7,14,14,4,8,6,6,8,9,7,9,9,8,5,8,3,8,7,13,5,6,8,4,5,9,6,13,3,6,4,5,8,6,3,8,9,9,8,6,4,2,5,8,11,8,12,5,4,11,6,3,7,10,5,7.571,13.272350075823,1.86964992417698
4,9,3,4,7,6,9,12,3,5,4,3,11,10,6,3,10,11,5,6,18,7,6,5,3,13,14,5,9,4,10,5,5,9,7,9,12,9,8,7,9,10,7,5,5,6,5,8,9,10,6,7,13,8,10,15,10,5,8,6,15,12,13,6,4,5,9,17,11,7,7,4,6,9,8,7,8,9,6,5,8,5,8,11,5,5,4,11,9,6,7,4,6,14,7,9,3,10,10,15,11,4,7,8,8,9,8,9,9,7,9,5,9,7,9,10,5,12,5,8,8,2,6,8,10,10,10,11,6,12,10,12,8,8,9,8,10,3,12,10,7,6,8,7,6,10,11,6,10,8,5,6,9,7,10,7,8,7,8,11,6,9,10,4,6,4,5,3,8,10,7,9,7,13,11,8,7,9,8,8,5,8,8,7,10,11,9,5,7,4,18,14,8,5,6,7,5,6,6,9,5,7,6,14,7,11,8,7,5,9,6,14,6,5,7,3,4,8,6,2,9,1,4,4,6,4,5,6,11,4,8,8,6,9,11,2,9,6,8,4,9,5,6,7,6,8,13,8,9,9,8,5,9,10,17,4,10,9,9,17,6,4,13,11,12,6,5,9,16,7,10,13,6,10,7,8,7,7,11,8,4,9,10,6,3,8,3,9,6,7,7,7,10,5,11,11,10,10,5,11,6,8,9,6,3,7,7,10,9,12,2,5,9,1,5,12,10,11,6,7,5,7,11,6,6,12,8,3,5,7,8,5,8,9,7,8,8,7,8,2,8,12,2,9,4,8,9,9,13,9,10,10,5,8,8,10,7,2,7,6,7,10,6,3,11,5,12,7,3,9,8,10,6,4,7,4,5,3,8,3,6,7,11,6,5,8,9,8,5,5,12,9,4,7,4,2,12,6,7,8,5,7,9,4,7,4,4,7,7,4,3,6,4,7,11,6,7,7,6,11,8,8,4,7,3,9,4,14,4,9,5,6,7,7,15,7,7,11,10,5,4,6,7,11,7,9,10,8,4,5,12,8,8,9,9,10,12,5,3,11,7,6,12,7,4,7,4,7,4,7,10,10,4,10,6,4,7,17,5,10,4,8,3,6,5,4,6,12,13,10,9,7,7,6,7,15,9,12,11,6,8,12,11,6,7,6,8,8,4,8,11,5,5,12,8,11,8,9,5,12,8,6,7,4,9,7,4,7,4,11,1,8,4,10,8,3,4,7,10,10,7,11,9,10,7,9,3,8,6,11,9,6,9,4,9,5,8,5,10,4,6,10,9,11,11,6,7,8,2,4,10,7,17,8,10,10,8,7,5,11,7,8,12,5,5,8,12,9,8,8,4,8,12,9,2,4,8,9,7,11,7,8,4,5,3,7,10,7,7,4,9,8,4,9,7,9,3,7,6,9,5,4,7,6,7,6,7,9,4,4,6,7,6,6,5,7,6,4,6,13,7,9,10,7,4,3,6,3,4,9,3,5,9,9,5,10,10,7,14,10,7,7,7,9,7,8,6,13,6,7,4,8,7,6,5,7,7,8,10,2,5,9,11,11,2,7,6,5,7,10,6,5,12,7,11,11,15,5,6,9,7,10,5,4,9,9,8,8,9,5,8,8,14,3,8,5,9,3,11,10,11,10,4,3,13,6,8,9,6,9,9,5,7,4,9,10,3,10,3,6,5,12,12,10,12,5,3,6,10,7,9,11,11,8,10,7,6,5,7,3,9,9,7,2,4,2,4,3,11,7,4,0,2,6,8,5,8,12,13,5,7,6,10,8,7,7,5,7,7,6,12,4,13,4,3,9,12,5,13,8,6,7,10,10,5,7,11,11,6,12,5,8,5,2,7,6,7,7,10,9,5,6,5,6,9,9,7,7,6,8,8,11,5,10,10,14,10,11,8,5,15,11,11,8,5,11,12,6,8,11,8,8,7,8,12,11,6,11,15,7,13,7,7,8,5,3,11,10,11,10,10,13,5,9,3,5,1,13,4,10,5,6,9,9,9,5,5,9,6,13,5,10,11,11,7,6,5,10,9,5,6,11,11,9,9,6,16,8,8,8,8,6,5,6,6,6,11,5,4,8,9,9,7,7,5,4,12,7,9,11,3,7,8,11,10,6,5,14,6,9,7,4,12,8,8,3,8,8,11,11,10,7,9,5,10,5,5,7,2,8,11,5,9,6,12,9,7,14,10,14,5,8,10,12,3,7,5,7,5,8,7,14,4,7,5,9,10,9,6,6,6,13,10,8,8,7,11,10,9,9,7.625,13.3227796107337,1.92722038926632
8,6,10,6,6,4,16,7,9,10,4,11,13,7,4,16,11,5,16,5,8,9,13,9,5,12,6,4,9,6,10,6,12,6,5,9,10,7,5,11,12,8,5,10,4,12,3,9,10,11,4,7,16,6,4,10,6,2,10,6,10,10,9,4,8,11,12,9,6,16,9,7,5,17,4,9,2,5,10,5,4,3,6,6,3,6,1,13,7,3,7,8,10,9,8,12,4,11,8,8,5,9,13,10,9,11,7,6,7,9,10,7,6,4,10,5,7,7,6,6,9,6,3,7,5,8,7,7,9,4,15,11,5,13,10,9,4,9,3,7,15,9,8,9,17,8,6,5,6,7,8,5,10,5,18,6,3,2,6,5,14,15,7,8,4,11,4,9,6,13,7,7,5,1,6,11,6,7,17,7,2,7,6,4,9,13,9,9,12,4,13,4,9,5,6,9,4,11,7,6,8,9,6,6,6,9,5,8,10,9,9,7,9,11,6,5,10,6,7,6,9,8,7,8,6,9,6,12,5,6,6,12,4,7,6,7,6,6,7,11,4,7,4,15,4,5,8,8,3,8,6,9,7,12,16,10,6,11,2,6,5,8,8,8,10,8,12,2,11,12,7,14,4,5,9,9,5,14,11,9,12,2,6,9,5,5,10,3,5,2,12,10,8,3,4,14,8,9,6,8,5,5,8,8,4,10,5,12,12,6,6,6,3,8,5,8,10,8,8,13,8,5,9,3,11,8,8,3,8,12,6,5,8,10,6,12,7,5,4,9,8,9,6,8,6,7,13,11,8,9,5,9,9,5,12,5,5,3,5,10,8,8,7,2,7,8,7,9,7,20,8,9,10,4,8,7,10,6,5,8,7,6,5,7,12,10,4,4,6,4,4,17,9,9,10,9,6,3,11,14,5,15,12,8,6,7,6,7,7,10,9,5,8,12,8,10,8,8,10,10,5,3,2,7,5,5,4,13,12,9,6,6,9,4,2,6,5,8,6,8,6,7,5,13,4,11,7,2,5,5,12,7,8,12,5,8,13,4,8,10,13,10,12,5,3,5,8,12,6,8,13,13,9,8,6,8,9,9,6,7,5,8,13,4,9,12,6,13,9,9,10,7,5,7,7,4,7,8,7,8,14,9,4,8,6,8,3,6,14,5,6,6,6,5,6,11,6,9,6,7,7,4,11,4,10,5,9,8,5,11,6,9,11,4,10,9,6,7,8,9,4,11,9,8,8,11,8,7,7,8,5,10,4,7,7,2,7,10,8,7,5,6,12,5,5,7,7,11,5,9,6,13,9,7,4,6,5,8,6,8,7,9,6,7,4,12,13,9,6,9,6,6,7,8,9,7,3,6,1,12,10,9,8,2,2,7,13,4,6,6,4,16,7,4,5,10,5,9,5,10,6,7,6,5,2,9,12,4,6,10,10,2,7,9,12,12,8,10,10,4,5,9,12,5,5,4,12,11,9,9,0,11,8,9,6,7,8,7,9,14,9,4,7,9,7,9,9,11,7,8,7,9,10,6,11,5,6,13,5,5,7,10,6,6,7,9,6,9,10,6,6,11,13,4,6,13,6,6,8,7,9,11,9,13,10,10,4,15,10,8,6,6,8,5,3,7,5,2,8,16,11,1,8,8,4,9,7,9,6,10,5,6,7,5,5,8,5,8,7,6,7,7,12,2,6,3,7,5,7,12,6,12,8,10,10,6,6,7,9,5,6,8,5,8,9,6,8,4,9,14,7,4,8,6,16,10,9,8,5,3,8,10,10,9,5,8,5,4,5,7,6,2,12,9,4,5,7,8,7,8,5,10,9,5,4,7,10,9,6,8,9,10,10,10,5,7,13,10,7,8,9,6,10,9,5,9,8,13,8,7,9,8,8,8,9,6,15,5,9,2,5,13,5,11,14,3,6,4,14,4,7,11,6,3,8,11,11,8,4,5,4,4,12,8,5,6,9,8,9,8,9,7,9,9,9,11,6,9,0,6,7,6,11,7,10,2,5,5,5,6,10,6,6,6,12,13,4,7,11,8,7,10,9,12,5,5,10,10,13,4,5,5,10,8,9,4,9,6,11,6,4,14,14,10,9,4,8,9,4,6,9,15,8,13,5,10,9,9,11,8,8,6,8,7,8,8,13,10,4,6,10,3,7,6,8,10,8,7,7,10,9,5,16,10,8,10,12,8,8,6,11,8,10,10,6,8,5,10,8,6,12,7,10,6,5,8,10,1,7,12,12,6,11,9,8,2,5,5,8,5,7.706,13.6291889747019,1.7828110252981
9,9,14,4,8,4,16,5,8,7,8,9,10,7,4,12,7,9,9,9,4,8,5,3,2,4,8,8,7,5,7,8,6,14,9,13,12,3,8,10,5,5,10,8,8,5,9,10,6,6,10,6,13,5,7,11,14,3,7,8,7,9,8,7,12,12,7,6,11,9,9,8,2,7,9,12,9,7,13,4,8,7,8,15,7,9,6,8,10,6,4,5,7,10,9,6,7,5,14,15,6,10,10,8,12,10,14,10,6,8,7,12,9,4,7,6,6,5,6,5,9,9,9,7,4,7,6,9,5,4,8,6,10,9,5,7,5,9,10,7,7,13,7,6,5,8,6,5,5,11,7,7,6,8,13,9,13,5,13,8,8,10,9,6,6,4,8,5,5,7,6,6,4,11,9,8,2,7,7,8,9,7,5,5,9,13,13,8,8,5,8,9,6,5,4,6,5,8,11,10,5,9,10,4,12,9,8,3,10,9,8,9,9,5,6,7,5,6,6,4,3,6,4,8,5,6,17,12,9,11,4,9,2,2,9,4,8,6,3,4,3,4,5,8,4,8,14,10,6,11,6,2,7,8,10,11,7,5,6,6,5,8,12,8,6,11,8,6,8,9,14,9,8,2,3,6,6,8,14,8,6,10,12,8,8,10,10,4,4,8,6,8,14,12,2,7,13,2,6,5,7,6,7,10,4,10,9,9,9,5,7,11,4,5,5,3,6,9,6,9,8,5,5,7,10,7,9,3,6,6,7,9,10,3,8,5,5,12,8,2,10,3,5,6,4,9,11,6,6,4,9,9,9,9,13,5,6,7,6,5,9,6,13,8,9,9,5,16,9,10,8,9,9,7,11,7,5,7,7,13,12,3,15,6,3,5,7,5,7,6,8,6,6,16,7,3,10,6,12,7,2,10,5,6,2,9,5,3,7,5,3,5,3,11,8,8,12,5,7,8,7,10,7,6,6,12,7,8,7,9,7,7,7,10,10,9,6,6,9,9,6,7,7,10,6,6,11,4,5,10,11,11,9,11,5,6,13,7,12,6,7,5,10,4,5,4,5,12,9,6,8,7,9,5,6,8,8,12,6,8,7,6,10,4,5,6,12,10,12,8,11,6,10,8,11,6,12,11,4,12,8,7,7,7,7,8,7,13,8,7,5,8,8,8,6,7,12,12,7,5,6,10,3,7,9,2,6,7,9,10,11,7,7,4,6,16,2,8,9,9,4,6,6,9,8,8,6,12,18,16,6,14,4,5,11,18,8,14,6,6,6,7,9,7,10,7,9,8,7,5,8,7,9,5,8,7,9,5,7,7,7,5,7,7,11,16,11,6,5,10,10,3,13,2,3,5,7,5,8,17,9,6,8,8,7,12,9,3,8,5,7,8,6,6,5,9,10,10,6,5,6,2,10,5,11,3,9,4,10,8,6,9,6,6,7,7,9,3,8,7,13,6,7,7,10,8,4,9,9,6,5,10,6,6,4,8,11,6,6,6,9,6,9,4,7,7,13,4,14,9,8,9,7,6,4,8,11,6,9,7,12,4,6,13,3,5,9,7,7,6,6,11,6,10,6,11,6,11,10,3,11,10,11,7,8,5,7,9,5,5,10,8,7,3,6,11,7,9,13,4,12,5,7,5,9,6,9,5,5,2,13,4,7,6,7,4,5,7,7,10,6,7,9,5,12,6,8,8,8,13,4,10,3,4,7,6,8,7,6,3,5,6,12,5,10,6,11,6,12,9,6,5,7,5,11,7,4,11,11,4,6,13,7,5,6,10,5,8,3,9,8,15,10,9,11,6,9,7,15,7,11,5,12,4,6,8,7,14,13,8,6,8,7,10,6,8,11,5,10,10,5,7,6,10,11,6,6,10,7,2,7,6,8,4,4,7,11,9,2,6,10,8,4,3,8,11,9,5,8,7,8,5,18,7,9,12,5,6,6,9,13,12,5,11,8,8,11,8,6,3,5,6,6,14,9,5,10,8,5,4,3,6,9,8,13,6,7,3,9,10,7,7,9,5,3,7,8,9,4,8,9,12,8,13,6,5,9,9,5,3,10,5,9,4,6,10,5,9,8,12,6,10,4,4,8,7,3,3,9,8,7,10,5,7,9,7,7,10,7,8,7,6,7,7,9,5,4,19,13,8,9,8,11,10,8,10,10,8,7,7,10,12,4,11,17,8,11,4,7,9,7,7,8,9,5,8,3,8,11,4,11,7,10,5,8,5,1,8,9,8,12,3,5,4,7,10,10,6,5,5,7.614,13.2808624737765,1.94713752622347
10,11,5,7,9,8,3,9,3,6,4,4,12,7,8,7,7,7,7,3,10,7,14,5,10,13,4,8,7,9,6,5,3,7,3,6,11,13,6,19,4,9,6,6,4,9,7,9,9,15,5,11,11,6,7,12,7,1,7,6,5,11,13,4,8,5,4,5,4,12,6,7,8,7,14,5,7,6,7,7,5,8,10,12,5,10,9,3,6,2,12,7,6,9,6,5,5,7,8,12,5,12,11,11,5,5,5,11,5,7,11,9,11,7,6,10,4,8,8,7,10,9,4,5,7,11,6,2,5,6,12,12,4,6,11,8,7,10,5,9,8,5,11,5,13,10,7,4,15,11,9,12,5,9,7,11,6,11,12,6,9,6,9,4,9,8,7,10,9,8,8,7,8,13,10,6,4,8,10,8,7,6,6,11,12,11,12,13,5,7,17,10,7,6,9,7,4,7,2,9,6,3,4,3,7,10,3,7,5,7,3,15,9,7,5,3,7,11,13,6,10,5,11,10,6,6,7,7,6,3,11,6,3,7,9,5,8,5,9,8,4,8,2,13,14,4,10,7,5,15,10,12,5,15,13,9,4,8,7,6,9,7,9,4,10,15,8,16,13,8,12,11,8,7,7,10,6,7,8,7,5,3,3,13,8,3,8,7,6,6,5,6,11,12,9,10,14,8,11,3,6,9,5,8,4,5,2,13,7,6,8,11,7,5,2,8,8,16,5,9,6,6,10,9,12,7,9,9,5,1,6,11,7,14,9,12,5,5,8,11,11,7,7,9,3,5,8,7,7,10,6,6,5,6,13,7,1,9,7,9,13,8,8,4,3,4,9,11,1,15,12,11,11,7,13,13,5,13,3,8,7,10,5,9,9,8,8,11,11,9,10,9,6,7,10,11,7,4,9,5,8,14,5,9,14,7,10,4,6,9,8,6,6,6,10,9,7,6,9,9,6,14,12,14,6,6,2,8,8,11,4,13,6,2,7,8,8,6,6,9,6,7,6,9,11,10,9,8,3,4,12,5,6,14,13,7,5,8,12,12,18,15,9,7,7,7,13,9,8,5,9,4,1,9,5,9,8,14,5,10,6,6,13,5,4,6,7,15,12,11,8,13,9,11,10,12,23,10,10,7,7,12,2,4,8,10,8,8,9,8,9,9,6,5,9,15,14,9,3,10,10,7,10,8,5,5,13,9,7,7,8,5,7,5,7,14,6,9,9,13,5,8,6,12,12,11,10,14,10,16,5,7,11,10,11,11,3,9,4,6,4,13,7,10,5,6,8,9,7,5,10,7,13,9,8,6,7,10,8,13,10,7,8,5,8,7,3,8,9,15,6,4,11,10,11,9,4,2,8,9,13,9,8,10,9,4,11,4,9,6,5,9,6,8,3,12,3,9,5,12,5,12,7,8,7,11,8,5,8,7,8,5,5,7,7,9,6,10,6,6,6,7,9,7,7,6,6,9,11,2,6,5,5,8,5,11,6,8,8,8,8,4,7,7,6,9,17,14,10,8,4,14,11,4,11,9,7,4,6,7,6,9,13,6,5,10,12,9,7,8,8,16,12,8,11,10,7,3,8,12,9,10,5,8,9,15,8,13,9,10,13,9,12,4,7,10,14,4,10,1,7,7,2,9,3,10,7,7,3,4,14,3,5,6,6,8,9,11,7,8,4,12,11,10,8,3,3,5,7,6,4,14,10,11,4,6,6,3,11,8,5,9,7,11,8,5,9,3,11,9,3,8,14,9,11,7,13,8,9,9,8,12,5,7,6,8,7,6,4,11,5,8,8,6,10,7,4,2,8,13,4,10,8,4,4,12,9,11,3,8,5,10,12,7,10,10,11,10,9,12,7,8,16,7,6,11,14,15,3,7,7,10,9,7,5,9,9,12,9,7,7,12,6,7,15,8,6,3,8,5,10,2,6,10,8,8,7,8,11,10,11,13,12,6,6,5,9,9,7,6,13,7,5,6,4,8,5,6,11,13,3,9,7,9,9,6,6,5,11,7,7,7,12,5,11,9,6,4,7,2,2,10,5,6,10,9,8,8,9,5,7,9,8,11,9,10,6,3,7,7,6,10,9,7,6,6,11,9,9,11,7,8,13,14,10,11,7,9,11,9,3,5,11,13,9,5,10,13,8,11,6,7,5,4,7,8,11,10,8,6,8,7,7,7,4,8,11,12,4,6,9,12,9,7,11,8,4,6,5,9,8,10,6,9,8,4,9,4,4,9,6,9,8,9,9,12,8,5,10,7,7.981,14.0412360716101,1.92076392838993
7,9,6,7,10,9,5,10,7,2,8,4,11,14,5,7,10,8,8,5,6,10,9,12,6,3,11,6,8,6,7,3,6,8,6,11,12,8,4,4,4,7,16,10,5,12,3,7,7,6,7,8,11,3,9,10,13,3,9,4,9,7,7,10,7,11,11,8,9,4,8,5,9,3,8,7,8,11,8,6,11,7,6,6,11,7,10,10,7,5,8,9,10,7,7,10,4,9,8,10,7,6,13,7,12,13,9,10,9,6,10,10,8,11,7,5,9,6,6,7,5,8,9,8,8,8,8,9,6,14,8,7,2,14,10,6,8,8,11,13,12,8,8,8,13,16,10,5,6,5,13,6,7,3,9,7,8,7,5,8,12,10,7,9,3,3,7,7,6,9,8,10,9,6,13,8,8,5,7,4,3,9,10,3,8,6,9,8,8,5,8,10,9,7,6,7,6,8,3,10,5,10,5,8,6,12,8,8,10,3,4,5,11,8,4,5,5,10,10,8,9,7,5,11,10,8,6,3,15,11,5,2,4,3,11,7,7,3,4,9,13,5,6,7,5,13,8,8,3,9,11,8,10,9,10,10,7,9,4,11,5,7,11,9,4,5,10,9,13,9,11,8,6,12,8,9,10,6,10,3,8,8,7,11,7,2,7,9,6,9,11,2,7,5,9,9,13,10,7,10,10,8,7,11,4,17,4,11,4,6,7,10,9,4,5,6,11,4,8,6,1,9,8,4,10,8,4,4,6,7,5,5,9,13,10,12,5,8,0,5,14,8,2,12,7,6,16,8,4,2,6,12,6,8,14,9,5,4,10,8,9,8,13,4,8,12,2,9,4,11,8,10,11,4,5,5,8,8,6,5,14,7,9,9,7,5,10,8,11,6,8,15,5,13,11,15,5,7,13,5,9,11,12,7,4,10,11,3,9,7,6,2,9,4,6,12,16,3,10,9,3,8,7,7,8,6,5,9,3,8,9,8,11,4,10,9,8,10,14,4,3,9,8,8,9,13,9,7,5,7,11,9,7,9,5,6,12,3,7,17,11,7,8,3,7,7,9,3,7,9,13,10,6,9,7,5,8,11,5,10,7,7,8,8,7,6,7,15,10,10,8,6,6,11,10,11,13,10,7,8,12,11,4,10,6,8,9,8,9,8,6,8,6,12,12,6,7,11,3,5,7,8,9,5,6,8,4,1,5,12,12,13,6,10,10,16,13,13,8,7,7,8,10,6,9,4,8,9,7,10,1,6,11,6,14,6,9,11,7,5,6,10,8,7,13,6,6,8,4,6,7,7,7,8,14,6,7,11,9,9,10,7,11,13,9,5,6,6,6,10,11,7,7,12,9,8,4,12,5,11,7,11,10,6,8,8,7,8,11,8,11,14,14,7,10,9,6,11,6,7,8,7,8,4,2,5,4,15,10,7,8,4,6,8,8,12,7,2,6,10,8,7,7,7,9,3,6,10,11,9,9,6,5,9,4,10,13,2,8,8,11,8,9,6,4,6,9,12,10,5,6,6,10,6,7,8,6,10,11,6,7,8,8,11,6,5,7,9,8,7,3,12,10,10,12,12,17,5,4,8,6,4,8,8,11,4,7,12,9,7,7,6,7,8,3,9,8,8,9,10,12,6,5,11,6,15,7,7,11,2,9,3,8,3,5,12,8,6,6,6,12,7,6,6,7,3,3,5,7,18,7,12,8,4,8,9,11,11,9,6,10,9,5,7,5,9,7,3,14,8,9,1,8,10,13,7,8,5,12,10,7,9,7,6,4,9,4,8,7,7,6,9,10,12,11,6,9,9,5,11,5,5,7,8,2,10,8,8,10,6,7,15,6,7,8,9,5,13,6,5,8,7,12,8,7,8,10,7,9,7,10,4,3,5,9,11,13,14,6,3,10,9,7,6,9,12,7,9,10,8,9,6,9,9,13,11,5,9,8,7,7,8,10,7,4,6,13,13,11,10,12,5,10,6,12,6,9,5,3,8,6,9,6,7,15,9,2,9,12,8,12,12,4,6,4,11,4,4,5,4,8,6,11,14,10,6,9,9,8,12,5,8,8,6,8,6,7,4,10,4,6,9,9,10,16,4,11,5,9,9,5,9,12,11,10,8,4,14,5,8,14,6,13,11,9,6,10,9,7,12,2,7,5,10,4,8,9,9,13,5,12,7,11,6,8,4,15,10,8,7,4,7,7,9,0,5,7,9,5,3,5,18,11,7,8,5,9,2,5,14,9,9,9,2,3,4,15,10,2,6,7.909,13.7508531099436,2.06714689005636
4,8,7,9,7,2,14,8,4,8,4,8,11,13,10,10,11,4,9,9,15,10,8,9,5,4,10,6,11,6,6,3,6,6,6,10,8,9,5,3,7,5,12,4,2,11,3,3,9,16,8,9,7,5,6,8,10,5,8,6,8,14,8,4,4,8,6,12,11,8,10,7,8,17,14,10,2,4,9,9,10,9,9,15,6,6,8,9,5,8,8,7,9,13,6,5,3,11,10,13,5,6,11,13,7,8,9,8,5,9,9,8,8,3,5,7,4,5,10,5,4,5,8,7,4,5,9,5,13,8,9,7,7,12,12,7,9,4,7,6,8,8,8,9,11,13,4,4,6,7,6,4,8,7,7,7,10,8,9,8,6,13,6,8,5,7,8,9,8,6,5,7,7,4,7,12,9,8,6,9,13,6,4,7,7,9,6,12,8,5,12,10,9,9,4,9,7,12,9,9,8,6,6,9,5,9,9,3,13,10,6,6,6,10,6,7,6,6,4,6,12,1,7,2,5,4,8,8,8,9,9,14,1,8,9,7,6,9,7,12,6,6,3,9,7,10,10,7,6,7,10,12,7,15,12,7,7,8,3,10,9,4,7,10,9,9,8,8,10,9,12,13,11,10,6,13,6,8,8,7,6,7,10,6,4,8,6,10,6,3,10,11,10,8,8,9,14,7,4,6,7,8,7,2,4,8,6,9,9,8,5,7,6,6,4,9,6,12,9,13,10,4,8,7,6,7,8,7,4,12,9,4,9,9,7,8,7,6,4,6,11,12,5,3,6,10,15,7,7,8,6,6,9,13,9,5,1,6,6,4,8,10,8,6,13,7,8,5,2,14,12,3,10,4,4,9,6,9,7,9,4,9,11,4,11,4,5,4,5,6,8,12,6,9,5,3,9,3,6,10,7,9,6,10,7,6,11,3,9,4,7,11,8,9,7,5,11,7,11,6,7,7,5,6,9,10,6,7,12,4,5,5,7,5,9,3,6,4,9,4,5,11,12,11,8,10,10,4,7,6,10,8,15,10,7,7,9,10,8,4,9,6,10,4,7,4,8,10,6,10,12,9,3,9,1,4,10,11,10,8,5,7,13,5,7,9,6,11,14,7,16,7,12,8,7,5,9,13,7,5,10,6,6,5,7,13,8,1,6,10,4,5,4,7,6,12,15,8,1,9,7,9,10,9,6,7,10,10,9,11,7,5,5,6,12,6,9,9,11,12,7,7,7,11,7,6,6,5,9,13,9,8,6,8,12,11,7,8,6,7,3,6,5,10,10,10,14,7,8,6,8,7,9,12,4,8,6,9,5,11,3,5,10,8,6,10,11,11,12,8,6,15,9,7,9,11,10,6,7,4,13,9,9,12,7,6,8,10,8,4,5,15,6,4,6,12,6,8,8,11,10,2,5,9,8,8,10,7,8,3,9,7,5,7,10,8,9,5,10,11,2,1,13,9,7,11,10,10,5,5,8,7,7,8,8,15,6,4,7,11,6,9,5,7,6,12,6,11,5,7,4,11,5,9,4,8,13,6,10,4,8,13,7,8,4,7,4,7,13,4,9,10,10,7,8,11,7,4,8,8,7,10,6,8,6,11,12,11,6,7,7,11,8,6,7,7,9,8,10,6,6,4,10,5,7,10,13,13,4,7,6,6,9,6,7,5,7,6,2,9,9,6,10,7,9,3,4,10,5,7,8,8,2,10,5,4,1,8,9,5,8,4,11,3,6,5,7,5,10,5,3,4,6,10,8,6,9,10,11,7,9,6,6,10,4,13,8,4,7,6,10,6,7,10,6,5,8,9,14,10,4,12,12,7,7,9,7,11,5,13,6,13,7,8,2,6,9,9,12,11,3,9,11,6,9,5,11,8,8,8,12,6,10,8,5,11,10,14,6,3,10,9,11,11,12,8,2,11,9,11,11,10,9,4,12,11,9,2,6,9,9,6,7,9,5,6,7,7,9,6,7,12,12,9,6,9,4,10,6,9,5,10,7,8,6,7,10,7,7,9,11,7,6,9,5,2,3,6,7,3,4,10,11,12,7,8,12,9,7,6,10,5,9,14,11,8,8,7,9,3,4,15,10,6,11,4,7,8,12,6,4,6,10,12,11,9,9,11,9,7,5,4,3,11,10,7,10,11,15,5,7,5,10,8,6,9,7,8,5,15,13,2,13,5,9,10,11,12,10,3,15,8,8,6,3,7,9,9,8,8,5,15,5,6,6,6,7,10,7,15,10,10,4,3,4,5,8,8,2,5,7.757,13.3826401937192,2.13135980628078
6,6,13,8,13,7,8,7,10,5,5,9,7,8,1,10,20,14,13,8,7,8,12,5,5,13,13,6,4,10,10,6,11,7,7,7,16,9,7,9,8,9,8,5,9,10,7,8,7,7,10,11,8,7,13,15,11,3,14,5,9,13,12,7,10,9,8,10,6,7,6,11,9,11,9,9,4,4,6,9,6,3,10,10,5,11,7,9,11,9,7,4,5,10,5,8,4,8,3,13,7,14,6,15,8,10,10,7,3,6,11,5,9,9,6,5,4,4,9,11,10,8,1,6,5,5,5,10,8,4,15,11,10,6,11,7,3,10,11,12,8,10,10,6,9,8,3,5,14,12,11,3,6,3,11,7,9,5,9,7,11,6,6,10,8,9,9,3,5,15,4,5,13,9,5,3,8,6,12,12,7,7,5,11,9,6,10,4,11,3,11,10,7,10,7,9,11,7,4,11,7,5,9,12,8,6,14,5,7,7,9,5,7,7,10,11,8,11,8,1,11,4,7,9,5,5,11,10,5,5,11,5,3,9,3,8,8,5,10,5,3,8,6,6,6,5,15,7,6,8,3,8,14,8,6,11,9,10,6,7,7,4,11,11,10,7,7,9,13,9,10,8,4,9,7,6,13,11,7,11,8,5,11,5,12,4,6,12,10,9,2,6,9,9,4,9,5,7,8,7,10,7,10,7,6,5,9,10,8,12,7,8,9,7,9,11,5,11,5,4,7,7,12,8,7,11,4,10,13,9,10,5,4,7,7,6,5,10,2,9,20,7,6,4,7,8,12,8,10,6,13,9,11,14,10,5,7,9,9,13,10,6,13,4,9,6,8,11,7,8,7,11,12,9,10,4,2,8,10,9,10,6,11,10,3,8,7,6,7,5,4,18,5,9,8,14,12,7,10,8,3,11,3,13,10,5,6,5,10,6,13,6,7,6,11,3,14,9,8,7,4,6,10,8,6,6,1,7,10,10,10,8,4,8,5,5,9,5,11,7,5,3,8,9,6,4,7,6,5,7,18,11,5,11,11,7,9,9,11,7,8,7,7,7,6,2,6,14,8,8,8,12,6,8,7,9,12,11,5,15,7,11,17,9,8,8,11,7,12,13,9,13,6,5,8,7,9,7,9,12,12,9,8,4,6,9,4,9,4,6,10,4,5,5,9,13,10,7,7,10,12,7,6,5,4,14,9,14,12,9,3,8,7,4,3,11,5,8,12,8,5,10,12,10,8,12,9,7,9,8,9,7,4,9,10,11,6,11,6,5,12,10,10,4,12,7,6,5,10,8,4,6,9,5,8,10,11,10,10,8,8,2,7,10,7,8,14,15,8,9,9,6,12,9,9,7,9,6,3,16,14,10,7,4,4,6,8,6,7,5,7,14,9,5,10,16,5,15,5,14,4,6,8,4,9,6,13,7,8,8,12,11,5,8,5,10,10,9,6,18,7,11,6,2,5,6,11,7,11,8,6,10,5,8,5,11,8,6,8,2,5,4,3,11,8,5,7,8,9,5,10,6,7,9,5,8,4,6,8,12,6,10,7,8,7,7,7,9,5,7,7,13,13,5,12,8,8,3,8,6,9,6,7,10,6,12,7,9,7,4,12,5,10,8,5,7,8,6,7,13,11,5,4,8,5,9,9,3,10,6,7,8,8,4,12,3,13,14,8,6,6,8,10,3,9,5,11,3,10,4,6,12,9,5,10,11,4,3,7,4,6,9,7,9,4,9,12,5,8,14,12,5,9,10,17,3,11,8,8,4,13,10,4,5,5,7,4,6,4,8,8,4,12,7,9,7,6,12,5,5,7,9,11,4,7,10,16,9,7,4,6,8,6,9,14,5,10,12,12,8,9,10,7,4,9,7,5,14,12,4,9,9,5,15,10,12,2,11,3,5,12,12,8,6,20,7,12,2,10,7,6,3,11,7,8,7,11,9,13,7,8,7,8,10,1,11,8,6,10,10,13,12,7,7,3,13,8,4,4,3,7,7,5,13,9,10,5,9,4,12,9,5,3,5,8,6,8,2,10,7,6,10,14,6,14,3,8,3,6,2,7,7,9,11,11,6,4,6,8,10,12,6,7,7,7,9,5,2,12,6,9,17,6,10,11,10,12,18,9,13,9,3,9,6,8,5,8,14,8,6,4,7,5,5,5,9,5,8,8,8,7,9,11,13,14,4,7,10,8,5,4,7,4,8,5,9,7,7,9,9,9,12,9,4,4,5,1,5,4,3,6,12,6,10,12,7,14,4,6,9,7.993,14.1214808263418,1.86451917365823
14,2,8,10,8,9,11,6,5,3,6,8,9,5,4,15,9,9,12,4,8,7,10,1,7,13,10,6,6,9,9,3,10,7,11,5,11,8,5,9,3,11,5,8,4,8,10,6,5,5,7,8,11,3,5,8,10,8,8,6,10,8,6,7,7,8,11,10,6,6,12,15,6,12,9,9,9,8,14,4,6,5,9,10,5,6,4,6,6,9,12,8,10,7,4,10,5,10,13,7,7,10,9,11,13,6,8,8,10,10,8,8,7,4,9,9,4,7,9,6,10,7,5,10,5,5,11,6,8,9,8,6,3,10,5,6,5,10,6,6,5,7,8,7,13,11,10,6,11,11,11,9,4,5,16,8,8,6,9,3,10,8,8,7,5,4,10,10,11,7,15,13,9,7,10,8,9,10,8,5,4,7,7,9,12,12,9,8,7,4,10,11,7,5,6,9,4,8,4,11,8,5,6,2,13,8,11,3,6,5,6,11,9,9,11,2,9,10,10,6,10,7,2,9,8,11,11,7,7,10,7,12,5,8,6,12,6,9,7,8,9,9,7,7,11,10,11,5,4,4,10,6,11,10,12,8,8,4,8,8,9,8,10,4,11,10,12,6,13,9,9,10,4,5,4,8,10,4,7,9,7,8,9,11,6,4,10,10,9,6,10,7,14,8,7,9,20,13,8,4,8,10,7,14,4,5,5,9,7,7,3,7,8,12,3,7,10,13,9,7,6,6,14,9,13,11,13,9,11,6,10,9,6,6,10,6,10,10,4,5,13,4,9,8,4,9,13,7,6,7,4,12,8,6,5,4,5,4,5,6,8,8,18,3,12,7,10,14,5,18,9,12,7,12,14,5,8,7,5,7,13,10,11,8,5,2,7,6,10,8,6,7,8,7,6,6,10,7,7,12,5,9,10,8,11,8,4,5,12,8,5,7,4,2,14,10,9,5,9,11,5,7,8,9,6,10,4,17,8,9,4,5,9,3,6,11,8,12,7,5,11,16,6,12,12,9,10,9,6,7,12,4,11,9,10,7,12,4,11,8,10,4,14,9,7,8,12,11,7,6,11,3,5,10,8,9,14,9,4,9,10,7,11,11,1,5,10,10,12,11,7,9,13,13,6,8,9,9,6,7,7,9,7,10,4,6,7,8,6,5,7,12,7,5,6,11,11,11,2,3,8,14,20,4,4,11,8,10,2,12,8,11,6,4,8,10,7,8,14,11,8,12,7,7,10,5,4,9,6,16,8,9,8,10,11,6,14,16,6,5,4,17,10,6,9,8,10,7,8,16,10,5,12,7,8,10,11,10,7,10,7,11,13,5,10,8,5,16,11,6,6,8,7,8,7,8,9,4,5,13,11,7,6,11,3,7,9,6,4,8,1,9,12,11,7,10,7,11,6,7,8,7,12,4,9,3,10,8,13,3,9,7,7,10,6,10,6,5,8,6,9,7,12,6,9,4,7,13,8,10,6,4,8,11,11,5,6,11,13,5,8,7,4,9,10,10,12,12,7,10,11,6,11,5,11,8,12,10,8,10,6,7,3,8,9,8,4,8,13,8,6,12,8,7,4,8,11,10,7,7,12,11,9,10,12,11,6,12,11,7,10,8,14,7,11,16,17,6,9,8,4,5,9,9,7,6,1,10,5,7,9,5,9,10,9,6,9,14,5,8,12,4,6,4,9,4,8,6,15,9,3,10,8,6,7,7,10,5,4,2,9,8,8,6,6,5,7,3,12,4,6,3,8,7,6,7,8,12,9,11,6,8,10,5,9,11,10,7,6,6,10,6,5,11,8,7,7,6,12,9,5,7,8,12,2,9,12,9,9,5,3,7,10,11,4,14,8,9,10,11,6,10,13,3,11,9,8,10,12,8,7,6,12,4,5,18,8,19,4,3,6,13,5,12,4,14,11,5,11,10,18,4,7,7,14,14,7,7,10,9,8,6,7,12,6,10,8,16,7,4,8,9,6,8,4,12,6,6,8,6,5,8,7,8,13,13,6,7,4,6,11,9,8,6,9,11,7,11,6,4,6,8,4,12,13,7,9,8,9,4,6,7,8,10,6,6,4,2,15,8,9,7,8,9,9,4,10,9,7,18,4,15,7,8,3,10,6,10,12,12,9,5,13,5,5,7,9,12,9,18,9,8,7,11,11,8,7,8,7,8,3,18,5,7,11,9,11,10,15,5,12,8,8,12,8,7,7,10,3,5,6,9,8,10,7,6,5,7,5,11,9,7,8,5,7,8,10,6,9,6,8.176,14.1879409538378,2.16405904616218
8,13,15,10,5,9,8,6,10,4,12,6,13,8,11,13,6,8,11,10,10,9,7,6,7,9,12,5,13,11,13,7,7,10,3,12,9,9,7,11,3,8,7,8,6,5,9,5,6,8,5,8,8,3,5,5,5,7,10,10,7,12,10,8,8,6,12,6,6,9,10,7,6,10,9,12,4,5,8,10,9,8,9,12,2,5,5,3,5,5,8,11,9,7,6,10,9,7,8,9,9,16,10,4,7,9,7,11,8,8,8,10,7,4,4,6,9,5,10,10,7,11,8,2,10,8,8,5,7,7,10,10,8,12,14,11,9,8,6,12,10,3,4,8,10,8,5,5,7,4,7,10,6,2,8,10,3,12,9,10,13,10,5,5,9,5,8,7,16,10,7,8,6,9,11,7,4,9,10,8,6,8,12,7,8,8,8,9,0,7,10,11,8,3,4,9,4,12,9,10,6,6,10,5,6,5,4,6,6,9,8,3,14,5,9,9,3,6,8,12,10,8,4,7,6,8,7,7,7,8,6,3,1,10,10,9,4,4,3,5,9,10,8,8,6,12,12,7,6,11,8,6,10,12,13,8,11,10,4,10,10,10,6,8,12,5,3,12,8,10,8,12,8,6,4,6,6,4,8,6,8,5,6,8,7,3,13,6,7,5,7,3,7,8,9,10,11,7,13,10,5,8,5,8,3,7,10,5,7,13,11,8,9,3,3,11,6,9,10,10,9,8,9,7,10,8,4,12,10,9,8,10,6,11,9,13,11,9,6,7,14,7,8,7,10,6,10,8,2,8,17,5,7,7,13,8,5,5,9,8,4,7,11,5,4,9,4,8,6,13,8,6,8,11,10,9,4,7,8,8,14,7,12,7,5,4,7,4,9,9,6,13,10,12,14,5,8,4,13,6,5,17,3,7,5,5,11,5,12,11,4,1,2,7,5,5,9,8,10,10,5,10,6,11,6,7,7,8,4,5,7,10,5,4,6,3,8,9,7,7,2,7,7,12,8,13,2,10,7,4,12,9,12,20,8,6,14,5,12,6,9,8,12,9,8,3,6,9,9,11,12,9,3,8,8,3,8,7,4,9,10,7,10,5,5,12,15,15,12,14,11,9,12,11,11,10,8,9,8,7,6,7,12,7,7,9,7,8,5,7,5,10,7,10,11,9,9,10,4,10,13,9,13,9,7,7,8,3,9,7,8,13,8,10,9,11,7,7,10,7,5,8,8,12,11,10,7,9,3,7,5,14,8,7,7,11,13,6,7,7,7,14,8,10,11,8,6,4,5,14,11,5,11,11,7,3,7,14,7,9,6,6,6,6,10,9,8,5,9,10,11,5,9,6,13,6,7,14,10,12,11,11,12,6,8,10,10,8,12,7,8,10,8,7,16,9,11,6,9,13,5,5,6,9,5,3,7,10,8,8,11,7,4,7,15,11,5,9,8,9,16,9,8,6,13,9,8,11,6,7,7,9,9,5,9,6,6,8,7,8,6,6,6,6,8,15,9,12,9,9,6,4,10,5,5,9,8,6,10,7,9,10,14,15,7,7,9,3,8,13,9,10,12,6,14,7,11,6,6,12,6,4,12,9,10,10,10,7,4,10,14,10,6,5,9,7,8,13,11,9,12,8,12,10,6,14,6,7,8,5,12,6,7,4,5,9,10,13,10,8,16,7,15,9,6,4,14,8,2,9,6,12,3,7,8,7,10,1,13,7,7,6,11,11,8,2,10,3,10,8,6,7,6,8,12,10,9,6,9,6,4,5,12,12,6,6,9,6,3,6,10,7,16,5,12,6,8,7,8,13,6,9,13,8,6,4,6,8,10,9,5,8,12,11,7,10,8,9,7,7,7,8,11,7,3,7,8,5,11,10,12,6,10,11,9,7,11,9,8,5,7,12,4,9,10,8,9,7,12,8,9,7,8,10,12,13,7,4,11,11,11,3,7,10,5,6,8,12,6,12,13,9,9,4,4,8,7,7,4,12,5,7,7,5,6,11,9,10,11,10,12,7,5,7,8,6,6,4,9,6,6,13,10,5,3,9,7,5,10,14,5,9,9,11,7,6,8,13,7,14,13,8,9,9,7,3,6,7,7,10,3,9,9,7,5,9,7,6,8,2,11,7,5,11,9,10,11,11,6,7,6,7,10,5,8,10,14,8,13,6,12,6,13,5,11,10,8,14,7,9,5,10,11,10,6,7,6,7,8,3,6,8,7,4,13,3,6,8,8,6,8,8,6,5,6,13,7,10,6,5,8.11,13.7947813483879,2.4252186516121
10,9,10,11,7,6,13,9,6,8,8,12,6,11,5,4,8,10,7,7,8,11,5,2,9,9,13,7,8,7,9,5,15,3,7,7,11,15,6,10,11,5,11,6,4,7,5,6,3,7,14,12,14,8,4,9,8,5,9,6,14,12,11,8,11,11,10,6,4,7,10,7,10,14,11,7,13,5,7,6,9,10,7,13,8,8,6,14,8,4,9,12,6,10,10,5,6,11,6,11,4,8,10,6,14,13,12,16,7,7,14,11,5,9,2,6,9,12,7,7,12,8,6,12,3,6,7,6,8,6,10,7,4,8,13,6,6,9,7,6,10,8,8,10,6,16,6,5,8,8,11,6,2,8,6,2,11,10,6,7,9,14,7,8,6,5,7,11,8,6,3,6,8,11,12,6,13,5,5,4,14,9,9,10,7,10,12,14,11,13,8,6,8,7,10,6,10,7,7,14,8,8,5,12,8,8,10,5,13,5,9,9,11,10,14,6,10,9,13,6,11,5,8,11,8,8,7,2,7,10,8,18,6,5,6,5,4,9,6,8,7,5,6,15,5,7,5,5,5,11,6,6,6,8,11,9,7,8,6,12,4,4,10,12,8,11,12,10,14,9,10,9,8,6,7,5,10,9,4,7,4,7,9,11,4,8,9,9,6,8,8,11,15,9,8,13,6,8,14,11,4,6,11,9,9,6,11,4,7,9,9,9,6,8,7,12,11,14,6,5,9,10,14,9,7,3,6,7,7,7,8,9,7,12,9,8,7,11,8,6,10,6,6,12,8,11,12,7,4,8,6,6,4,13,14,8,3,8,7,4,11,10,7,4,8,9,8,14,3,11,8,4,19,8,11,7,9,6,11,7,6,10,10,5,7,5,9,5,10,6,5,18,10,11,11,14,7,9,9,4,9,5,11,6,6,8,6,2,10,7,12,5,7,8,11,3,7,4,10,8,6,9,12,12,10,3,5,6,7,5,6,6,5,5,12,7,8,3,11,4,5,4,13,12,7,7,11,11,5,5,12,5,14,15,10,6,8,3,6,5,6,9,10,5,7,8,11,10,8,11,9,12,9,9,7,11,7,11,9,13,0,10,12,7,5,7,12,9,10,8,14,9,8,8,6,13,12,6,8,9,13,10,3,4,9,18,8,7,4,5,6,7,11,6,8,12,19,10,9,6,9,8,8,11,9,9,3,7,8,6,12,9,12,8,6,12,7,9,11,14,7,8,5,10,5,6,11,3,13,8,5,5,6,6,7,8,5,13,7,6,11,16,11,9,8,7,7,2,11,11,4,7,5,8,5,6,5,9,13,16,4,11,6,9,6,9,10,8,11,10,10,8,5,6,13,4,10,7,10,8,14,8,13,10,6,5,8,13,8,4,7,13,11,9,8,6,8,6,11,11,8,8,6,6,4,11,8,7,10,7,6,10,2,7,8,10,11,4,6,7,5,4,8,8,11,7,8,10,10,12,7,6,6,6,4,10,5,7,14,9,12,6,12,4,1,6,8,11,7,5,8,8,9,4,6,6,5,9,4,6,10,6,6,8,7,12,8,6,6,6,2,10,6,4,8,11,12,5,8,5,3,9,1,9,12,13,11,14,8,7,14,8,13,2,3,10,5,4,5,9,16,2,6,11,7,11,7,6,6,10,13,6,7,8,7,12,7,5,6,10,10,13,9,4,14,2,8,6,7,15,7,11,3,13,3,8,6,8,9,9,7,7,11,4,7,7,11,7,12,12,6,1,7,7,14,7,12,7,7,6,5,13,7,3,2,9,5,11,6,7,9,1,10,15,10,8,8,7,9,13,7,7,18,9,6,14,9,7,7,6,12,5,9,9,7,10,8,8,6,5,7,6,10,4,16,14,5,9,3,14,15,9,3,6,7,11,7,7,6,7,11,6,9,11,6,1,6,7,10,6,11,6,6,8,9,9,11,8,10,14,7,9,14,5,9,8,8,11,5,4,12,12,9,4,7,4,7,7,7,8,1,14,6,5,11,10,6,7,4,6,11,2,9,9,7,7,9,9,4,5,9,7,5,10,8,8,10,8,11,10,5,9,12,7,9,8,5,10,8,8,3,14,5,9,15,6,8,5,8,10,2,5,9,9,5,13,9,10,5,12,8,4,6,10,9,2,7,10,9,10,6,7,4,8,4,13,11,14,10,6,14,8,5,16,11,6,8,16,5,7,10,5,9,10,7,10,6,3,9,7,10,9,12,4,7,10,7,9,4,13,5,8,10,6,8,5,9,7,5,5,8.152,14.2008853094671,2.10311469053289
8,4,11,14,11,7,8,8,4,7,4,10,6,8,4,11,11,5,7,9,10,7,6,8,4,11,18,6,10,10,5,5,9,7,1,10,11,12,10,8,3,7,7,6,4,4,5,5,10,5,4,7,12,4,9,16,4,7,13,13,10,7,11,8,5,13,8,6,6,10,8,11,10,9,11,6,5,2,9,10,6,7,10,13,8,9,12,7,7,5,7,12,10,11,8,4,4,12,7,17,6,10,6,12,12,8,12,4,6,5,8,9,5,4,5,5,7,5,14,8,10,5,11,1,8,10,10,7,7,10,6,8,5,7,11,9,9,12,9,11,5,7,5,17,16,15,9,8,5,8,6,3,2,4,11,5,5,9,12,7,8,9,8,14,6,7,11,11,9,12,9,6,7,12,12,14,5,6,4,10,9,6,5,9,9,5,7,9,12,7,10,6,8,5,4,3,8,10,10,12,8,6,5,12,11,8,11,8,11,6,8,12,9,6,9,4,4,14,7,7,6,4,8,10,8,6,13,6,12,9,5,12,3,9,5,3,5,11,8,11,13,5,10,5,10,7,12,8,6,9,8,2,5,9,11,8,7,8,10,8,8,8,9,12,15,4,10,6,8,8,10,17,12,13,9,8,6,5,8,4,12,19,10,9,11,4,10,16,15,6,13,10,4,6,5,10,13,8,5,9,9,8,5,8,4,12,7,15,9,6,4,5,8,8,7,10,3,9,10,10,7,10,10,2,6,13,5,6,10,12,15,3,9,12,14,5,8,5,4,7,16,7,8,5,6,5,11,4,4,6,8,9,5,15,14,6,3,8,4,10,9,6,9,3,11,6,6,7,5,11,8,12,8,12,11,6,4,9,10,6,7,11,8,10,10,9,6,6,13,9,8,15,7,4,10,6,12,9,9,10,11,7,2,6,10,7,6,3,13,7,8,8,2,7,9,12,15,7,8,5,3,6,7,5,9,6,9,14,8,8,10,8,6,6,11,8,8,12,10,3,5,12,9,7,14,9,6,11,10,8,17,12,10,10,9,11,11,8,5,3,13,5,10,4,9,4,9,12,8,13,16,11,4,12,9,5,7,13,7,11,7,6,12,8,4,10,5,9,12,10,13,9,8,10,6,10,6,8,11,13,5,8,5,10,10,14,11,12,6,9,7,6,10,6,7,11,8,6,8,10,10,7,10,5,5,12,14,18,7,13,6,5,5,8,6,5,9,3,4,9,8,7,14,13,15,5,6,8,5,12,11,6,11,9,11,11,15,10,5,6,5,7,9,9,11,8,6,4,14,9,10,9,9,14,10,7,7,15,7,13,7,5,11,11,7,7,7,14,11,13,3,10,5,11,12,5,11,7,10,15,13,9,10,7,4,11,9,7,11,9,9,13,11,10,7,12,4,15,4,13,7,3,2,7,6,3,10,7,7,8,11,6,7,8,9,15,2,9,7,8,5,7,12,4,9,6,8,12,11,11,6,11,8,9,2,6,12,8,5,7,2,9,7,5,8,8,3,9,5,5,7,7,5,5,13,7,7,10,7,9,8,14,12,20,11,12,9,10,9,8,4,10,10,11,10,11,12,4,2,15,9,11,9,12,12,8,11,8,10,9,9,9,7,2,9,7,16,6,12,13,6,5,14,9,8,9,15,6,7,6,9,6,12,7,10,8,8,12,7,8,8,6,11,6,4,4,8,2,8,7,7,7,5,10,7,7,6,8,10,5,10,10,6,6,7,13,8,7,14,8,10,7,13,13,13,11,10,10,5,7,7,8,9,9,8,7,6,7,3,7,8,9,7,8,5,4,8,8,3,8,2,7,11,11,9,4,5,11,8,8,3,5,9,6,5,7,7,14,20,7,9,7,15,11,8,7,5,10,8,7,13,8,6,12,3,11,6,6,2,1,8,12,11,9,5,7,4,7,7,12,15,6,7,14,12,10,11,5,11,10,6,9,3,9,6,7,15,7,17,7,19,12,7,6,4,4,8,9,4,4,11,9,6,8,5,6,6,7,7,13,7,5,1,10,7,5,4,7,11,2,8,7,12,11,15,5,10,8,5,7,8,7,9,9,7,7,7,8,8,6,9,8,8,11,11,7,8,6,12,9,8,13,8,8,11,9,8,14,6,5,8,11,11,15,8,3,12,14,9,3,6,5,7,9,5,6,9,11,9,9,16,8,13,9,8,10,11,9,9,4,11,6,4,4,6,9,7,11,7,9,4,13,8,8,7,5,8,5,6,10,9,9,10,5,8,12,10,6,6,6,8.317,14.5461660410658,2.08783395893416
9,4,6,12,3,4,10,11,4,2,10,8,7,11,5,9,7,11,10,5,2,7,4,3,5,9,5,4,15,5,9,8,7,9,7,8,9,11,11,8,4,10,8,7,3,7,4,5,5,6,8,10,4,5,9,9,13,8,8,4,5,4,12,10,14,18,9,5,8,5,7,7,6,14,10,5,7,4,10,6,8,8,15,13,8,5,6,4,4,9,10,7,11,10,6,8,2,6,6,8,5,8,19,11,12,12,17,12,8,13,7,4,3,3,9,5,7,7,6,6,11,11,2,5,7,10,9,4,5,5,6,11,3,8,7,7,7,10,6,8,13,10,12,10,7,11,7,5,15,7,12,9,6,3,16,6,8,8,8,14,8,11,8,7,5,1,12,6,9,9,0,8,8,8,6,11,6,8,6,12,10,5,8,8,8,9,11,12,7,6,13,9,7,8,8,5,6,6,7,12,4,5,7,11,8,4,4,1,9,4,7,7,5,5,9,3,7,15,6,4,5,3,8,7,8,11,12,6,5,7,12,15,9,8,9,8,5,6,4,5,3,10,7,6,12,7,7,5,9,9,8,9,5,11,8,9,12,8,5,13,13,8,11,11,9,6,4,6,9,14,12,9,4,8,5,6,14,8,14,8,10,8,4,13,6,3,14,8,3,9,8,6,7,6,9,12,15,9,12,8,7,8,9,6,1,12,8,11,5,7,6,5,8,5,7,14,7,6,8,8,9,9,11,8,9,5,9,13,2,10,6,8,8,6,6,7,10,8,2,6,15,8,8,6,11,6,10,9,8,5,6,3,10,9,13,5,6,8,9,2,12,4,12,7,9,14,4,13,6,10,12,7,10,5,12,6,7,8,13,9,10,9,13,10,6,7,4,7,4,2,6,3,11,9,8,7,6,7,7,9,4,11,5,10,6,10,9,8,11,4,5,8,5,5,5,8,14,8,8,9,11,8,15,7,10,8,8,8,9,10,6,2,6,7,12,8,9,5,8,11,10,9,8,15,6,6,15,7,10,7,18,10,11,9,11,7,4,6,2,8,15,8,11,7,7,9,7,9,14,8,12,7,3,10,9,5,8,18,5,9,10,5,9,8,5,4,8,10,20,12,14,7,7,13,8,9,8,7,6,6,14,7,6,10,9,8,10,9,6,4,6,11,8,5,10,12,17,8,4,6,15,12,9,11,3,10,6,13,8,11,10,11,11,6,5,12,13,9,7,8,10,12,4,10,4,8,8,10,10,4,8,7,3,11,9,7,12,11,12,1,7,13,13,6,21,7,7,9,8,7,13,7,6,10,4,10,4,5,8,12,5,9,10,7,8,15,7,14,12,7,6,6,12,6,11,9,5,8,11,10,11,11,10,8,8,3,7,4,9,8,5,16,11,12,10,15,8,12,8,10,8,3,7,3,9,6,13,7,8,5,7,3,9,6,10,6,5,4,13,7,10,7,11,5,8,7,12,8,7,6,7,8,10,8,6,12,12,5,7,10,13,6,7,7,13,5,4,3,5,7,11,9,14,13,16,7,9,7,5,10,6,16,5,12,5,8,4,11,13,9,8,13,14,4,11,10,10,6,10,9,10,10,7,8,6,13,8,8,7,8,11,8,10,7,8,7,13,6,6,7,12,7,4,8,10,12,9,10,10,2,5,7,10,7,10,5,10,17,10,7,8,5,5,8,9,7,10,7,15,6,8,4,10,4,11,7,8,4,15,7,6,10,12,7,9,4,8,2,8,10,8,5,9,11,10,6,7,12,6,7,5,11,6,8,10,8,11,3,6,6,5,10,9,6,9,6,7,8,8,8,7,8,6,9,12,8,5,8,9,7,7,8,11,13,11,7,14,3,4,8,11,6,15,7,6,8,7,10,10,9,7,7,9,4,8,8,11,10,11,6,11,9,9,11,11,9,9,4,8,9,6,10,13,5,3,9,14,7,8,7,8,6,6,8,4,6,6,10,4,13,14,9,2,11,3,17,7,7,3,10,6,7,10,4,9,3,10,11,4,12,11,7,6,8,4,9,13,3,2,5,13,1,11,7,9,4,6,2,13,12,7,4,10,9,5,8,9,7,12,8,10,7,9,8,9,7,6,5,8,9,8,8,6,6,6,14,9,10,8,5,10,3,7,12,4,13,3,16,10,9,11,9,12,11,6,10,10,9,10,6,4,11,16,12,13,9,11,14,12,6,6,17,6,10,4,5,9,7,7,7,6,6,11,8,11,6,7,8,3,7,8,8,5,8,7,5,10,12,11,7,8.165,14.3343884456884,1.9956115543116
5,2,10,10,7,7,11,5,8,5,6,9,7,10,7,13,10,12,8,9,8,6,9,4,8,4,5,3,6,10,8,8,10,7,5,6,9,7,3,11,5,5,7,7,2,6,3,9,5,4,9,9,10,7,7,7,11,11,11,7,10,8,9,7,11,8,15,6,2,5,14,8,8,7,8,4,7,14,9,7,4,8,13,16,4,10,8,10,3,7,7,11,13,8,9,8,6,11,8,12,9,10,6,3,16,11,8,12,3,6,6,6,8,10,8,9,6,14,9,5,13,7,7,5,6,9,9,10,8,6,18,8,6,9,8,6,8,7,9,4,5,3,3,10,6,10,7,7,6,13,11,10,6,7,11,5,8,9,13,9,12,5,6,6,15,6,4,10,16,9,14,8,8,13,14,11,8,8,11,10,5,9,9,7,10,10,9,8,5,6,8,5,5,2,5,7,5,8,5,10,7,5,10,7,6,12,11,6,8,5,5,6,12,10,9,9,11,8,5,9,12,7,6,11,6,10,10,9,5,8,15,5,6,4,6,8,9,8,7,12,6,4,5,11,7,10,9,9,5,7,4,5,5,11,11,14,12,7,2,6,14,10,10,14,11,8,5,7,12,10,10,8,7,8,5,8,6,8,3,6,16,10,11,12,7,4,10,9,16,3,9,8,10,8,5,7,8,10,9,7,5,10,8,7,4,6,6,8,3,9,1,6,8,9,11,12,5,15,14,9,7,8,8,5,12,10,8,5,8,8,11,12,5,7,15,5,8,9,3,6,12,10,8,9,8,7,6,8,10,6,5,9,8,11,7,5,4,9,10,8,8,5,12,7,14,6,11,4,3,9,12,7,14,13,7,7,6,10,6,6,13,7,6,9,5,6,7,5,5,8,11,9,13,10,11,6,7,10,12,15,7,14,4,7,2,5,9,4,15,7,15,8,2,5,11,4,7,6,10,8,3,6,7,12,3,9,7,9,9,4,10,8,15,5,7,4,12,10,7,7,2,15,14,10,8,10,5,8,10,5,10,4,13,8,16,11,13,10,13,7,3,8,11,7,5,1,7,7,11,15,10,13,5,7,11,4,13,7,6,8,8,8,9,7,6,8,11,13,10,10,10,10,10,6,9,11,6,4,6,14,9,10,2,7,7,3,12,9,9,7,8,11,5,10,13,10,11,5,3,10,8,9,12,7,2,14,8,10,14,8,7,8,8,8,6,7,8,13,13,6,8,8,7,11,9,12,11,10,9,10,10,5,6,7,9,16,11,12,8,5,8,8,9,7,11,9,9,6,7,7,6,7,6,5,11,6,8,9,11,10,7,10,9,13,13,6,12,9,11,9,8,4,15,8,13,7,15,7,6,11,15,7,4,7,4,4,8,5,8,5,6,9,10,6,11,12,12,4,6,15,12,7,11,9,10,5,10,5,8,4,8,6,6,11,12,9,10,8,8,9,10,5,13,7,12,6,8,19,8,6,5,12,4,8,5,6,5,15,8,3,6,11,6,5,10,7,10,6,10,11,5,7,17,8,7,8,8,3,3,12,2,5,6,6,2,8,10,5,5,7,8,13,8,8,10,6,13,3,3,10,12,7,8,8,5,11,8,6,9,7,10,8,11,3,9,6,13,8,3,9,8,5,5,2,6,6,6,8,7,6,13,5,12,12,8,10,6,8,3,9,10,3,11,7,8,7,10,5,12,3,6,9,3,11,5,9,9,9,9,11,9,7,9,11,4,10,7,7,5,12,10,10,4,7,8,12,7,8,7,7,7,8,11,9,2,9,8,7,5,7,12,8,16,7,11,6,12,7,9,9,6,8,11,10,8,5,15,8,14,7,7,5,9,10,3,7,7,12,8,6,8,8,8,5,8,7,8,9,9,7,7,9,8,13,1,7,8,14,4,14,4,11,10,7,12,9,6,9,14,9,15,6,8,10,10,11,14,7,19,8,10,6,6,5,6,11,8,16,18,10,7,7,4,4,5,6,2,7,10,6,9,7,8,5,10,8,6,10,8,7,9,8,9,2,6,6,4,8,9,4,8,8,11,6,7,12,4,5,8,12,6,5,8,7,5,8,10,9,5,4,13,9,11,6,11,4,10,11,14,10,7,6,3,13,13,12,8,8,7,6,8,10,9,14,10,11,7,7,5,7,6,10,7,6,11,12,7,15,8,11,9,8,8,11,11,10,15,11,12,12,13,8,8,7,7,6,7,12,6,6,9,9,6,8,7,5,10,8,4,15,8,15,6,8,5,12,12,7,6,10,8.224,14.2034878504228,2.24451214957725
6,6,9,10,11,12,6,7,6,6,2,8,9,6,6,12,6,8,10,10,11,12,8,5,10,14,8,9,10,8,9,6,9,4,5,7,18,8,5,8,7,9,19,3,5,8,10,5,7,6,8,9,11,6,10,11,7,6,9,10,8,7,9,11,15,7,10,8,3,7,11,8,4,5,6,8,11,11,9,9,9,2,14,8,10,10,13,5,10,4,11,12,13,8,14,9,3,6,5,9,3,10,11,8,11,7,11,6,9,13,7,9,10,5,8,6,4,7,9,12,3,7,7,9,3,6,6,3,9,4,12,9,9,14,11,4,9,8,12,11,10,6,4,11,11,11,10,10,14,6,8,16,7,5,10,9,12,7,8,10,9,8,7,6,11,6,7,7,6,7,6,11,12,11,5,8,13,7,6,4,8,9,14,10,8,16,11,10,8,4,9,12,7,5,12,9,9,9,5,9,8,8,12,9,7,5,6,5,6,6,8,8,9,11,6,8,3,7,10,3,16,9,6,14,7,12,9,3,5,7,3,12,10,9,6,7,11,7,3,3,5,5,9,6,9,11,9,7,6,12,5,8,12,6,13,15,8,8,9,13,8,4,4,6,7,9,6,6,11,8,10,15,5,5,10,11,6,6,6,7,12,11,6,7,9,3,5,12,8,10,16,6,10,8,11,10,9,5,9,8,4,8,8,3,4,9,6,7,8,4,12,11,6,7,6,7,9,9,9,15,6,7,14,9,16,7,8,5,7,11,12,9,9,4,13,10,5,10,7,12,14,7,9,14,4,8,16,6,3,8,11,10,5,14,9,7,5,3,9,9,12,7,8,9,10,6,7,9,11,11,10,10,13,9,12,6,9,9,15,7,10,13,6,14,11,5,9,5,6,10,5,10,7,8,4,6,15,7,14,11,8,9,16,6,15,7,4,3,13,9,8,7,6,5,10,11,6,3,8,10,10,8,3,8,12,8,8,13,2,7,9,10,6,2,8,8,8,6,9,5,5,10,14,12,9,7,5,7,2,12,14,9,11,16,16,5,6,6,8,5,14,11,11,13,3,6,8,11,11,9,12,7,8,13,6,8,7,7,7,6,12,7,9,11,5,9,7,6,7,8,8,12,15,12,8,6,6,6,12,4,14,10,8,6,6,9,8,8,4,10,9,6,12,6,5,9,14,14,7,9,12,13,9,3,6,11,8,7,5,6,11,12,11,4,11,15,9,6,12,14,7,7,4,10,7,11,9,5,7,11,5,10,11,7,13,8,2,13,9,4,1,13,10,8,14,11,7,7,8,12,7,4,10,13,10,9,8,12,8,6,7,11,11,8,11,11,3,10,8,12,6,7,9,10,7,1,7,10,9,11,13,8,11,9,8,7,9,15,5,7,14,10,15,7,10,13,7,14,8,11,4,4,9,6,8,5,7,12,11,7,8,6,11,9,12,9,4,5,6,10,15,5,10,7,11,5,13,4,7,5,6,11,9,5,6,11,6,12,6,10,5,3,7,14,4,6,5,9,10,10,10,8,10,5,9,8,9,6,8,14,7,9,9,12,5,9,8,8,7,9,8,5,14,10,14,12,16,7,7,9,17,9,12,13,16,7,5,13,8,10,14,13,8,6,9,11,13,11,7,7,6,6,10,7,5,6,4,11,10,10,11,5,14,8,5,6,16,8,11,5,6,5,7,3,10,9,5,8,8,4,5,9,4,10,5,7,8,5,12,5,5,9,10,5,5,10,9,3,8,10,9,8,14,11,7,6,8,8,4,11,1,11,13,11,6,7,6,4,7,8,11,4,12,10,11,5,7,5,7,10,6,11,5,8,11,9,4,11,11,7,7,5,12,8,4,9,8,13,9,9,5,4,11,10,9,9,4,8,8,8,11,5,9,6,10,11,4,3,4,5,6,9,10,13,13,12,11,10,7,9,14,9,6,9,6,14,11,4,11,6,13,9,7,4,9,9,7,14,11,6,12,8,7,7,4,8,7,8,3,5,1,9,6,6,10,6,10,9,5,12,8,5,9,4,5,5,8,11,1,4,6,6,11,7,7,8,5,11,13,8,5,4,7,11,7,11,6,10,7,3,12,4,8,12,3,3,5,9,8,15,5,11,11,11,5,12,14,14,8,7,7,9,8,10,8,12,8,13,10,11,4,8,5,10,9,12,13,10,5,10,8,7,5,7,6,9,13,9,8,5,9,11,7,7,7,13,9,6,4,11,7,7,9,9,8,6,7,11,3,13,11,6,6,2,5,9,12,7,6,5,8.37,14.3953825600533,2.34461743994665
9,2,12,7,9,2,7,5,4,8,12,4,9,5,3,15,4,10,5,5,9,6,1,5,7,6,10,6,13,13,10,9,8,7,4,11,17,9,7,10,10,10,12,7,4,6,8,8,3,9,12,10,6,4,6,7,8,11,16,10,9,10,9,11,12,6,8,13,8,9,5,11,9,6,14,5,12,7,6,6,4,10,8,11,5,8,8,5,7,8,6,15,7,10,8,8,4,9,7,9,5,6,11,8,13,5,15,7,8,6,7,10,6,10,6,5,8,8,14,6,9,12,11,11,8,8,9,6,9,7,12,6,4,9,7,7,8,7,12,7,9,12,11,9,8,7,3,7,11,6,7,6,9,14,10,7,11,11,7,10,11,8,8,9,7,7,10,5,10,5,9,7,10,5,9,7,14,9,8,9,7,11,11,8,7,11,17,7,7,10,14,9,5,6,8,6,7,11,7,9,7,8,6,10,9,7,5,6,8,7,7,19,6,11,10,7,7,11,7,3,10,7,14,12,6,5,9,8,7,11,7,17,8,9,4,8,3,7,8,7,10,7,8,10,9,4,16,7,6,13,5,7,9,11,14,11,8,10,1,10,9,3,9,7,9,13,8,16,10,14,10,15,9,7,7,8,6,5,7,11,8,6,9,13,12,3,12,7,5,9,4,6,6,8,5,8,12,10,7,7,6,11,13,9,7,8,10,4,9,8,3,7,10,6,3,12,8,15,8,4,6,10,15,9,5,14,8,8,7,15,11,5,5,14,5,4,5,10,8,12,8,4,11,9,14,10,7,13,8,8,11,4,7,16,9,6,8,11,6,8,10,7,6,5,7,12,11,10,6,9,1,6,8,12,8,5,14,10,10,4,15,14,12,9,5,5,4,7,9,5,6,22,11,12,11,7,6,6,6,10,8,11,14,4,3,8,10,5,10,16,6,8,5,6,7,5,9,9,6,7,4,9,6,8,4,7,10,9,12,9,6,10,3,6,11,11,8,7,10,4,10,9,11,8,16,7,7,13,9,6,14,9,11,12,11,8,6,5,4,9,8,8,15,7,5,6,6,8,9,15,13,8,6,10,3,7,9,11,6,10,11,6,13,5,7,7,6,12,7,8,11,9,13,12,6,12,10,7,11,8,9,5,14,5,6,14,7,13,8,6,5,13,8,13,7,8,13,8,5,3,10,13,11,8,12,9,4,16,19,7,5,8,6,15,9,9,10,6,12,11,5,7,10,11,4,8,4,12,5,11,8,7,9,8,14,11,11,10,8,8,3,8,8,6,10,6,5,10,16,9,4,12,7,11,11,8,7,5,12,6,5,5,9,6,11,11,8,8,12,12,6,5,10,10,11,9,6,14,9,12,7,8,9,19,4,9,6,7,8,11,10,13,12,6,9,11,6,6,11,7,7,7,3,9,8,8,9,7,8,12,9,6,5,5,10,11,10,10,12,10,8,10,6,10,7,4,10,8,11,7,8,9,6,3,4,14,9,5,10,9,10,7,5,5,5,10,8,4,11,12,8,10,7,9,8,4,8,10,5,7,10,9,10,13,7,9,5,10,6,8,6,11,12,9,14,5,14,4,3,5,8,12,14,6,6,8,14,6,12,9,7,14,12,4,5,7,9,9,10,8,6,5,6,8,12,9,13,7,8,8,12,6,3,11,9,14,5,5,7,13,9,13,8,7,9,5,8,10,11,10,3,11,8,11,7,7,9,7,8,7,8,7,15,6,6,7,6,8,14,9,9,7,11,13,10,10,12,6,13,6,7,3,8,6,6,5,11,4,5,8,7,6,12,12,11,4,6,8,11,14,7,5,9,10,12,5,6,10,9,12,5,8,10,9,5,10,8,6,10,10,8,7,12,4,7,6,5,15,10,10,8,5,7,9,7,14,7,9,4,7,4,9,9,7,3,11,10,9,4,8,12,5,8,12,6,13,9,5,9,10,8,7,10,11,4,10,13,10,7,13,7,11,8,6,7,11,8,11,11,4,11,6,9,5,12,8,8,11,11,17,14,6,6,9,6,11,12,8,6,10,10,7,18,8,11,8,11,7,9,8,7,8,11,8,3,8,5,8,12,11,5,12,14,8,11,6,9,12,10,6,6,7,9,11,2,14,15,13,10,10,8,11,6,9,6,8,6,16,12,7,5,3,8,15,9,5,9,12,9,5,7,9,5,7,11,8,7,15,10,10,10,6,11,8,8,7,5,6,11,9,7,9,9,4,13,8,8,8,3,9,8,10,10,3,8,5,10,5,10,6,8.482,14.4201384970722,2.54386150292784
8,6,5,8,6,12,8,8,4,5,9,11,8,5,11,10,6,13,7,6,9,8,7,5,4,5,11,6,16,9,6,5,9,8,4,7,12,15,11,5,3,11,6,6,5,10,8,13,5,7,2,10,4,4,10,11,5,4,6,9,4,13,11,6,11,6,9,7,6,6,11,3,14,7,9,8,7,6,7,9,12,9,8,11,10,10,8,7,3,10,11,10,15,8,8,4,8,11,7,11,10,10,10,7,10,8,14,7,3,6,3,6,3,7,6,3,7,12,8,4,11,13,7,8,11,7,6,6,4,7,6,8,8,11,8,7,6,6,6,7,9,6,6,10,10,11,7,6,17,5,14,5,4,5,10,10,5,6,11,6,13,9,10,8,6,8,5,11,17,8,2,4,10,14,9,10,7,8,9,7,10,15,9,16,10,10,11,13,12,11,9,6,2,4,12,9,4,10,5,13,3,6,6,11,5,3,6,5,11,6,12,3,11,3,14,9,3,9,12,8,13,12,10,8,5,5,6,9,13,8,12,9,7,6,6,3,6,6,5,6,9,14,10,7,12,7,6,5,11,5,11,10,11,8,8,9,14,4,6,13,11,7,6,7,7,4,16,11,10,9,11,8,10,8,8,5,7,8,7,7,16,13,14,7,13,3,8,12,5,9,3,2,12,7,8,8,21,5,8,12,9,10,7,9,7,9,15,10,6,7,6,5,4,11,6,6,11,10,7,9,8,5,13,10,6,11,8,6,10,14,12,5,5,6,9,7,10,9,2,10,15,8,3,7,8,9,7,11,5,5,6,4,8,13,10,5,7,9,8,9,12,7,9,5,9,7,8,12,8,8,9,9,10,9,12,6,4,5,10,5,11,11,11,3,10,5,8,5,16,3,8,10,11,10,12,10,6,13,15,19,9,12,8,7,3,7,16,7,5,8,5,10,6,3,13,3,12,3,6,8,7,6,8,6,9,4,7,10,1,10,15,7,4,6,11,12,9,8,3,7,8,4,11,11,10,9,11,5,7,12,12,9,11,11,9,12,9,7,5,8,9,8,7,7,7,7,4,10,8,13,6,12,6,12,7,9,3,12,9,15,8,6,10,8,6,9,7,10,13,15,11,12,14,7,7,2,9,5,8,7,7,9,6,9,7,3,14,7,12,13,9,6,7,5,11,11,9,6,5,7,9,11,7,15,7,10,2,13,11,6,7,8,5,5,2,8,17,8,14,7,8,9,4,13,7,10,6,7,6,9,11,4,2,7,6,5,11,16,8,4,8,12,9,14,13,11,7,4,7,11,8,8,7,12,7,8,4,4,9,7,6,7,11,11,7,8,7,3,17,11,3,6,7,11,14,8,7,10,8,10,13,3,9,3,5,7,9,4,4,9,4,12,5,8,7,7,10,13,10,6,7,5,9,4,11,4,8,12,7,10,14,7,12,5,10,6,7,3,5,12,14,8,7,10,11,9,11,11,9,7,4,6,7,7,3,7,7,8,6,9,5,10,11,6,11,4,13,6,9,11,7,8,11,4,16,9,10,11,7,12,4,9,5,11,8,12,9,9,10,14,7,9,13,3,9,6,12,3,9,13,6,9,6,6,9,13,12,8,5,4,5,5,9,7,3,4,11,10,9,14,10,8,9,9,8,6,9,8,10,6,10,5,9,9,6,14,10,9,12,7,13,11,11,5,7,7,10,6,9,10,7,5,6,10,5,4,6,6,9,9,9,12,12,6,8,11,12,6,6,9,4,7,18,7,15,7,8,14,14,8,7,6,8,12,6,7,8,6,7,5,8,6,10,4,10,6,6,4,2,4,7,4,12,7,7,3,4,8,14,8,12,6,11,10,7,9,9,9,12,4,9,7,14,8,8,7,3,4,13,8,9,7,5,10,5,9,9,11,5,6,10,8,15,10,8,5,11,5,12,8,13,9,8,10,7,16,14,14,11,8,8,8,11,2,10,14,11,7,5,6,11,13,3,10,8,3,7,11,12,7,9,8,5,9,7,6,11,3,9,8,10,2,11,9,4,10,7,5,9,7,13,3,8,9,12,5,3,9,6,9,4,3,7,13,10,5,6,18,5,9,10,16,6,12,17,6,7,7,12,7,8,13,7,9,10,13,9,6,6,5,3,6,10,10,3,8,6,9,11,14,7,6,5,7,5,11,10,15,9,10,8,5,10,9,10,10,11,9,8,9,5,7,12,6,7,8,11,8,7,7,6,6,6,7,9,5,5,11,7,8,9,9,17,2,12,11,10,9,8,9,8.275,14.4604489553127,2.08955104468732
8,3,7,11,13,4,11,4,5,5,6,4,11,12,4,10,8,8,3,7,7,5,7,6,10,11,6,8,12,10,6,8,6,9,6,14,12,15,6,8,6,5,10,7,1,12,11,10,7,7,13,8,15,7,5,7,10,13,19,7,5,9,17,11,13,10,7,6,9,7,9,7,7,10,7,6,10,12,6,17,8,8,9,15,8,8,9,7,6,5,8,9,12,7,12,12,3,10,14,7,8,11,9,4,15,9,9,15,4,7,5,6,7,4,4,7,9,6,13,10,13,8,6,7,7,11,5,12,9,6,7,10,10,9,10,6,7,15,10,5,10,4,6,12,7,6,8,4,12,7,10,12,6,5,15,5,9,12,7,13,10,9,8,11,8,4,9,6,12,7,7,7,8,13,6,10,6,9,10,11,5,4,12,11,4,9,9,14,8,8,9,8,11,5,8,8,7,9,7,9,12,8,9,7,6,12,4,4,7,3,5,8,8,7,8,8,9,5,11,5,8,7,11,13,9,8,11,9,9,8,10,11,9,5,6,10,10,9,6,11,5,6,8,7,13,7,4,6,7,3,8,12,5,9,10,17,8,6,4,16,7,6,6,12,8,6,5,8,13,14,11,7,13,4,9,7,5,6,12,4,14,18,6,16,6,5,7,14,9,7,9,7,10,6,9,10,13,9,9,18,5,12,10,6,7,8,9,9,8,7,5,9,10,8,12,9,2,17,13,9,9,6,9,4,4,11,8,10,10,10,8,6,8,9,16,7,11,5,3,13,10,3,9,10,10,9,10,8,2,4,14,2,8,5,18,3,10,8,6,7,10,6,3,9,12,14,9,10,7,8,17,8,8,4,12,5,6,7,10,11,11,12,9,11,10,9,7,10,4,13,15,6,8,11,10,6,16,5,11,7,5,14,7,9,11,8,9,7,11,12,14,11,7,11,12,10,14,14,12,6,5,10,5,6,4,9,8,8,9,15,11,9,10,8,3,4,6,6,4,7,6,11,11,3,14,8,13,8,15,8,17,4,13,6,8,8,9,7,6,7,12,12,10,8,6,5,10,6,11,7,6,8,4,12,5,6,6,9,6,11,3,5,7,8,3,10,8,7,11,9,10,6,9,9,8,12,5,6,13,8,13,11,10,5,10,6,11,10,5,8,13,4,9,9,3,9,14,13,4,9,11,13,7,7,6,7,7,13,7,4,15,9,12,5,6,7,11,10,7,13,6,5,9,14,6,7,6,9,11,10,8,10,10,4,13,7,4,8,9,5,7,9,7,7,8,5,4,13,9,7,11,6,6,10,4,6,7,11,6,10,3,9,8,10,13,8,8,8,8,12,6,4,7,4,8,9,11,9,8,10,14,9,14,7,5,6,5,8,12,4,4,15,8,8,11,19,6,14,6,16,6,3,8,13,8,6,11,8,6,6,4,7,6,8,14,7,8,14,10,18,13,7,9,3,11,5,10,13,6,4,6,6,7,8,8,10,6,13,11,8,3,7,9,5,7,4,4,9,5,13,10,5,17,9,5,7,7,6,7,9,4,5,8,9,8,11,10,8,4,7,6,14,13,11,11,13,14,13,7,5,7,6,5,13,8,20,14,10,6,5,12,7,8,3,8,10,14,7,2,16,3,10,7,6,9,8,14,10,9,7,12,6,5,7,4,9,8,16,6,8,14,5,6,10,6,6,14,7,12,6,15,8,5,11,2,10,7,5,13,6,6,8,7,6,7,15,2,6,15,11,9,8,9,13,8,10,7,11,10,10,8,9,6,8,8,11,16,5,4,7,9,8,4,13,6,6,7,8,9,6,5,9,5,8,10,8,4,6,13,11,10,7,15,11,9,5,11,14,14,6,8,9,17,4,9,7,6,11,5,8,7,10,12,11,6,6,9,8,5,8,7,13,4,9,18,8,5,12,10,8,11,11,11,7,8,17,12,12,14,7,8,9,7,2,9,10,7,11,10,10,11,7,3,11,9,10,8,5,9,3,9,11,8,7,4,11,9,6,6,9,6,2,7,3,8,11,7,8,9,10,11,7,15,7,9,8,7,9,8,14,8,5,18,12,7,11,6,8,10,8,8,13,17,9,5,5,8,7,7,7,4,8,10,12,5,12,15,13,10,7,11,9,14,12,11,6,10,9,9,8,7,4,11,10,10,12,6,10,6,9,11,9,12,6,12,11,11,15,9,10,12,6,9,5,5,10,6,12,3,6,7,10,7,10,9,7,6,7,5,9,12,12,6,14,4,9,13,9,6,8,8.565,14.8724648911709,2.2575351088291
9,9,10,8,11,8,9,9,5,6,5,8,11,7,9,6,7,8,8,9,8,14,4,10,8,11,9,9,11,9,6,9,13,5,5,14,8,8,10,9,5,10,8,5,6,5,10,4,1,5,7,10,5,8,4,10,13,12,11,5,11,9,12,7,13,11,9,10,4,7,11,6,7,5,14,4,11,8,7,7,4,11,8,13,7,5,11,9,7,8,8,6,9,12,10,7,3,3,7,7,5,13,11,14,4,8,14,8,10,10,8,6,5,8,9,11,2,10,13,9,10,6,6,7,6,10,5,6,8,6,9,9,6,5,12,13,7,10,14,4,9,6,2,10,11,9,2,10,16,10,6,10,6,5,12,12,6,13,11,3,4,9,10,8,7,3,9,10,14,8,12,7,13,8,13,9,7,5,14,8,7,7,11,6,6,6,11,9,12,5,8,6,5,3,8,5,5,5,4,10,6,10,12,13,7,5,10,4,6,3,7,5,8,5,7,13,6,13,10,6,10,7,7,7,6,4,13,8,7,8,11,14,8,8,8,13,2,4,4,8,6,8,5,13,12,6,8,8,10,5,6,8,12,7,17,11,15,7,2,9,10,5,8,12,9,5,8,7,9,15,9,14,4,8,12,5,11,7,5,7,17,15,8,5,11,5,9,10,12,3,9,8,10,7,10,11,8,2,13,9,11,13,10,8,5,5,5,7,5,5,5,15,16,9,9,10,9,15,10,9,9,5,11,10,14,16,4,5,10,5,9,9,12,14,13,5,6,12,8,9,9,3,4,8,3,9,12,7,8,9,10,5,10,15,10,12,8,7,11,7,10,5,10,16,13,6,11,10,8,12,10,16,9,2,12,6,9,5,13,8,10,7,14,14,7,10,11,13,5,4,6,10,10,6,9,12,12,9,10,11,15,11,10,6,6,8,5,6,14,8,9,16,5,12,11,6,7,7,9,7,11,9,9,9,4,9,9,10,8,7,18,7,9,5,7,8,13,7,10,8,8,14,11,16,7,4,5,9,5,12,17,7,11,11,12,11,5,7,4,5,9,7,8,5,3,7,6,8,13,12,15,9,4,10,12,2,5,5,7,5,10,6,17,6,6,13,6,9,9,16,5,7,10,8,9,15,12,8,13,13,8,13,9,9,6,10,11,7,7,6,10,4,9,7,5,8,13,10,8,12,17,9,5,9,3,8,9,10,8,9,11,9,14,7,2,5,5,6,13,11,4,4,6,12,5,5,1,13,11,10,8,11,4,5,13,6,6,12,15,6,2,6,8,7,11,7,16,7,7,6,7,5,5,7,13,7,8,9,13,7,7,13,9,8,8,13,5,12,10,7,10,8,12,6,6,4,18,13,5,8,11,7,4,8,2,4,12,8,10,14,12,13,10,4,14,3,7,9,10,12,3,5,10,5,7,8,14,7,5,7,10,7,14,11,11,8,6,8,14,13,19,12,7,7,7,11,6,6,6,10,9,7,2,19,10,5,7,15,6,8,6,11,5,8,8,7,5,10,7,11,12,13,15,10,11,5,9,4,4,18,10,12,3,12,7,10,11,7,10,7,5,9,10,7,15,12,13,10,3,7,15,6,7,8,10,2,5,9,8,10,15,13,9,9,10,5,15,10,8,8,8,4,8,9,5,7,8,9,10,7,11,6,11,4,12,8,8,9,7,7,5,7,7,10,9,7,10,11,17,7,5,10,2,5,6,2,7,6,8,7,7,6,10,7,1,10,8,2,9,10,11,11,7,16,8,11,12,12,5,9,6,5,10,12,6,8,11,9,4,8,9,11,15,8,10,3,6,8,5,10,7,5,5,9,14,12,6,3,7,10,10,2,12,3,3,8,11,9,13,10,13,11,13,9,5,5,3,8,6,8,9,7,13,9,3,9,11,8,9,5,8,9,11,7,11,8,7,14,9,11,15,10,7,9,5,11,11,9,14,8,8,6,13,5,15,10,7,11,10,5,9,7,3,8,7,12,10,11,7,6,5,10,12,7,12,8,13,8,3,13,12,7,6,4,9,8,9,5,10,7,14,7,8,8,11,11,7,5,12,9,6,2,6,7,8,7,11,12,8,8,10,7,11,6,8,8,11,9,9,8,7,12,15,8,7,17,7,13,13,6,9,6,8,6,11,8,9,12,12,8,6,6,5,16,7,11,10,10,8,10,7,9,6,13,9,10,12,12,4,9,8,8,5,9,8,13,8,11,12,8,5,1,8,10,13,8,6,11,12,8,14,14,7,7,8,14,11,7,11,6,8.58,14.9123587174865,2.24764128251352
8,2,7,8,9,4,10,2,8,13,9,9,4,5,13,10,8,3,5,6,11,8,8,9,3,8,10,7,14,6,8,5,8,8,9,9,18,14,12,14,10,9,8,9,4,9,13,10,9,9,10,12,10,8,7,4,13,2,6,7,6,4,9,5,12,4,7,9,7,7,10,12,6,11,14,4,1,12,6,11,7,7,10,8,9,8,4,5,4,13,14,14,15,12,10,8,3,14,9,9,6,13,13,5,19,12,12,11,6,6,9,6,6,6,6,4,10,12,4,9,5,12,8,9,12,6,5,8,3,9,9,8,10,7,10,5,9,11,4,9,11,7,8,11,6,8,7,8,5,4,8,11,9,7,12,7,6,12,8,9,14,8,14,11,12,15,11,5,7,6,2,10,6,8,7,9,11,7,7,5,11,7,8,17,6,5,9,5,7,8,8,5,8,6,14,7,4,10,10,10,10,9,12,14,5,8,7,6,5,12,6,6,7,11,6,9,4,10,9,15,11,9,13,7,7,7,3,7,12,6,9,13,6,3,6,8,7,6,6,8,9,8,3,5,4,9,10,4,6,7,8,12,11,14,20,16,10,6,3,6,9,10,3,11,7,7,5,9,11,9,10,10,6,7,12,18,7,9,5,11,12,11,11,11,10,4,9,8,11,6,10,10,8,14,9,9,11,9,7,12,5,14,11,10,5,9,13,5,7,4,10,5,6,5,8,5,5,13,10,7,4,8,12,11,8,9,10,10,3,12,9,7,6,12,15,8,11,8,5,10,13,6,4,13,4,11,12,12,12,10,6,6,6,10,11,2,4,5,10,8,10,4,8,6,7,7,10,6,14,7,2,8,8,10,10,4,7,10,8,8,9,10,9,9,5,6,10,7,12,10,11,13,7,10,13,9,7,9,16,11,7,12,15,7,9,10,10,4,9,9,9,7,9,6,7,5,17,7,8,15,5,8,2,13,1,6,9,11,11,7,7,12,12,3,10,10,8,3,8,6,5,10,13,12,15,7,5,9,2,10,11,6,12,17,11,8,3,9,12,5,4,8,10,5,7,10,11,11,8,6,7,16,11,13,10,2,11,11,6,9,11,4,6,6,10,8,7,12,13,13,4,12,12,15,6,12,10,5,8,5,7,10,12,8,5,5,5,12,9,2,10,9,9,7,10,11,9,8,3,10,16,10,9,8,3,11,10,9,11,10,8,11,10,13,6,12,9,7,10,4,8,9,3,11,9,8,8,10,5,10,12,10,6,6,10,14,12,11,6,10,7,4,8,6,13,8,8,13,14,10,7,12,1,9,8,12,9,7,15,10,8,8,9,9,9,7,6,8,10,11,7,2,7,5,15,2,7,7,3,14,11,8,10,12,1,8,7,12,9,9,6,14,12,6,12,12,9,9,12,10,11,8,4,4,8,6,6,9,5,14,14,8,5,5,8,6,13,9,10,16,8,4,8,6,12,6,11,11,3,6,8,10,9,10,2,13,5,10,7,10,8,4,8,9,4,9,11,8,5,7,8,8,4,6,10,10,6,5,7,12,5,11,7,9,8,3,4,10,10,11,11,5,18,15,11,12,12,7,10,8,9,10,13,8,6,7,5,6,6,5,11,6,7,4,5,8,10,11,7,7,13,7,9,7,6,5,18,5,4,7,13,7,3,6,5,15,11,12,7,4,9,8,11,5,6,11,9,3,15,5,8,7,6,11,4,5,8,14,8,8,7,6,7,6,7,16,11,11,12,10,10,7,18,10,7,11,13,11,13,8,4,10,12,12,8,8,12,10,11,9,6,7,8,7,13,8,10,6,14,10,7,9,10,1,17,12,10,3,9,14,11,6,13,12,3,5,7,6,10,7,9,2,12,10,8,9,5,12,6,9,8,2,7,12,9,7,4,8,5,10,13,12,13,8,6,4,7,7,10,8,12,6,6,9,8,8,14,8,8,8,7,7,7,9,6,8,6,17,6,6,7,7,4,7,11,7,6,11,11,5,5,8,10,8,9,6,7,7,6,12,5,5,5,4,8,4,9,5,6,9,13,6,17,2,10,10,7,8,7,8,7,9,9,6,3,9,9,16,8,12,7,6,15,8,6,3,8,12,15,11,11,16,6,12,10,11,17,14,9,9,11,10,8,9,8,7,6,17,8,14,8,9,4,13,3,7,12,11,9,4,9,6,12,10,10,11,12,12,11,7,6,8,6,7,6,10,15,12,7,10,5,17,6,6,9,10,11,5,4,12,10,13,6,10,7,7,13,7,7,6,8.549,14.8692013625884,2.22879863741163
9,2,11,8,2,7,4,7,10,12,8,8,6,6,12,13,12,7,10,6,8,6,6,5,9,5,8,6,6,4,10,6,8,12,7,4,16,12,7,9,10,6,11,9,3,8,12,12,7,8,8,6,5,9,9,14,7,16,9,7,7,5,10,14,9,6,4,9,11,6,10,15,11,8,7,9,4,10,11,12,7,11,9,9,4,6,10,5,8,12,10,9,13,13,11,7,6,10,5,7,7,7,6,3,13,6,15,6,14,7,7,14,5,10,8,9,8,9,15,10,12,12,11,16,8,9,8,7,11,10,12,6,9,10,10,10,9,10,6,3,8,7,9,9,10,3,3,10,13,7,12,8,7,8,17,4,11,9,4,11,10,13,9,9,10,5,6,12,13,11,6,10,13,12,8,4,7,9,10,7,8,15,7,15,5,18,13,13,10,8,13,7,11,12,7,9,6,9,2,8,5,10,6,14,8,10,5,7,8,5,7,8,11,5,13,9,8,5,9,12,13,10,8,11,6,10,6,4,10,10,9,7,11,4,10,10,10,4,7,14,10,8,13,9,17,5,9,5,7,9,8,8,13,12,15,18,10,7,0,6,11,8,6,5,4,9,8,4,8,10,12,8,6,7,7,3,6,6,9,7,9,14,8,8,8,7,10,6,3,11,5,5,15,5,8,12,16,2,7,7,4,11,3,7,10,7,2,11,4,7,3,9,12,5,9,5,5,15,8,11,13,11,11,5,13,10,9,8,10,11,11,7,10,6,6,6,9,12,8,11,8,6,5,10,9,12,7,13,3,6,14,3,13,9,14,4,10,8,5,10,9,3,21,5,4,13,10,7,5,18,9,6,11,12,11,11,14,10,10,8,14,10,10,11,8,12,11,9,8,7,5,8,9,7,14,6,5,7,14,5,6,9,11,9,10,10,8,13,8,15,10,9,3,8,8,2,9,4,5,8,12,13,8,9,6,7,14,19,5,11,9,12,10,12,10,14,15,12,14,7,15,9,11,4,12,10,8,7,6,11,15,7,15,12,10,12,7,7,11,7,7,13,19,7,8,9,9,9,12,10,13,9,2,6,4,6,6,6,14,10,15,4,14,5,6,12,7,6,8,12,10,7,20,11,8,8,15,12,12,7,8,6,5,5,7,4,5,7,11,10,13,10,8,11,9,9,8,10,9,7,7,9,5,11,7,11,7,12,15,7,6,10,10,6,4,9,13,11,9,6,12,9,6,7,6,10,7,8,9,7,12,3,5,9,13,12,7,9,6,7,4,9,6,12,10,8,10,8,7,4,5,6,4,13,5,7,8,13,14,8,2,8,8,4,8,10,5,6,12,13,8,7,8,6,4,4,6,11,7,11,10,7,7,10,3,2,5,4,8,8,10,5,7,7,19,10,9,7,9,17,6,8,9,7,8,7,5,5,6,11,9,6,8,9,12,4,16,13,5,9,14,7,8,13,11,7,8,10,7,7,8,9,8,4,7,13,5,8,10,17,5,3,12,7,10,10,7,8,8,9,13,9,8,7,15,6,8,10,4,7,5,11,12,10,3,8,8,6,5,13,8,5,10,10,7,7,13,4,6,10,9,12,11,8,9,19,9,14,7,11,7,5,10,4,5,10,12,10,7,14,10,7,3,8,14,11,8,5,13,8,13,5,7,12,8,11,7,14,9,8,3,12,9,5,9,3,12,10,14,6,10,5,7,9,7,7,9,9,14,14,2,16,9,5,7,10,8,3,9,8,7,5,17,10,6,7,10,6,11,11,5,11,9,13,10,6,12,2,5,16,6,7,11,9,12,7,9,7,8,7,6,7,7,10,8,6,7,11,7,3,12,11,13,9,5,8,16,14,6,8,9,8,17,6,15,4,2,8,9,6,9,7,8,10,10,8,12,8,5,7,6,7,12,7,9,10,9,8,7,9,8,6,6,5,9,10,15,10,9,4,11,4,9,7,10,13,12,13,13,14,5,9,12,9,12,10,2,7,10,11,7,7,9,7,7,8,13,8,11,8,12,7,10,6,8,3,9,5,6,10,12,3,15,9,3,4,10,9,6,5,8,7,7,14,12,9,6,11,9,14,12,9,9,9,6,5,9,7,7,10,3,17,4,13,9,9,13,8,11,10,7,8,5,7,11,6,9,4,11,14,4,4,7,9,8,13,12,16,10,8,18,3,5,5,7,8,13,12,10,8,7,9,7,6,3,4,5,11,7,4,7,7,9,5,9,11,8,13,10,11,9,13,10,3,8,7,13,10,2,15,8.687,15.1018445749309,2.27215542506909
7,10,10,10,6,8,9,4,8,6,7,9,5,5,11,7,11,5,12,9,8,8,5,7,6,8,7,12,19,13,12,4,6,10,6,8,20,15,6,12,7,7,3,10,6,12,12,1,6,9,7,7,9,7,14,9,6,6,13,6,5,13,11,5,10,11,9,7,6,6,11,6,13,6,16,4,5,7,7,7,11,9,8,10,11,4,10,10,5,11,12,21,12,8,16,3,7,10,11,8,12,10,12,6,11,7,8,7,6,4,7,9,6,9,7,7,6,12,8,8,14,9,7,9,6,10,8,5,0,11,8,13,8,8,9,5,10,10,8,10,11,7,7,17,6,12,6,5,10,2,16,11,10,5,15,8,7,5,12,11,8,9,13,15,13,8,5,7,9,5,7,8,10,10,12,8,8,10,8,8,5,8,9,13,5,13,8,14,11,8,14,7,5,2,13,10,6,9,6,11,5,10,10,12,7,9,8,6,11,7,8,9,6,11,12,10,4,15,17,6,12,9,12,10,7,6,11,9,10,7,12,16,7,9,8,10,9,5,5,6,6,12,14,4,6,5,8,7,8,6,16,5,7,9,7,10,20,7,3,15,6,7,9,8,10,7,5,7,8,18,8,9,16,7,9,7,6,7,11,7,19,8,10,6,12,6,14,11,3,17,6,8,8,7,8,9,18,7,7,12,8,14,8,7,5,8,8,3,6,4,3,10,6,5,3,15,5,18,6,8,6,9,11,10,8,10,7,8,6,12,7,6,13,12,13,9,10,14,12,8,14,4,10,3,8,9,10,10,10,6,9,2,11,11,9,7,3,7,7,6,6,13,5,12,16,3,9,15,8,8,10,9,3,5,3,7,10,12,6,9,8,10,14,8,10,4,8,8,7,8,11,11,8,12,8,14,9,12,16,11,9,8,13,10,10,8,10,3,9,13,7,5,11,7,13,9,8,3,5,5,9,6,4,6,12,4,8,17,6,14,12,14,4,11,11,9,11,5,5,5,7,6,11,8,12,13,9,8,13,8,13,8,13,15,15,12,4,8,5,9,10,6,14,9,5,7,10,5,17,10,13,9,7,11,3,7,8,6,16,10,8,8,8,12,7,8,7,10,13,6,14,12,12,9,7,5,8,6,11,8,10,6,8,11,6,9,10,11,12,8,6,5,11,7,7,6,13,7,6,10,11,14,9,14,6,8,2,11,11,11,15,8,10,8,4,8,16,17,12,10,11,7,6,9,7,7,2,12,9,10,9,11,4,3,9,3,4,10,10,5,8,9,13,10,6,8,9,4,11,13,6,6,8,12,9,5,7,10,8,6,5,10,13,9,11,7,9,7,9,14,4,8,11,10,12,7,13,10,9,7,6,6,5,6,6,8,10,15,8,6,9,15,12,5,10,6,7,17,11,10,7,5,6,9,11,5,11,7,12,12,16,8,8,3,7,5,7,5,8,12,11,6,9,2,10,3,10,10,5,10,8,10,5,9,9,11,7,9,9,11,11,5,12,3,6,6,5,6,9,6,9,9,12,12,8,8,9,11,7,13,4,8,11,15,8,6,6,10,11,9,8,9,11,9,15,5,8,14,10,7,6,14,7,7,6,10,6,15,9,6,16,9,8,9,7,8,18,6,7,7,7,5,3,9,8,8,5,5,11,5,8,5,12,7,5,12,10,10,6,7,7,11,7,8,6,5,15,7,14,6,5,9,4,10,12,12,5,5,9,9,4,7,9,9,10,11,10,7,9,11,12,9,16,12,6,13,9,11,11,11,10,8,12,11,10,8,10,8,7,3,12,10,15,12,10,5,6,9,10,11,8,7,12,5,5,5,8,11,7,8,11,8,6,11,4,11,12,4,14,5,3,9,16,4,14,9,6,12,10,12,10,9,5,9,3,10,15,10,8,3,5,8,5,10,14,9,8,11,8,7,10,12,7,8,7,7,13,7,9,9,5,7,8,8,10,10,8,5,4,11,9,16,9,12,8,11,9,5,10,6,5,7,4,9,4,12,10,6,3,9,10,6,9,4,5,2,10,13,5,6,10,10,15,10,10,12,8,8,10,13,6,5,11,8,13,10,9,14,8,8,7,11,14,11,4,8,3,8,7,3,3,14,6,7,4,15,10,13,8,11,7,6,7,15,9,5,5,10,17,10,6,11,6,10,5,9,7,7,6,4,7,10,10,8,12,8,5,6,8,9,6,12,10,5,5,8,10,11,12,9,10,11,6,4,15,10,4,9,8,10,12,12,7,8,7,6,14,8,7,12,8.72,15.068733809271,2.37126619072897
16,5,14,6,11,11,11,4,6,6,6,7,8,13,7,11,13,2,9,6,10,9,3,9,6,9,7,7,12,6,7,12,7,9,7,6,15,17,6,8,14,5,9,8,7,12,18,11,5,8,10,6,8,12,13,6,6,5,3,4,6,8,12,5,13,10,14,6,7,8,12,10,4,10,8,5,8,9,6,6,10,13,13,9,12,9,12,14,7,8,12,11,8,8,10,5,8,11,12,6,11,11,8,15,10,5,13,16,5,10,6,5,5,5,15,8,10,7,14,10,10,10,14,5,9,11,8,11,11,4,4,6,7,11,9,8,10,8,10,5,7,6,6,11,7,8,6,7,15,11,13,6,6,5,10,8,4,10,7,7,7,10,7,9,10,9,11,10,12,5,4,9,4,3,10,6,8,6,9,9,12,9,14,12,6,7,14,13,5,6,13,6,7,9,11,12,6,7,8,8,15,8,8,10,8,0,8,7,9,14,6,6,8,6,13,8,10,10,10,9,9,9,10,8,13,6,13,6,4,6,9,15,7,12,3,3,4,8,10,5,5,11,8,6,9,7,8,13,11,5,8,7,4,10,18,16,13,10,5,16,6,9,11,8,9,7,8,9,10,9,10,9,7,8,10,6,5,5,7,6,10,14,12,3,7,7,12,9,8,10,12,10,12,10,7,11,13,7,4,6,8,7,4,6,9,6,7,4,8,8,7,13,10,9,7,9,5,8,5,8,5,15,9,9,4,6,9,10,8,16,5,9,6,14,8,9,9,8,6,9,9,2,10,11,10,9,11,10,9,10,10,2,6,13,13,10,9,5,11,9,10,14,17,8,11,6,11,9,8,7,5,8,12,8,12,6,5,8,14,5,10,11,6,7,10,7,11,13,11,6,8,5,5,8,8,13,8,7,10,10,12,5,13,8,7,8,9,8,19,13,4,7,5,13,11,7,7,7,8,9,9,2,4,4,6,12,14,14,8,9,12,8,13,11,10,8,8,8,13,5,12,10,20,10,9,13,7,8,15,12,16,9,16,4,9,9,8,13,8,13,10,11,11,8,5,4,13,16,14,4,13,8,4,13,12,4,7,5,7,12,2,2,10,3,8,11,6,20,9,10,10,6,11,12,6,7,8,4,15,9,13,5,10,6,10,7,9,14,12,6,10,9,8,7,8,16,6,10,2,7,14,8,13,12,7,5,7,13,9,10,3,11,11,7,7,10,12,11,12,10,6,12,4,15,10,9,5,16,17,10,14,6,4,5,5,8,7,7,8,9,7,8,4,15,6,5,10,10,13,8,10,11,4,7,8,8,11,8,14,9,5,10,11,2,6,12,7,11,13,15,7,3,7,3,4,5,12,10,10,9,15,8,9,12,5,7,7,5,6,12,4,11,14,5,11,5,7,8,4,9,6,4,9,7,8,5,10,5,10,11,8,9,7,10,10,7,8,6,4,15,10,10,12,4,14,8,10,10,4,8,6,11,7,8,10,8,9,11,9,8,8,11,10,10,7,8,9,10,5,10,4,7,14,17,11,9,7,11,9,5,12,8,12,9,10,6,11,10,8,5,10,9,9,7,6,3,12,7,6,7,5,8,11,5,7,13,12,15,7,7,10,9,2,7,11,9,12,10,9,8,4,5,7,0,10,7,10,8,14,5,11,7,6,7,5,11,6,12,2,14,10,12,8,11,11,7,8,5,11,5,15,4,8,12,6,5,3,4,5,5,5,13,14,9,11,15,10,7,9,5,5,11,12,10,8,11,10,14,7,14,6,10,12,7,5,14,9,8,6,5,8,6,12,10,11,5,10,11,7,11,6,5,10,5,16,9,9,7,8,14,9,8,7,4,2,10,11,19,10,12,11,9,14,6,8,6,5,10,7,10,13,6,6,9,7,8,6,10,8,10,4,9,17,9,13,3,13,5,11,6,18,8,3,5,8,10,8,8,15,6,5,3,7,7,10,10,2,12,8,8,11,11,4,14,8,12,6,11,14,3,8,9,12,11,8,9,10,8,7,11,13,3,9,5,9,6,7,8,9,7,9,4,13,7,9,10,5,5,6,13,4,11,16,7,11,9,6,14,9,12,9,11,10,11,9,9,12,10,8,6,8,13,7,16,9,12,13,17,13,5,11,9,4,11,7,14,7,11,10,14,6,7,10,8,9,12,15,6,9,8,13,10,12,13,8,14,12,9,7,10,9,7,3,9,10,15,10,11,7,1,5,8,12,7,12,10,9,4,10,6,10,9,12,10,11,10,13,7,5,10,8.793,15.1364471546158,2.44955284538419
10,7,6,9,8,6,7,4,7,6,6,10,3,8,7,11,8,5,7,9,8,9,5,9,4,5,8,9,14,9,10,8,7,10,11,14,17,11,5,14,8,10,5,6,2,8,11,16,8,8,8,7,5,7,9,9,10,9,7,9,7,10,12,8,11,7,9,8,11,3,11,8,9,10,13,2,8,9,12,12,6,7,8,10,12,12,6,10,2,6,13,9,14,8,13,9,5,11,7,4,9,10,8,12,12,6,14,15,5,8,3,9,4,4,10,6,8,10,8,8,5,10,7,11,10,12,10,11,9,7,12,10,9,4,9,8,10,11,9,4,11,7,8,4,11,8,6,7,12,10,9,8,7,7,8,10,5,13,12,12,4,13,4,17,5,2,10,7,16,15,12,5,8,8,8,17,7,6,13,7,7,8,4,5,6,6,8,11,14,8,14,5,8,4,11,4,11,12,6,9,5,9,11,17,10,10,9,3,12,16,7,7,14,7,6,9,3,12,9,8,8,7,15,4,5,9,5,7,11,7,6,12,15,12,5,8,17,6,7,10,8,14,6,7,9,8,9,7,7,4,11,14,13,10,18,5,9,7,7,11,12,8,6,9,6,9,7,10,13,19,6,13,9,8,10,15,5,8,11,8,16,9,9,8,7,7,10,12,2,5,4,4,8,11,5,16,11,6,11,15,7,18,10,9,8,15,8,9,8,10,6,7,9,9,11,8,8,18,12,3,8,11,7,7,7,11,9,6,10,9,8,11,7,15,8,6,13,10,7,13,10,3,10,5,4,6,8,9,10,7,11,8,6,9,10,10,9,3,10,13,7,7,7,5,6,5,11,6,8,7,10,13,12,6,5,6,1,10,9,6,10,6,8,14,6,12,19,5,9,9,6,12,6,7,11,6,8,9,14,12,13,11,9,12,3,8,7,2,11,9,6,8,5,9,4,7,9,10,14,8,11,10,11,10,7,14,14,10,4,12,13,10,15,7,8,7,6,8,5,6,3,10,12,8,13,6,6,15,12,10,8,6,6,14,12,3,11,12,7,14,7,2,10,12,4,7,15,10,16,7,11,10,6,9,8,6,6,14,9,13,11,3,10,9,6,11,6,13,9,9,10,9,8,18,9,6,10,6,8,6,7,15,13,9,6,13,11,6,9,9,10,7,16,7,2,16,14,8,6,7,12,15,10,12,8,7,7,12,16,8,13,8,10,2,3,10,7,8,12,5,10,10,5,12,6,8,5,16,8,7,11,11,12,7,7,6,13,9,8,3,9,6,3,7,12,10,8,6,8,10,14,6,6,6,19,5,12,8,10,5,9,9,8,8,12,12,7,11,10,9,8,8,8,2,8,7,5,6,6,12,15,8,11,6,2,8,11,7,8,9,8,13,11,12,22,8,9,10,13,13,6,5,5,7,6,4,9,5,8,17,8,13,7,4,10,5,8,12,11,16,9,13,8,9,12,7,14,9,7,10,10,5,7,13,9,8,10,9,11,7,9,9,4,7,7,7,8,5,7,8,10,12,6,12,11,7,2,8,6,11,10,11,2,10,12,9,8,6,8,10,8,8,14,10,18,7,14,11,7,14,10,10,14,11,4,14,9,6,7,11,11,11,9,9,7,9,14,8,7,11,16,8,16,11,13,6,15,9,10,3,14,6,10,10,4,15,7,6,7,3,9,7,7,5,8,4,12,10,12,12,13,9,8,9,6,6,8,10,13,8,6,7,14,7,3,13,8,13,10,19,9,5,12,7,7,8,8,12,9,12,8,10,12,11,12,7,16,7,5,4,13,13,13,13,7,11,9,6,11,9,8,4,10,7,6,9,6,9,8,12,11,4,14,9,10,14,7,8,14,11,7,6,10,4,10,9,3,11,9,7,11,9,11,14,6,9,12,11,10,7,6,12,8,8,7,8,7,8,8,10,14,8,5,10,10,5,16,6,12,6,11,9,15,1,7,15,9,11,8,8,5,5,5,8,6,8,9,14,13,5,12,5,8,7,7,7,8,6,5,4,14,5,10,7,10,2,10,8,10,11,12,10,12,7,12,7,5,4,7,14,11,10,14,11,12,7,11,15,4,7,9,2,12,6,11,7,14,9,18,7,14,6,8,7,9,16,12,12,12,9,14,11,9,7,10,9,11,12,11,10,2,3,7,13,11,14,10,8,9,6,13,11,12,16,10,11,7,12,5,6,8,9,10,11,15,12,12,5,6,10,3,6,7,6,15,13,5,5,8,11,12,7,8,4,6,9,16,9,7,6,8.937,15.4049765158672,2.46902348413278
